   3   1   1 E -1.8527572278591E+04 DE 2.2E-08(  5)
  0.000000000000E+00  0.746725253414E+01  0.746725253414E+01
  0.746725253414E+01  0.000000000000E+00  0.746725253414E+01
  0.746725253414E+01  0.746725253414E+01  0.000000000000E+00
   48
  0.100000000000E+01 -0.000000000000E+00  0.000000000000E+00
 -0.000000000000E+00  0.100000000000E+01  0.000000000000E+00
 -0.000000000000E+00  0.000000000000E+00  0.100000000000E+01
  0.000000000000E+00  0.000000000000E+00  0.000000000000E+00
 -0.000000000000E+00 -0.100000000000E+01  0.000000000000E+00
  0.100000000000E+01  0.000000000000E+00  0.000000000000E+00
  0.000000000000E+00  0.000000000000E+00  0.100000000000E+01
  0.497816835609E+01  0.248908417805E+01  0.746725253414E+01
  0.000000000000E+00  0.100000000000E+01  0.000000000000E+00
 -0.100000000000E+01 -0.000000000000E+00  0.000000000000E+00
 -0.000000000000E+00 -0.000000000000E+00  0.100000000000E+01
  0.497816835609E+01  0.497816835609E+01  0.000000000000E+00
 -0.100000000000E+01  0.000000000000E+00  0.000000000000E+00
  0.000000000000E+00 -0.100000000000E+01  0.000000000000E+00
  0.000000000000E+00 -0.000000000000E+00  0.100000000000E+01
  0.995633671219E+01  0.746725253414E+01  0.746725253414E+01
  0.100000000000E+01  0.000000000000E+00 -0.000000000000E+00
 -0.000000000000E+00 -0.100000000000E+01 -0.000000000000E+00
 -0.000000000000E+00 -0.000000000000E+00 -0.100000000000E+01
  0.000000000000E+00  0.000000000000E+00  0.000000000000E+00
  0.000000000000E+00 -0.100000000000E+01 -0.000000000000E+00
 -0.100000000000E+01  0.000000000000E+00 -0.000000000000E+00
 -0.000000000000E+00  0.000000000000E+00 -0.100000000000E+01
  0.497816835609E+01  0.497816835609E+01  0.000000000000E+00
 -0.100000000000E+01 -0.000000000000E+00 -0.000000000000E+00
  0.000000000000E+00  0.100000000000E+01 -0.000000000000E+00
  0.000000000000E+00  0.000000000000E+00 -0.100000000000E+01
  0.995633671219E+01  0.746725253414E+01  0.746725253414E+01
 -0.000000000000E+00  0.100000000000E+01 -0.000000000000E+00
  0.100000000000E+01 -0.000000000000E+00 -0.000000000000E+00
  0.000000000000E+00 -0.000000000000E+00 -0.100000000000E+01
  0.497816835609E+01  0.248908417805E+01  0.746725253414E+01
 -0.000000000000E+00  0.000000000000E+00  0.100000000000E+01
  0.100000000000E+01  0.000000000000E+00 -0.000000000000E+00
  0.000000000000E+00  0.100000000000E+01 -0.000000000000E+00
  0.497816835609E+01  0.248908417805E+01  0.746725253414E+01
  0.000000000000E+00  0.100000000000E+01 -0.000000000000E+00
  0.000000000000E+00 -0.000000000000E+00  0.100000000000E+01
  0.100000000000E+01 -0.000000000000E+00  0.000000000000E+00
  0.497816835609E+01  0.746725253414E+01  0.248908417805E+01
  0.000000000000E+00 -0.000000000000E+00  0.100000000000E+01
 -0.100000000000E+01 -0.000000000000E+00 -0.000000000000E+00
 -0.000000000000E+00 -0.100000000000E+01 -0.000000000000E+00
  0.497816835609E+01  0.497816835609E+01  0.000000000000E+00
  0.000000000000E+00 -0.100000000000E+01  0.000000000000E+00
  0.000000000000E+00  0.000000000000E+00 -0.100000000000E+01
  0.100000000000E+01  0.000000000000E+00 -0.000000000000E+00
  0.497816835609E+01  0.746725253414E+01  0.248908417805E+01
 -0.000000000000E+00 -0.000000000000E+00 -0.100000000000E+01
  0.100000000000E+01 -0.000000000000E+00  0.000000000000E+00
  0.000000000000E+00 -0.100000000000E+01  0.000000000000E+00
  0.497816835609E+01  0.248908417805E+01  0.746725253414E+01
 -0.000000000000E+00  0.100000000000E+01  0.000000000000E+00
 -0.000000000000E+00 -0.000000000000E+00 -0.100000000000E+01
 -0.100000000000E+01 -0.000000000000E+00 -0.000000000000E+00
  0.497816835609E+01  0.000000000000E+00  0.497816835609E+01
  0.000000000000E+00  0.000000000000E+00 -0.100000000000E+01
 -0.100000000000E+01  0.000000000000E+00  0.000000000000E+00
 -0.000000000000E+00  0.100000000000E+01  0.000000000000E+00
  0.497816835609E+01  0.497816835609E+01  0.000000000000E+00
 -0.000000000000E+00 -0.100000000000E+01 -0.000000000000E+00
 -0.000000000000E+00  0.000000000000E+00  0.100000000000E+01
 -0.100000000000E+01  0.000000000000E+00  0.000000000000E+00
  0.497816835609E+01  0.000000000000E+00  0.497816835609E+01
  0.000000000000E+00  0.000000000000E+00  0.100000000000E+01
  0.000000000000E+00 -0.100000000000E+01 -0.000000000000E+00
  0.100000000000E+01 -0.000000000000E+00 -0.000000000000E+00
  0.497816835609E+01  0.746725253414E+01  0.248908417805E+01
  0.100000000000E+01 -0.000000000000E+00 -0.000000000000E+00
 -0.000000000000E+00 -0.000000000000E+00  0.100000000000E+01
 -0.000000000000E+00 -0.100000000000E+01  0.000000000000E+00
  0.000000000000E+00  0.000000000000E+00  0.000000000000E+00
  0.100000000000E+01  0.000000000000E+00  0.000000000000E+00
 -0.000000000000E+00  0.000000000000E+00 -0.100000000000E+01
 -0.000000000000E+00  0.100000000000E+01 -0.000000000000E+00
  0.000000000000E+00  0.000000000000E+00  0.000000000000E+00
 -0.100000000000E+01  0.000000000000E+00 -0.000000000000E+00
  0.000000000000E+00  0.000000000000E+00  0.100000000000E+01
  0.000000000000E+00  0.100000000000E+01  0.000000000000E+00
  0.995633671219E+01  0.746725253414E+01  0.746725253414E+01
 -0.000000000000E+00 -0.000000000000E+00  0.100000000000E+01
 -0.000000000000E+00  0.100000000000E+01 -0.000000000000E+00
 -0.100000000000E+01  0.000000000000E+00 -0.000000000000E+00
  0.497816835609E+01  0.000000000000E+00  0.497816835609E+01
  0.000000000000E+00 -0.000000000000E+00 -0.100000000000E+01
  0.000000000000E+00  0.100000000000E+01  0.000000000000E+00
  0.100000000000E+01  0.000000000000E+00  0.000000000000E+00
  0.497816835609E+01  0.746725253414E+01  0.248908417805E+01
 -0.000000000000E+00  0.000000000000E+00 -0.100000000000E+01
 -0.000000000000E+00 -0.100000000000E+01  0.000000000000E+00
 -0.100000000000E+01 -0.000000000000E+00  0.000000000000E+00
  0.497816835609E+01  0.000000000000E+00  0.497816835609E+01
 -0.100000000000E+01 -0.000000000000E+00  0.000000000000E+00
  0.000000000000E+00 -0.000000000000E+00 -0.100000000000E+01
  0.000000000000E+00 -0.100000000000E+01 -0.000000000000E+00
  0.995633671219E+01  0.746725253414E+01  0.746725253414E+01
 -0.100000000000E+01  0.000000000000E+00 -0.000000000000E+00
  0.000000000000E+00 -0.100000000000E+01 -0.000000000000E+00
  0.000000000000E+00 -0.000000000000E+00 -0.100000000000E+01
  0.995633671219E+01  0.746725253414E+01  0.746725253414E+01
  0.000000000000E+00  0.100000000000E+01 -0.000000000000E+00
 -0.100000000000E+01 -0.000000000000E+00 -0.000000000000E+00
 -0.000000000000E+00 -0.000000000000E+00 -0.100000000000E+01
  0.497816835609E+01  0.497816835609E+01  0.000000000000E+00
 -0.000000000000E+00 -0.100000000000E+01 -0.000000000000E+00
  0.100000000000E+01  0.000000000000E+00 -0.000000000000E+00
  0.000000000000E+00  0.000000000000E+00 -0.100000000000E+01
  0.497816835609E+01  0.248908417805E+01  0.746725253414E+01
  0.100000000000E+01 -0.000000000000E+00 -0.000000000000E+00
 -0.000000000000E+00  0.100000000000E+01 -0.000000000000E+00
 -0.000000000000E+00  0.000000000000E+00 -0.100000000000E+01
  0.000000000000E+00  0.000000000000E+00  0.000000000000E+00
 -0.100000000000E+01 -0.000000000000E+00  0.000000000000E+00
  0.000000000000E+00  0.100000000000E+01  0.000000000000E+00
  0.000000000000E+00  0.000000000000E+00  0.100000000000E+01
  0.995633671219E+01  0.746725253414E+01  0.746725253414E+01
 -0.000000000000E+00  0.100000000000E+01  0.000000000000E+00
  0.100000000000E+01 -0.000000000000E+00  0.000000000000E+00
  0.000000000000E+00 -0.000000000000E+00  0.100000000000E+01
  0.497816835609E+01  0.248908417805E+01  0.746725253414E+01
  0.100000000000E+01  0.000000000000E+00  0.000000000000E+00
 -0.000000000000E+00 -0.100000000000E+01  0.000000000000E+00
 -0.000000000000E+00 -0.000000000000E+00  0.100000000000E+01
  0.000000000000E+00  0.000000000000E+00  0.000000000000E+00
  0.000000000000E+00 -0.100000000000E+01  0.000000000000E+00
 -0.100000000000E+01  0.000000000000E+00  0.000000000000E+00
 -0.000000000000E+00  0.000000000000E+00  0.100000000000E+01
  0.497816835609E+01  0.497816835609E+01  0.000000000000E+00
  0.000000000000E+00 -0.000000000000E+00 -0.100000000000E+01
 -0.100000000000E+01 -0.000000000000E+00  0.000000000000E+00
 -0.000000000000E+00 -0.100000000000E+01  0.000000000000E+00
  0.497816835609E+01  0.497816835609E+01  0.000000000000E+00
 -0.000000000000E+00 -0.100000000000E+01  0.000000000000E+00
 -0.000000000000E+00  0.000000000000E+00 -0.100000000000E+01
 -0.100000000000E+01  0.000000000000E+00 -0.000000000000E+00
  0.497816835609E+01  0.000000000000E+00  0.497816835609E+01
 -0.000000000000E+00  0.000000000000E+00 -0.100000000000E+01
  0.100000000000E+01  0.000000000000E+00  0.000000000000E+00
  0.000000000000E+00  0.100000000000E+01  0.000000000000E+00
  0.497816835609E+01  0.248908417805E+01  0.746725253414E+01
 -0.000000000000E+00  0.100000000000E+01 -0.000000000000E+00
 -0.000000000000E+00 -0.000000000000E+00  0.100000000000E+01
 -0.100000000000E+01 -0.000000000000E+00  0.000000000000E+00
  0.497816835609E+01  0.000000000000E+00  0.497816835609E+01
  0.000000000000E+00  0.000000000000E+00  0.100000000000E+01
 -0.100000000000E+01  0.000000000000E+00 -0.000000000000E+00
 -0.000000000000E+00  0.100000000000E+01 -0.000000000000E+00
  0.497816835609E+01  0.497816835609E+01  0.000000000000E+00
  0.000000000000E+00 -0.100000000000E+01 -0.000000000000E+00
  0.000000000000E+00  0.000000000000E+00  0.100000000000E+01
  0.100000000000E+01  0.000000000000E+00  0.000000000000E+00
  0.497816835609E+01  0.746725253414E+01  0.248908417805E+01
 -0.000000000000E+00 -0.000000000000E+00  0.100000000000E+01
  0.100000000000E+01 -0.000000000000E+00 -0.000000000000E+00
  0.000000000000E+00 -0.100000000000E+01 -0.000000000000E+00
  0.497816835609E+01  0.248908417805E+01  0.746725253414E+01
  0.000000000000E+00  0.100000000000E+01  0.000000000000E+00
  0.000000000000E+00 -0.000000000000E+00 -0.100000000000E+01
  0.100000000000E+01 -0.000000000000E+00 -0.000000000000E+00
  0.497816835609E+01  0.746725253414E+01  0.248908417805E+01
 -0.000000000000E+00 -0.000000000000E+00 -0.100000000000E+01
 -0.000000000000E+00  0.100000000000E+01  0.000000000000E+00
 -0.100000000000E+01  0.000000000000E+00  0.000000000000E+00
  0.497816835609E+01  0.000000000000E+00  0.497816835609E+01
 -0.100000000000E+01  0.000000000000E+00  0.000000000000E+00
  0.000000000000E+00  0.000000000000E+00 -0.100000000000E+01
  0.000000000000E+00  0.100000000000E+01 -0.000000000000E+00
  0.995633671219E+01  0.746725253414E+01  0.746725253414E+01
 -0.100000000000E+01 -0.000000000000E+00 -0.000000000000E+00
  0.000000000000E+00 -0.000000000000E+00  0.100000000000E+01
  0.000000000000E+00 -0.100000000000E+01  0.000000000000E+00
  0.995633671219E+01  0.746725253414E+01  0.746725253414E+01
  0.100000000000E+01 -0.000000000000E+00  0.000000000000E+00
 -0.000000000000E+00 -0.000000000000E+00 -0.100000000000E+01
 -0.000000000000E+00 -0.100000000000E+01 -0.000000000000E+00
  0.000000000000E+00  0.000000000000E+00  0.000000000000E+00
  0.000000000000E+00  0.000000000000E+00 -0.100000000000E+01
  0.000000000000E+00 -0.100000000000E+01  0.000000000000E+00
  0.100000000000E+01 -0.000000000000E+00  0.000000000000E+00
  0.497816835609E+01  0.746725253414E+01  0.248908417805E+01
 -0.000000000000E+00  0.000000000000E+00  0.100000000000E+01
 -0.000000000000E+00 -0.100000000000E+01 -0.000000000000E+00
 -0.100000000000E+01 -0.000000000000E+00 -0.000000000000E+00
  0.497816835609E+01  0.000000000000E+00  0.497816835609E+01
  0.000000000000E+00 -0.000000000000E+00  0.100000000000E+01
  0.000000000000E+00  0.100000000000E+01 -0.000000000000E+00
  0.100000000000E+01  0.000000000000E+00 -0.000000000000E+00
  0.497816835609E+01  0.746725253414E+01  0.248908417805E+01
  0.100000000000E+01  0.000000000000E+00 -0.000000000000E+00
 -0.000000000000E+00  0.000000000000E+00  0.100000000000E+01
 -0.000000000000E+00  0.100000000000E+01  0.000000000000E+00
  0.000000000000E+00  0.000000000000E+00  0.000000000000E+00
   54
    3     -0.085588813302      0.000000000000      0.000000000000
    3      2.640692156006      2.337476200089     -0.000000000000
    3     -2.489084178047     -2.403495364745      0.000000000000
    3      2.640692156006      0.000000000000      2.337476200089
    3      4.978168356095      2.337476200089      2.337476200089
   22     -0.080464726288     -2.408619451759      2.408619451759
    3     -2.489084178047      0.000000000000     -2.403495364745
   22     -0.080464726288      2.408619451759     -2.408619451759
   22     -4.897703629806     -2.408619451759     -2.408619451759
   22     -0.080464726288      2.408619451759      2.408619451759
   22      2.569548904336      5.058633082383      2.408619451759
    3     -2.489084178047      0.000000000000      2.403495364745
   22      2.569548904336      2.408619451759      5.058633082383
    3      4.978168356095      5.129776334053      5.129776334053
    3     -0.151607977959      0.000000000000      5.129776334053
    3     -2.489084178047      2.403495364745      0.000000000000
    3     -0.151607977959      5.129776334053      0.000000000000
    3     -4.892579542793     -0.000000000000      0.000000000000
   22     -0.080464726288     -2.408619451759     -2.408619451759
    3      2.640692156006     -0.000000000000     -2.337476200089
    3     -2.489084178047     -5.129776334053     -2.337476200089
    3      2.640692156006     -2.337476200089     -0.000000000000
   22      4.978168356095     -0.000000000000     -0.000000000000
    3     -0.151607977959     -5.129776334053     -0.000000000000
    3     -2.489084178047     -2.337476200089     -5.129776334053
    3     -0.151607977959     -0.000000000000     -5.129776334053
   22     -4.897703629806     -5.058633082383     -5.058633082383
   16      2.386309188304      2.591859167790      2.591859167790
   16      4.978168356095      4.926135907305      2.541116626837
   16      0.052032448790     -0.000000000000      2.541116626837
   16      4.978168356095      2.541116626837      4.926135907305
   16      7.570027523885      4.875393366352      4.875393366352
   16      2.437051729258     -0.000000000000      4.926135907305
   16      0.052032448790      2.541116626837     -0.000000000000
   16      2.437051729258      4.926135907305      0.000000000000
   16     -2.489084178047     -0.000000000000     -0.000000000000
   16      2.386309188304      4.875393366352      4.875393366352
   16      4.978168356095      7.467252534142      5.021916713070
   16      0.102774989743      2.591859167790      4.875393366352
   16      4.978168356095      5.021916713070      7.467252534142
   16      7.423504177167      7.467252534142      7.467252534142
   16      2.437051729258      2.541116626837      7.467252534142
   16      0.102774989743      4.875393366352      2.591859167790
   16      2.437051729258      7.467252534142      2.541116626837
   16     -2.489084178047      2.541116626837      2.541116626837
   16      2.532832535023     -0.000000000000     -0.000000000000
   16      4.978168356095      2.445335821072     -0.000000000000
   16      0.052032448790     -2.541116626837     -0.000000000000
   16      4.978168356095     -0.000000000000      2.445335821072
   16      7.570027523885      2.591859167790      2.591859167790
   16      2.386309188304     -2.591859167790      2.591859167790
   16      0.052032448790     -0.000000000000     -2.541116626837
   16      2.386309188304      2.591859167790     -2.591859167790
   16     -2.489084178047     -2.541116626837     -2.541116626837
  225   48
