   3   1   1 E -1.8527572279915E+04 DE-2.6E-08(  6)
  0.000000000000E+00  0.746729892991E+01  0.746729892991E+01
  0.746729892991E+01  0.000000000000E+00  0.746729892991E+01
  0.746729892991E+01  0.746729892991E+01  0.000000000000E+00
   48
  0.100000000000E+01 -0.000000000000E+00  0.000000000000E+00
 -0.000000000000E+00  0.100000000000E+01  0.000000000000E+00
 -0.000000000000E+00  0.000000000000E+00  0.100000000000E+01
  0.000000000000E+00  0.000000000000E+00  0.000000000000E+00
 -0.000000000000E+00 -0.100000000000E+01  0.000000000000E+00
  0.100000000000E+01  0.000000000000E+00  0.000000000000E+00
  0.000000000000E+00  0.000000000000E+00  0.100000000000E+01
  0.497819928661E+01  0.248909964330E+01  0.746729892991E+01
  0.000000000000E+00  0.100000000000E+01  0.000000000000E+00
 -0.100000000000E+01 -0.000000000000E+00  0.000000000000E+00
 -0.000000000000E+00 -0.000000000000E+00  0.100000000000E+01
  0.497819928661E+01  0.497819928661E+01  0.000000000000E+00
 -0.100000000000E+01  0.000000000000E+00  0.000000000000E+00
  0.000000000000E+00 -0.100000000000E+01  0.000000000000E+00
  0.000000000000E+00 -0.000000000000E+00  0.100000000000E+01
  0.995639857321E+01  0.746729892991E+01  0.746729892991E+01
  0.100000000000E+01  0.000000000000E+00 -0.000000000000E+00
 -0.000000000000E+00 -0.100000000000E+01 -0.000000000000E+00
 -0.000000000000E+00 -0.000000000000E+00 -0.100000000000E+01
  0.000000000000E+00  0.000000000000E+00  0.000000000000E+00
  0.000000000000E+00 -0.100000000000E+01 -0.000000000000E+00
 -0.100000000000E+01  0.000000000000E+00 -0.000000000000E+00
 -0.000000000000E+00  0.000000000000E+00 -0.100000000000E+01
  0.497819928661E+01  0.497819928661E+01  0.000000000000E+00
 -0.100000000000E+01 -0.000000000000E+00 -0.000000000000E+00
  0.000000000000E+00  0.100000000000E+01 -0.000000000000E+00
  0.000000000000E+00  0.000000000000E+00 -0.100000000000E+01
  0.995639857321E+01  0.746729892991E+01  0.746729892991E+01
 -0.000000000000E+00  0.100000000000E+01 -0.000000000000E+00
  0.100000000000E+01 -0.000000000000E+00 -0.000000000000E+00
  0.000000000000E+00 -0.000000000000E+00 -0.100000000000E+01
  0.497819928661E+01  0.248909964330E+01  0.746729892991E+01
 -0.000000000000E+00  0.000000000000E+00  0.100000000000E+01
  0.100000000000E+01  0.000000000000E+00 -0.000000000000E+00
  0.000000000000E+00  0.100000000000E+01 -0.000000000000E+00
  0.497819928661E+01  0.248909964330E+01  0.746729892991E+01
  0.000000000000E+00  0.100000000000E+01 -0.000000000000E+00
  0.000000000000E+00 -0.000000000000E+00  0.100000000000E+01
  0.100000000000E+01 -0.000000000000E+00  0.000000000000E+00
  0.497819928661E+01  0.746729892991E+01  0.248909964330E+01
  0.000000000000E+00 -0.000000000000E+00  0.100000000000E+01
 -0.100000000000E+01 -0.000000000000E+00 -0.000000000000E+00
 -0.000000000000E+00 -0.100000000000E+01 -0.000000000000E+00
  0.497819928661E+01  0.497819928661E+01  0.000000000000E+00
  0.000000000000E+00 -0.100000000000E+01  0.000000000000E+00
  0.000000000000E+00  0.000000000000E+00 -0.100000000000E+01
  0.100000000000E+01  0.000000000000E+00 -0.000000000000E+00
  0.497819928661E+01  0.746729892991E+01  0.248909964330E+01
 -0.000000000000E+00 -0.000000000000E+00 -0.100000000000E+01
  0.100000000000E+01 -0.000000000000E+00  0.000000000000E+00
  0.000000000000E+00 -0.100000000000E+01  0.000000000000E+00
  0.497819928661E+01  0.248909964330E+01  0.746729892991E+01
 -0.000000000000E+00  0.100000000000E+01  0.000000000000E+00
 -0.000000000000E+00 -0.000000000000E+00 -0.100000000000E+01
 -0.100000000000E+01 -0.000000000000E+00 -0.000000000000E+00
  0.497819928661E+01  0.000000000000E+00  0.497819928661E+01
  0.000000000000E+00  0.000000000000E+00 -0.100000000000E+01
 -0.100000000000E+01  0.000000000000E+00  0.000000000000E+00
 -0.000000000000E+00  0.100000000000E+01  0.000000000000E+00
  0.497819928661E+01  0.497819928661E+01  0.000000000000E+00
 -0.000000000000E+00 -0.100000000000E+01 -0.000000000000E+00
 -0.000000000000E+00  0.000000000000E+00  0.100000000000E+01
 -0.100000000000E+01  0.000000000000E+00  0.000000000000E+00
  0.497819928661E+01  0.000000000000E+00  0.497819928661E+01
  0.000000000000E+00  0.000000000000E+00  0.100000000000E+01
  0.000000000000E+00 -0.100000000000E+01 -0.000000000000E+00
  0.100000000000E+01 -0.000000000000E+00 -0.000000000000E+00
  0.497819928661E+01  0.746729892991E+01  0.248909964330E+01
  0.100000000000E+01 -0.000000000000E+00 -0.000000000000E+00
 -0.000000000000E+00 -0.000000000000E+00  0.100000000000E+01
 -0.000000000000E+00 -0.100000000000E+01  0.000000000000E+00
  0.000000000000E+00  0.000000000000E+00  0.000000000000E+00
  0.100000000000E+01  0.000000000000E+00  0.000000000000E+00
 -0.000000000000E+00  0.000000000000E+00 -0.100000000000E+01
 -0.000000000000E+00  0.100000000000E+01 -0.000000000000E+00
  0.000000000000E+00  0.000000000000E+00  0.000000000000E+00
 -0.100000000000E+01  0.000000000000E+00 -0.000000000000E+00
  0.000000000000E+00  0.000000000000E+00  0.100000000000E+01
  0.000000000000E+00  0.100000000000E+01  0.000000000000E+00
  0.995639857321E+01  0.746729892991E+01  0.746729892991E+01
 -0.000000000000E+00 -0.000000000000E+00  0.100000000000E+01
 -0.000000000000E+00  0.100000000000E+01 -0.000000000000E+00
 -0.100000000000E+01  0.000000000000E+00 -0.000000000000E+00
  0.497819928661E+01  0.000000000000E+00  0.497819928661E+01
  0.000000000000E+00 -0.000000000000E+00 -0.100000000000E+01
  0.000000000000E+00  0.100000000000E+01  0.000000000000E+00
  0.100000000000E+01  0.000000000000E+00  0.000000000000E+00
  0.497819928661E+01  0.746729892991E+01  0.248909964330E+01
 -0.000000000000E+00  0.000000000000E+00 -0.100000000000E+01
 -0.000000000000E+00 -0.100000000000E+01  0.000000000000E+00
 -0.100000000000E+01 -0.000000000000E+00  0.000000000000E+00
  0.497819928661E+01  0.000000000000E+00  0.497819928661E+01
 -0.100000000000E+01 -0.000000000000E+00  0.000000000000E+00
  0.000000000000E+00 -0.000000000000E+00 -0.100000000000E+01
  0.000000000000E+00 -0.100000000000E+01 -0.000000000000E+00
  0.995639857321E+01  0.746729892991E+01  0.746729892991E+01
 -0.100000000000E+01  0.000000000000E+00 -0.000000000000E+00
  0.000000000000E+00 -0.100000000000E+01 -0.000000000000E+00
  0.000000000000E+00 -0.000000000000E+00 -0.100000000000E+01
  0.995639857321E+01  0.746729892991E+01  0.746729892991E+01
  0.000000000000E+00  0.100000000000E+01 -0.000000000000E+00
 -0.100000000000E+01 -0.000000000000E+00 -0.000000000000E+00
 -0.000000000000E+00 -0.000000000000E+00 -0.100000000000E+01
  0.497819928661E+01  0.497819928661E+01  0.000000000000E+00
 -0.000000000000E+00 -0.100000000000E+01 -0.000000000000E+00
  0.100000000000E+01  0.000000000000E+00 -0.000000000000E+00
  0.000000000000E+00  0.000000000000E+00 -0.100000000000E+01
  0.497819928661E+01  0.248909964330E+01  0.746729892991E+01
  0.100000000000E+01 -0.000000000000E+00 -0.000000000000E+00
 -0.000000000000E+00  0.100000000000E+01 -0.000000000000E+00
 -0.000000000000E+00  0.000000000000E+00 -0.100000000000E+01
  0.000000000000E+00  0.000000000000E+00  0.000000000000E+00
 -0.100000000000E+01 -0.000000000000E+00  0.000000000000E+00
  0.000000000000E+00  0.100000000000E+01  0.000000000000E+00
  0.000000000000E+00  0.000000000000E+00  0.100000000000E+01
  0.995639857321E+01  0.746729892991E+01  0.746729892991E+01
 -0.000000000000E+00  0.100000000000E+01  0.000000000000E+00
  0.100000000000E+01 -0.000000000000E+00  0.000000000000E+00
  0.000000000000E+00 -0.000000000000E+00  0.100000000000E+01
  0.497819928661E+01  0.248909964330E+01  0.746729892991E+01
  0.100000000000E+01  0.000000000000E+00  0.000000000000E+00
 -0.000000000000E+00 -0.100000000000E+01  0.000000000000E+00
 -0.000000000000E+00 -0.000000000000E+00  0.100000000000E+01
  0.000000000000E+00  0.000000000000E+00  0.000000000000E+00
  0.000000000000E+00 -0.100000000000E+01  0.000000000000E+00
 -0.100000000000E+01  0.000000000000E+00  0.000000000000E+00
 -0.000000000000E+00  0.000000000000E+00  0.100000000000E+01
  0.497819928661E+01  0.497819928661E+01  0.000000000000E+00
  0.000000000000E+00 -0.000000000000E+00 -0.100000000000E+01
 -0.100000000000E+01 -0.000000000000E+00  0.000000000000E+00
 -0.000000000000E+00 -0.100000000000E+01  0.000000000000E+00
  0.497819928661E+01  0.497819928661E+01  0.000000000000E+00
 -0.000000000000E+00 -0.100000000000E+01  0.000000000000E+00
 -0.000000000000E+00  0.000000000000E+00 -0.100000000000E+01
 -0.100000000000E+01  0.000000000000E+00 -0.000000000000E+00
  0.497819928661E+01  0.000000000000E+00  0.497819928661E+01
 -0.000000000000E+00  0.000000000000E+00 -0.100000000000E+01
  0.100000000000E+01  0.000000000000E+00  0.000000000000E+00
  0.000000000000E+00  0.100000000000E+01  0.000000000000E+00
  0.497819928661E+01  0.248909964330E+01  0.746729892991E+01
 -0.000000000000E+00  0.100000000000E+01 -0.000000000000E+00
 -0.000000000000E+00 -0.000000000000E+00  0.100000000000E+01
 -0.100000000000E+01 -0.000000000000E+00  0.000000000000E+00
  0.497819928661E+01  0.000000000000E+00  0.497819928661E+01
  0.000000000000E+00  0.000000000000E+00  0.100000000000E+01
 -0.100000000000E+01  0.000000000000E+00 -0.000000000000E+00
 -0.000000000000E+00  0.100000000000E+01 -0.000000000000E+00
  0.497819928661E+01  0.497819928661E+01  0.000000000000E+00
  0.000000000000E+00 -0.100000000000E+01 -0.000000000000E+00
  0.000000000000E+00  0.000000000000E+00  0.100000000000E+01
  0.100000000000E+01  0.000000000000E+00  0.000000000000E+00
  0.497819928661E+01  0.746729892991E+01  0.248909964330E+01
 -0.000000000000E+00 -0.000000000000E+00  0.100000000000E+01
  0.100000000000E+01 -0.000000000000E+00 -0.000000000000E+00
  0.000000000000E+00 -0.100000000000E+01 -0.000000000000E+00
  0.497819928661E+01  0.248909964330E+01  0.746729892991E+01
  0.000000000000E+00  0.100000000000E+01  0.000000000000E+00
  0.000000000000E+00 -0.000000000000E+00 -0.100000000000E+01
  0.100000000000E+01 -0.000000000000E+00 -0.000000000000E+00
  0.497819928661E+01  0.746729892991E+01  0.248909964330E+01
 -0.000000000000E+00 -0.000000000000E+00 -0.100000000000E+01
 -0.000000000000E+00  0.100000000000E+01  0.000000000000E+00
 -0.100000000000E+01  0.000000000000E+00  0.000000000000E+00
  0.497819928661E+01  0.000000000000E+00  0.497819928661E+01
 -0.100000000000E+01  0.000000000000E+00  0.000000000000E+00
  0.000000000000E+00  0.000000000000E+00 -0.100000000000E+01
  0.000000000000E+00  0.100000000000E+01 -0.000000000000E+00
  0.995639857321E+01  0.746729892991E+01  0.746729892991E+01
 -0.100000000000E+01 -0.000000000000E+00 -0.000000000000E+00
  0.000000000000E+00 -0.000000000000E+00  0.100000000000E+01
  0.000000000000E+00 -0.100000000000E+01  0.000000000000E+00
  0.995639857321E+01  0.746729892991E+01  0.746729892991E+01
  0.100000000000E+01 -0.000000000000E+00  0.000000000000E+00
 -0.000000000000E+00 -0.000000000000E+00 -0.100000000000E+01
 -0.000000000000E+00 -0.100000000000E+01 -0.000000000000E+00
  0.000000000000E+00  0.000000000000E+00  0.000000000000E+00
  0.000000000000E+00  0.000000000000E+00 -0.100000000000E+01
  0.000000000000E+00 -0.100000000000E+01  0.000000000000E+00
  0.100000000000E+01 -0.000000000000E+00  0.000000000000E+00
  0.497819928661E+01  0.746729892991E+01  0.248909964330E+01
 -0.000000000000E+00  0.000000000000E+00  0.100000000000E+01
 -0.000000000000E+00 -0.100000000000E+01 -0.000000000000E+00
 -0.100000000000E+01 -0.000000000000E+00 -0.000000000000E+00
  0.497819928661E+01  0.000000000000E+00  0.497819928661E+01
  0.000000000000E+00 -0.000000000000E+00  0.100000000000E+01
  0.000000000000E+00  0.100000000000E+01 -0.000000000000E+00
  0.100000000000E+01  0.000000000000E+00 -0.000000000000E+00
  0.497819928661E+01  0.746729892991E+01  0.248909964330E+01
  0.100000000000E+01  0.000000000000E+00 -0.000000000000E+00
 -0.000000000000E+00  0.000000000000E+00  0.100000000000E+01
 -0.000000000000E+00  0.100000000000E+01  0.000000000000E+00
  0.000000000000E+00  0.000000000000E+00  0.000000000000E+00
   54
    3     -0.085647425784      0.000000000000      0.000000000000
    3      2.640708196423      2.337491090182     -0.000000000000
    3     -2.489099643303     -2.403452217519      0.000000000000
    3      2.640708196423      0.000000000000      2.337491090182
    3      4.978199286606      2.337491090182      2.337491090182
   22     -0.080468406356     -2.408631236947      2.408631236947
    3     -2.489099643303      0.000000000000     -2.403452217519
   22     -0.080468406356      2.408631236947     -2.408631236947
   22     -4.897730880249     -2.408631236947     -2.408631236947
   22     -0.080468406356      2.408631236947      2.408631236947
   22      2.569568049659      5.058667692962      2.408631236947
    3     -2.489099643303      0.000000000000      2.403452217519
   22      2.569568049659      2.408631236947      5.058667692962
    3      4.978199286606      5.129807839726      5.129807839726
    3     -0.151608553120      0.000000000000      5.129807839726
    3     -2.489099643303      2.403452217519      0.000000000000
    3     -0.151608553120      5.129807839726      0.000000000000
    3     -4.892551860822     -0.000000000000      0.000000000000
   22     -0.080468406356     -2.408631236947     -2.408631236947
    3      2.640708196423     -0.000000000000     -2.337491090182
    3     -2.489099643303     -5.129807839726     -2.337491090182
    3      2.640708196423     -2.337491090182     -0.000000000000
   22      4.978199286606     -0.000000000000     -0.000000000000
    3     -0.151608553120     -5.129807839726     -0.000000000000
    3     -2.489099643303     -2.337491090182     -5.129807839726
    3     -0.151608553120     -0.000000000000     -5.129807839726
   22     -4.897730880249     -5.058667692962     -5.058667692962
   16      2.386293713124      2.591905573482      2.591905573482
   16      4.978199286606      4.926050870570      2.541248059339
   16      0.052148416036     -0.000000000000      2.541248059339
   16      4.978199286606      2.541248059339      4.926050870570
   16      7.570104860088      4.875393356427      4.875393356427
   16      2.436951227267     -0.000000000000      4.926050870570
   16      0.052148416036      2.541248059339     -0.000000000000
   16      2.436951227267      4.926050870570      0.000000000000
   16     -2.489099643303     -0.000000000000     -0.000000000000
   16      2.386293713124      4.875393356427      4.875393356427
   16      4.978199286606      7.467298929909      5.022048638659
   16      0.102805930179      2.591905573482      4.875393356427
   16      4.978199286606      5.022048638659      7.467298929909
   16      7.423449577855      7.467298929909      7.467298929909
   16      2.436951227267      2.541248059339      7.467298929909
   16      0.102805930179      4.875393356427      2.591905573482
   16      2.436951227267      7.467298929909      2.541248059339
   16     -2.489099643303      2.541248059339      2.541248059339
   16      2.532948995356     -0.000000000000     -0.000000000000
   16      4.978199286606      2.445250291250     -0.000000000000
   16      0.052148416036     -2.541248059339     -0.000000000000
   16      4.978199286606     -0.000000000000      2.445250291250
   16      7.570104860088      2.591905573482      2.591905573482
   16      2.386293713124     -2.591905573482      2.591905573482
   16      0.052148416036     -0.000000000000     -2.541248059339
   16      2.386293713124      2.591905573482     -2.591905573482
   16     -2.489099643303     -2.541248059339     -2.541248059339
  225   48
