   3   1   1 E -1.8527572280097E+04 DE-3.8E-08(  3)
  0.000000000000E+00  0.746734181128E+01  0.746734181128E+01
  0.746734181128E+01  0.000000000000E+00  0.746734181128E+01
  0.746734181128E+01  0.746734181128E+01  0.000000000000E+00
   48
  0.100000000000E+01 -0.000000000000E+00  0.000000000000E+00
 -0.000000000000E+00  0.100000000000E+01  0.000000000000E+00
 -0.000000000000E+00  0.000000000000E+00  0.100000000000E+01
  0.000000000000E+00  0.000000000000E+00  0.000000000000E+00
 -0.000000000000E+00 -0.100000000000E+01  0.000000000000E+00
  0.100000000000E+01  0.000000000000E+00  0.000000000000E+00
  0.000000000000E+00  0.000000000000E+00  0.100000000000E+01
  0.497822787419E+01  0.248911393709E+01  0.746734181128E+01
  0.000000000000E+00  0.100000000000E+01  0.000000000000E+00
 -0.100000000000E+01 -0.000000000000E+00  0.000000000000E+00
 -0.000000000000E+00 -0.000000000000E+00  0.100000000000E+01
  0.497822787419E+01  0.497822787419E+01  0.000000000000E+00
 -0.100000000000E+01  0.000000000000E+00  0.000000000000E+00
  0.000000000000E+00 -0.100000000000E+01  0.000000000000E+00
  0.000000000000E+00 -0.000000000000E+00  0.100000000000E+01
  0.995645574838E+01  0.746734181128E+01  0.746734181128E+01
  0.100000000000E+01  0.000000000000E+00 -0.000000000000E+00
 -0.000000000000E+00 -0.100000000000E+01 -0.000000000000E+00
 -0.000000000000E+00 -0.000000000000E+00 -0.100000000000E+01
  0.000000000000E+00  0.000000000000E+00  0.000000000000E+00
  0.000000000000E+00 -0.100000000000E+01 -0.000000000000E+00
 -0.100000000000E+01  0.000000000000E+00 -0.000000000000E+00
 -0.000000000000E+00  0.000000000000E+00 -0.100000000000E+01
  0.497822787419E+01  0.497822787419E+01  0.000000000000E+00
 -0.100000000000E+01 -0.000000000000E+00 -0.000000000000E+00
  0.000000000000E+00  0.100000000000E+01 -0.000000000000E+00
  0.000000000000E+00  0.000000000000E+00 -0.100000000000E+01
  0.995645574838E+01  0.746734181128E+01  0.746734181128E+01
 -0.000000000000E+00  0.100000000000E+01 -0.000000000000E+00
  0.100000000000E+01 -0.000000000000E+00 -0.000000000000E+00
  0.000000000000E+00 -0.000000000000E+00 -0.100000000000E+01
  0.497822787419E+01  0.248911393709E+01  0.746734181128E+01
 -0.000000000000E+00  0.000000000000E+00  0.100000000000E+01
  0.100000000000E+01  0.000000000000E+00 -0.000000000000E+00
  0.000000000000E+00  0.100000000000E+01 -0.000000000000E+00
  0.497822787419E+01  0.248911393709E+01  0.746734181128E+01
  0.000000000000E+00  0.100000000000E+01 -0.000000000000E+00
  0.000000000000E+00 -0.000000000000E+00  0.100000000000E+01
  0.100000000000E+01 -0.000000000000E+00  0.000000000000E+00
  0.497822787419E+01  0.746734181128E+01  0.248911393709E+01
  0.000000000000E+00 -0.000000000000E+00  0.100000000000E+01
 -0.100000000000E+01 -0.000000000000E+00 -0.000000000000E+00
 -0.000000000000E+00 -0.100000000000E+01 -0.000000000000E+00
  0.497822787419E+01  0.497822787419E+01  0.000000000000E+00
  0.000000000000E+00 -0.100000000000E+01  0.000000000000E+00
  0.000000000000E+00  0.000000000000E+00 -0.100000000000E+01
  0.100000000000E+01  0.000000000000E+00 -0.000000000000E+00
  0.497822787419E+01  0.746734181128E+01  0.248911393709E+01
 -0.000000000000E+00 -0.000000000000E+00 -0.100000000000E+01
  0.100000000000E+01 -0.000000000000E+00  0.000000000000E+00
  0.000000000000E+00 -0.100000000000E+01  0.000000000000E+00
  0.497822787419E+01  0.248911393709E+01  0.746734181128E+01
 -0.000000000000E+00  0.100000000000E+01  0.000000000000E+00
 -0.000000000000E+00 -0.000000000000E+00 -0.100000000000E+01
 -0.100000000000E+01 -0.000000000000E+00 -0.000000000000E+00
  0.497822787419E+01  0.000000000000E+00  0.497822787419E+01
  0.000000000000E+00  0.000000000000E+00 -0.100000000000E+01
 -0.100000000000E+01  0.000000000000E+00  0.000000000000E+00
 -0.000000000000E+00  0.100000000000E+01  0.000000000000E+00
  0.497822787419E+01  0.497822787419E+01  0.000000000000E+00
 -0.000000000000E+00 -0.100000000000E+01 -0.000000000000E+00
 -0.000000000000E+00  0.000000000000E+00  0.100000000000E+01
 -0.100000000000E+01  0.000000000000E+00  0.000000000000E+00
  0.497822787419E+01  0.000000000000E+00  0.497822787419E+01
  0.000000000000E+00  0.000000000000E+00  0.100000000000E+01
  0.000000000000E+00 -0.100000000000E+01 -0.000000000000E+00
  0.100000000000E+01 -0.000000000000E+00 -0.000000000000E+00
  0.497822787419E+01  0.746734181128E+01  0.248911393709E+01
  0.100000000000E+01 -0.000000000000E+00 -0.000000000000E+00
 -0.000000000000E+00 -0.000000000000E+00  0.100000000000E+01
 -0.000000000000E+00 -0.100000000000E+01  0.000000000000E+00
  0.000000000000E+00  0.000000000000E+00  0.000000000000E+00
  0.100000000000E+01  0.000000000000E+00  0.000000000000E+00
 -0.000000000000E+00  0.000000000000E+00 -0.100000000000E+01
 -0.000000000000E+00  0.100000000000E+01 -0.000000000000E+00
  0.000000000000E+00  0.000000000000E+00  0.000000000000E+00
 -0.100000000000E+01  0.000000000000E+00 -0.000000000000E+00
  0.000000000000E+00  0.000000000000E+00  0.100000000000E+01
  0.000000000000E+00  0.100000000000E+01  0.000000000000E+00
  0.995645574838E+01  0.746734181128E+01  0.746734181128E+01
 -0.000000000000E+00 -0.000000000000E+00  0.100000000000E+01
 -0.000000000000E+00  0.100000000000E+01 -0.000000000000E+00
 -0.100000000000E+01  0.000000000000E+00 -0.000000000000E+00
  0.497822787419E+01  0.000000000000E+00  0.497822787419E+01
  0.000000000000E+00 -0.000000000000E+00 -0.100000000000E+01
  0.000000000000E+00  0.100000000000E+01  0.000000000000E+00
  0.100000000000E+01  0.000000000000E+00  0.000000000000E+00
  0.497822787419E+01  0.746734181128E+01  0.248911393709E+01
 -0.000000000000E+00  0.000000000000E+00 -0.100000000000E+01
 -0.000000000000E+00 -0.100000000000E+01  0.000000000000E+00
 -0.100000000000E+01 -0.000000000000E+00  0.000000000000E+00
  0.497822787419E+01  0.000000000000E+00  0.497822787419E+01
 -0.100000000000E+01 -0.000000000000E+00  0.000000000000E+00
  0.000000000000E+00 -0.000000000000E+00 -0.100000000000E+01
  0.000000000000E+00 -0.100000000000E+01 -0.000000000000E+00
  0.995645574838E+01  0.746734181128E+01  0.746734181128E+01
 -0.100000000000E+01  0.000000000000E+00 -0.000000000000E+00
  0.000000000000E+00 -0.100000000000E+01 -0.000000000000E+00
  0.000000000000E+00 -0.000000000000E+00 -0.100000000000E+01
  0.995645574838E+01  0.746734181128E+01  0.746734181128E+01
  0.000000000000E+00  0.100000000000E+01 -0.000000000000E+00
 -0.100000000000E+01 -0.000000000000E+00 -0.000000000000E+00
 -0.000000000000E+00 -0.000000000000E+00 -0.100000000000E+01
  0.497822787419E+01  0.497822787419E+01  0.000000000000E+00
 -0.000000000000E+00 -0.100000000000E+01 -0.000000000000E+00
  0.100000000000E+01  0.000000000000E+00 -0.000000000000E+00
  0.000000000000E+00  0.000000000000E+00 -0.100000000000E+01
  0.497822787419E+01  0.248911393709E+01  0.746734181128E+01
  0.100000000000E+01 -0.000000000000E+00 -0.000000000000E+00
 -0.000000000000E+00  0.100000000000E+01 -0.000000000000E+00
 -0.000000000000E+00  0.000000000000E+00 -0.100000000000E+01
  0.000000000000E+00  0.000000000000E+00  0.000000000000E+00
 -0.100000000000E+01 -0.000000000000E+00  0.000000000000E+00
  0.000000000000E+00  0.100000000000E+01  0.000000000000E+00
  0.000000000000E+00  0.000000000000E+00  0.100000000000E+01
  0.995645574838E+01  0.746734181128E+01  0.746734181128E+01
 -0.000000000000E+00  0.100000000000E+01  0.000000000000E+00
  0.100000000000E+01 -0.000000000000E+00  0.000000000000E+00
  0.000000000000E+00 -0.000000000000E+00  0.100000000000E+01
  0.497822787419E+01  0.248911393709E+01  0.746734181128E+01
  0.100000000000E+01  0.000000000000E+00  0.000000000000E+00
 -0.000000000000E+00 -0.100000000000E+01  0.000000000000E+00
 -0.000000000000E+00 -0.000000000000E+00  0.100000000000E+01
  0.000000000000E+00  0.000000000000E+00  0.000000000000E+00
  0.000000000000E+00 -0.100000000000E+01  0.000000000000E+00
 -0.100000000000E+01  0.000000000000E+00  0.000000000000E+00
 -0.000000000000E+00  0.000000000000E+00  0.100000000000E+01
  0.497822787419E+01  0.497822787419E+01  0.000000000000E+00
  0.000000000000E+00 -0.000000000000E+00 -0.100000000000E+01
 -0.100000000000E+01 -0.000000000000E+00  0.000000000000E+00
 -0.000000000000E+00 -0.100000000000E+01  0.000000000000E+00
  0.497822787419E+01  0.497822787419E+01  0.000000000000E+00
 -0.000000000000E+00 -0.100000000000E+01  0.000000000000E+00
 -0.000000000000E+00  0.000000000000E+00 -0.100000000000E+01
 -0.100000000000E+01  0.000000000000E+00 -0.000000000000E+00
  0.497822787419E+01  0.000000000000E+00  0.497822787419E+01
 -0.000000000000E+00  0.000000000000E+00 -0.100000000000E+01
  0.100000000000E+01  0.000000000000E+00  0.000000000000E+00
  0.000000000000E+00  0.100000000000E+01  0.000000000000E+00
  0.497822787419E+01  0.248911393709E+01  0.746734181128E+01
 -0.000000000000E+00  0.100000000000E+01 -0.000000000000E+00
 -0.000000000000E+00 -0.000000000000E+00  0.100000000000E+01
 -0.100000000000E+01 -0.000000000000E+00  0.000000000000E+00
  0.497822787419E+01  0.000000000000E+00  0.497822787419E+01
  0.000000000000E+00  0.000000000000E+00  0.100000000000E+01
 -0.100000000000E+01  0.000000000000E+00 -0.000000000000E+00
 -0.000000000000E+00  0.100000000000E+01 -0.000000000000E+00
  0.497822787419E+01  0.497822787419E+01  0.000000000000E+00
  0.000000000000E+00 -0.100000000000E+01 -0.000000000000E+00
  0.000000000000E+00  0.000000000000E+00  0.100000000000E+01
  0.100000000000E+01  0.000000000000E+00  0.000000000000E+00
  0.497822787419E+01  0.746734181128E+01  0.248911393709E+01
 -0.000000000000E+00 -0.000000000000E+00  0.100000000000E+01
  0.100000000000E+01 -0.000000000000E+00 -0.000000000000E+00
  0.000000000000E+00 -0.100000000000E+01 -0.000000000000E+00
  0.497822787419E+01  0.248911393709E+01  0.746734181128E+01
  0.000000000000E+00  0.100000000000E+01  0.000000000000E+00
  0.000000000000E+00 -0.000000000000E+00 -0.100000000000E+01
  0.100000000000E+01 -0.000000000000E+00 -0.000000000000E+00
  0.497822787419E+01  0.746734181128E+01  0.248911393709E+01
 -0.000000000000E+00 -0.000000000000E+00 -0.100000000000E+01
 -0.000000000000E+00  0.100000000000E+01  0.000000000000E+00
 -0.100000000000E+01  0.000000000000E+00  0.000000000000E+00
  0.497822787419E+01  0.000000000000E+00  0.497822787419E+01
 -0.100000000000E+01  0.000000000000E+00  0.000000000000E+00
  0.000000000000E+00  0.000000000000E+00 -0.100000000000E+01
  0.000000000000E+00  0.100000000000E+01 -0.000000000000E+00
  0.995645574838E+01  0.746734181128E+01  0.746734181128E+01
 -0.100000000000E+01 -0.000000000000E+00 -0.000000000000E+00
  0.000000000000E+00 -0.000000000000E+00  0.100000000000E+01
  0.000000000000E+00 -0.100000000000E+01  0.000000000000E+00
  0.995645574838E+01  0.746734181128E+01  0.746734181128E+01
  0.100000000000E+01 -0.000000000000E+00  0.000000000000E+00
 -0.000000000000E+00 -0.000000000000E+00 -0.100000000000E+01
 -0.000000000000E+00 -0.100000000000E+01 -0.000000000000E+00
  0.000000000000E+00  0.000000000000E+00  0.000000000000E+00
  0.000000000000E+00  0.000000000000E+00 -0.100000000000E+01
  0.000000000000E+00 -0.100000000000E+01  0.000000000000E+00
  0.100000000000E+01 -0.000000000000E+00  0.000000000000E+00
  0.497822787419E+01  0.746734181128E+01  0.248911393709E+01
 -0.000000000000E+00  0.000000000000E+00  0.100000000000E+01
 -0.000000000000E+00 -0.100000000000E+01 -0.000000000000E+00
 -0.100000000000E+01 -0.000000000000E+00 -0.000000000000E+00
  0.497822787419E+01  0.000000000000E+00  0.497822787419E+01
  0.000000000000E+00 -0.000000000000E+00  0.100000000000E+01
  0.000000000000E+00  0.100000000000E+01 -0.000000000000E+00
  0.100000000000E+01  0.000000000000E+00 -0.000000000000E+00
  0.497822787419E+01  0.746734181128E+01  0.248911393709E+01
  0.100000000000E+01  0.000000000000E+00 -0.000000000000E+00
 -0.000000000000E+00  0.000000000000E+00  0.100000000000E+01
 -0.000000000000E+00  0.100000000000E+01  0.000000000000E+00
  0.000000000000E+00  0.000000000000E+00  0.000000000000E+00
   54
    3     -0.085701821568      0.000000000000      0.000000000000
    3      2.640713395090      2.337514479100     -0.000000000000
    3     -2.489113937095     -2.403412115526      0.000000000000
    3      2.640713395090      0.000000000000      2.337514479100
    3      4.978227874189      2.337514479100      2.337514479100
   22     -0.080471070261     -2.408642866833      2.408642866833
    3     -2.489113937095      0.000000000000     -2.403412115526
   22     -0.080471070261      2.408642866833     -2.408642866833
   22     -4.897756803928     -2.408642866833     -2.408642866833
   22     -0.080471070261      2.408642866833      2.408642866833
   22      2.569585007356      5.058698944451      2.408642866833
    3     -2.489113937095      0.000000000000      2.403412115526
   22      2.569585007356      2.408642866833      5.058698944451
    3      4.978227874190      5.129827332184      5.129827332184
    3     -0.151599457995      0.000000000000      5.129827332184
    3     -2.489113937095      2.403412115526      0.000000000000
    3     -0.151599457995      5.129827332184      0.000000000000
    3     -4.892526052621     -0.000000000000      0.000000000000
   22     -0.080471070261     -2.408642866833     -2.408642866833
    3      2.640713395090     -0.000000000000     -2.337514479100
    3     -2.489113937095     -5.129827332184     -2.337514479100
    3      2.640713395090     -2.337514479100     -0.000000000000
   22      4.978227874189     -0.000000000000     -0.000000000000
    3     -0.151599457995     -5.129827332184     -0.000000000000
    3     -2.489113937095     -2.337514479100     -5.129827332184
    3     -0.151599457995     -0.000000000000     -5.129827332184
   22     -4.897756803928     -5.058698944451     -5.058698944451
   16      2.386283913724      2.591943960466      2.591943960466
   16      4.978227874190      4.925969890698      2.541371920586
   16      0.052257983491     -0.000000000000      2.541371920586
   16      4.978227874190      2.541371920586      4.925969890698
   16      7.570171834655      4.875397850818      4.875397850818
   16      2.436855953603     -0.000000000000      4.925969890698
   16      0.052257983491      2.541371920586     -0.000000000000
   16      2.436855953603      4.925969890698      0.000000000000
   16     -2.489113937095     -0.000000000000     -0.000000000000
   16      2.386283913724      4.875397850818      4.875397850818
   16      4.978227874190      7.467341811284      5.022194061550
   16      0.102830023371      2.591943960466      4.875397850818
   16      4.978227874190      5.022194061550      7.467341811284
   16      7.423375623924      7.467341811284      7.467341811284
   16      2.436855953603      2.541371920586      7.467341811284
   16      0.102830023371      4.875397850818      2.591943960466
   16      2.436855953603      7.467341811284      2.541371920586
   16     -2.489113937095      2.541371920586      2.541371920586
   16      2.533080124455     -0.000000000000     -0.000000000000
   16      4.978227874190      2.445147749735     -0.000000000000
   16      0.052257983491     -2.541371920586     -0.000000000000
   16      4.978227874190     -0.000000000000      2.445147749735
   16      7.570171834655      2.591943960466      2.591943960466
   16      2.386283913724     -2.591943960466      2.591943960466
   16      0.052257983491     -0.000000000000     -2.541371920586
   16      2.386283913724      2.591943960466     -2.591943960466
   16     -2.489113937095     -2.541371920586     -2.541371920586
  225   48
