   3   1   1 E -1.8527572279377E+04 DE 7.5E-08(  3)
  0.000000000000E+00  0.746716973630E+01  0.746716973630E+01
  0.746716973630E+01  0.000000000000E+00  0.746716973630E+01
  0.746716973630E+01  0.746716973630E+01  0.000000000000E+00
   48
  0.100000000000E+01 -0.000000000000E+00  0.000000000000E+00
 -0.000000000000E+00  0.100000000000E+01  0.000000000000E+00
 -0.000000000000E+00  0.000000000000E+00  0.100000000000E+01
  0.000000000000E+00  0.000000000000E+00  0.000000000000E+00
 -0.000000000000E+00 -0.100000000000E+01  0.000000000000E+00
  0.100000000000E+01  0.000000000000E+00  0.000000000000E+00
  0.000000000000E+00  0.000000000000E+00  0.100000000000E+01
  0.497811315753E+01  0.248905657877E+01  0.746716973630E+01
  0.000000000000E+00  0.100000000000E+01  0.000000000000E+00
 -0.100000000000E+01 -0.000000000000E+00  0.000000000000E+00
 -0.000000000000E+00 -0.000000000000E+00  0.100000000000E+01
  0.497811315753E+01  0.497811315753E+01  0.000000000000E+00
 -0.100000000000E+01  0.000000000000E+00  0.000000000000E+00
  0.000000000000E+00 -0.100000000000E+01  0.000000000000E+00
  0.000000000000E+00 -0.000000000000E+00  0.100000000000E+01
  0.995622631507E+01  0.746716973630E+01  0.746716973630E+01
  0.100000000000E+01  0.000000000000E+00 -0.000000000000E+00
 -0.000000000000E+00 -0.100000000000E+01 -0.000000000000E+00
 -0.000000000000E+00 -0.000000000000E+00 -0.100000000000E+01
  0.000000000000E+00  0.000000000000E+00  0.000000000000E+00
  0.000000000000E+00 -0.100000000000E+01 -0.000000000000E+00
 -0.100000000000E+01  0.000000000000E+00 -0.000000000000E+00
 -0.000000000000E+00  0.000000000000E+00 -0.100000000000E+01
  0.497811315753E+01  0.497811315753E+01  0.000000000000E+00
 -0.100000000000E+01 -0.000000000000E+00 -0.000000000000E+00
  0.000000000000E+00  0.100000000000E+01 -0.000000000000E+00
  0.000000000000E+00  0.000000000000E+00 -0.100000000000E+01
  0.995622631507E+01  0.746716973630E+01  0.746716973630E+01
 -0.000000000000E+00  0.100000000000E+01 -0.000000000000E+00
  0.100000000000E+01 -0.000000000000E+00 -0.000000000000E+00
  0.000000000000E+00 -0.000000000000E+00 -0.100000000000E+01
  0.497811315753E+01  0.248905657877E+01  0.746716973630E+01
 -0.000000000000E+00  0.000000000000E+00  0.100000000000E+01
  0.100000000000E+01  0.000000000000E+00 -0.000000000000E+00
  0.000000000000E+00  0.100000000000E+01 -0.000000000000E+00
  0.497811315753E+01  0.248905657877E+01  0.746716973630E+01
  0.000000000000E+00  0.100000000000E+01 -0.000000000000E+00
  0.000000000000E+00 -0.000000000000E+00  0.100000000000E+01
  0.100000000000E+01 -0.000000000000E+00  0.000000000000E+00
  0.497811315753E+01  0.746716973630E+01  0.248905657877E+01
  0.000000000000E+00 -0.000000000000E+00  0.100000000000E+01
 -0.100000000000E+01 -0.000000000000E+00 -0.000000000000E+00
 -0.000000000000E+00 -0.100000000000E+01 -0.000000000000E+00
  0.497811315753E+01  0.497811315753E+01  0.000000000000E+00
  0.000000000000E+00 -0.100000000000E+01  0.000000000000E+00
  0.000000000000E+00  0.000000000000E+00 -0.100000000000E+01
  0.100000000000E+01  0.000000000000E+00 -0.000000000000E+00
  0.497811315753E+01  0.746716973630E+01  0.248905657877E+01
 -0.000000000000E+00 -0.000000000000E+00 -0.100000000000E+01
  0.100000000000E+01 -0.000000000000E+00  0.000000000000E+00
  0.000000000000E+00 -0.100000000000E+01  0.000000000000E+00
  0.497811315753E+01  0.248905657877E+01  0.746716973630E+01
 -0.000000000000E+00  0.100000000000E+01  0.000000000000E+00
 -0.000000000000E+00 -0.000000000000E+00 -0.100000000000E+01
 -0.100000000000E+01 -0.000000000000E+00 -0.000000000000E+00
  0.497811315753E+01  0.000000000000E+00  0.497811315753E+01
  0.000000000000E+00  0.000000000000E+00 -0.100000000000E+01
 -0.100000000000E+01  0.000000000000E+00  0.000000000000E+00
 -0.000000000000E+00  0.100000000000E+01  0.000000000000E+00
  0.497811315753E+01  0.497811315753E+01  0.000000000000E+00
 -0.000000000000E+00 -0.100000000000E+01 -0.000000000000E+00
 -0.000000000000E+00  0.000000000000E+00  0.100000000000E+01
 -0.100000000000E+01  0.000000000000E+00  0.000000000000E+00
  0.497811315753E+01  0.000000000000E+00  0.497811315753E+01
  0.000000000000E+00  0.000000000000E+00  0.100000000000E+01
  0.000000000000E+00 -0.100000000000E+01 -0.000000000000E+00
  0.100000000000E+01 -0.000000000000E+00 -0.000000000000E+00
  0.497811315753E+01  0.746716973630E+01  0.248905657877E+01
  0.100000000000E+01 -0.000000000000E+00 -0.000000000000E+00
 -0.000000000000E+00 -0.000000000000E+00  0.100000000000E+01
 -0.000000000000E+00 -0.100000000000E+01  0.000000000000E+00
  0.000000000000E+00  0.000000000000E+00  0.000000000000E+00
  0.100000000000E+01  0.000000000000E+00  0.000000000000E+00
 -0.000000000000E+00  0.000000000000E+00 -0.100000000000E+01
 -0.000000000000E+00  0.100000000000E+01 -0.000000000000E+00
  0.000000000000E+00  0.000000000000E+00  0.000000000000E+00
 -0.100000000000E+01  0.000000000000E+00 -0.000000000000E+00
  0.000000000000E+00  0.000000000000E+00  0.100000000000E+01
  0.000000000000E+00  0.100000000000E+01  0.000000000000E+00
  0.995622631507E+01  0.746716973630E+01  0.746716973630E+01
 -0.000000000000E+00 -0.000000000000E+00  0.100000000000E+01
 -0.000000000000E+00  0.100000000000E+01 -0.000000000000E+00
 -0.100000000000E+01  0.000000000000E+00 -0.000000000000E+00
  0.497811315753E+01  0.000000000000E+00  0.497811315753E+01
  0.000000000000E+00 -0.000000000000E+00 -0.100000000000E+01
  0.000000000000E+00  0.100000000000E+01  0.000000000000E+00
  0.100000000000E+01  0.000000000000E+00  0.000000000000E+00
  0.497811315753E+01  0.746716973630E+01  0.248905657877E+01
 -0.000000000000E+00  0.000000000000E+00 -0.100000000000E+01
 -0.000000000000E+00 -0.100000000000E+01  0.000000000000E+00
 -0.100000000000E+01 -0.000000000000E+00  0.000000000000E+00
  0.497811315753E+01  0.000000000000E+00  0.497811315753E+01
 -0.100000000000E+01 -0.000000000000E+00  0.000000000000E+00
  0.000000000000E+00 -0.000000000000E+00 -0.100000000000E+01
  0.000000000000E+00 -0.100000000000E+01 -0.000000000000E+00
  0.995622631507E+01  0.746716973630E+01  0.746716973630E+01
 -0.100000000000E+01  0.000000000000E+00 -0.000000000000E+00
  0.000000000000E+00 -0.100000000000E+01 -0.000000000000E+00
  0.000000000000E+00 -0.000000000000E+00 -0.100000000000E+01
  0.995622631507E+01  0.746716973630E+01  0.746716973630E+01
  0.000000000000E+00  0.100000000000E+01 -0.000000000000E+00
 -0.100000000000E+01 -0.000000000000E+00 -0.000000000000E+00
 -0.000000000000E+00 -0.000000000000E+00 -0.100000000000E+01
  0.497811315753E+01  0.497811315753E+01  0.000000000000E+00
 -0.000000000000E+00 -0.100000000000E+01 -0.000000000000E+00
  0.100000000000E+01  0.000000000000E+00 -0.000000000000E+00
  0.000000000000E+00  0.000000000000E+00 -0.100000000000E+01
  0.497811315753E+01  0.248905657877E+01  0.746716973630E+01
  0.100000000000E+01 -0.000000000000E+00 -0.000000000000E+00
 -0.000000000000E+00  0.100000000000E+01 -0.000000000000E+00
 -0.000000000000E+00  0.000000000000E+00 -0.100000000000E+01
  0.000000000000E+00  0.000000000000E+00  0.000000000000E+00
 -0.100000000000E+01 -0.000000000000E+00  0.000000000000E+00
  0.000000000000E+00  0.100000000000E+01  0.000000000000E+00
  0.000000000000E+00  0.000000000000E+00  0.100000000000E+01
  0.995622631507E+01  0.746716973630E+01  0.746716973630E+01
 -0.000000000000E+00  0.100000000000E+01  0.000000000000E+00
  0.100000000000E+01 -0.000000000000E+00  0.000000000000E+00
  0.000000000000E+00 -0.000000000000E+00  0.100000000000E+01
  0.497811315753E+01  0.248905657877E+01  0.746716973630E+01
  0.100000000000E+01  0.000000000000E+00  0.000000000000E+00
 -0.000000000000E+00 -0.100000000000E+01  0.000000000000E+00
 -0.000000000000E+00 -0.000000000000E+00  0.100000000000E+01
  0.000000000000E+00  0.000000000000E+00  0.000000000000E+00
  0.000000000000E+00 -0.100000000000E+01  0.000000000000E+00
 -0.100000000000E+01  0.000000000000E+00  0.000000000000E+00
 -0.000000000000E+00  0.000000000000E+00  0.100000000000E+01
  0.497811315753E+01  0.497811315753E+01  0.000000000000E+00
  0.000000000000E+00 -0.000000000000E+00 -0.100000000000E+01
 -0.100000000000E+01 -0.000000000000E+00  0.000000000000E+00
 -0.000000000000E+00 -0.100000000000E+01  0.000000000000E+00
  0.497811315753E+01  0.497811315753E+01  0.000000000000E+00
 -0.000000000000E+00 -0.100000000000E+01  0.000000000000E+00
 -0.000000000000E+00  0.000000000000E+00 -0.100000000000E+01
 -0.100000000000E+01  0.000000000000E+00 -0.000000000000E+00
  0.497811315753E+01  0.000000000000E+00  0.497811315753E+01
 -0.000000000000E+00  0.000000000000E+00 -0.100000000000E+01
  0.100000000000E+01  0.000000000000E+00  0.000000000000E+00
  0.000000000000E+00  0.100000000000E+01  0.000000000000E+00
  0.497811315753E+01  0.248905657877E+01  0.746716973630E+01
 -0.000000000000E+00  0.100000000000E+01 -0.000000000000E+00
 -0.000000000000E+00 -0.000000000000E+00  0.100000000000E+01
 -0.100000000000E+01 -0.000000000000E+00  0.000000000000E+00
  0.497811315753E+01  0.000000000000E+00  0.497811315753E+01
  0.000000000000E+00  0.000000000000E+00  0.100000000000E+01
 -0.100000000000E+01  0.000000000000E+00 -0.000000000000E+00
 -0.000000000000E+00  0.100000000000E+01 -0.000000000000E+00
  0.497811315753E+01  0.497811315753E+01  0.000000000000E+00
  0.000000000000E+00 -0.100000000000E+01 -0.000000000000E+00
  0.000000000000E+00  0.000000000000E+00  0.100000000000E+01
  0.100000000000E+01  0.000000000000E+00  0.000000000000E+00
  0.497811315753E+01  0.746716973630E+01  0.248905657877E+01
 -0.000000000000E+00 -0.000000000000E+00  0.100000000000E+01
  0.100000000000E+01 -0.000000000000E+00 -0.000000000000E+00
  0.000000000000E+00 -0.100000000000E+01 -0.000000000000E+00
  0.497811315753E+01  0.248905657877E+01  0.746716973630E+01
  0.000000000000E+00  0.100000000000E+01  0.000000000000E+00
  0.000000000000E+00 -0.000000000000E+00 -0.100000000000E+01
  0.100000000000E+01 -0.000000000000E+00 -0.000000000000E+00
  0.497811315753E+01  0.746716973630E+01  0.248905657877E+01
 -0.000000000000E+00 -0.000000000000E+00 -0.100000000000E+01
 -0.000000000000E+00  0.100000000000E+01  0.000000000000E+00
 -0.100000000000E+01  0.000000000000E+00  0.000000000000E+00
  0.497811315753E+01  0.000000000000E+00  0.497811315753E+01
 -0.100000000000E+01  0.000000000000E+00  0.000000000000E+00
  0.000000000000E+00  0.000000000000E+00 -0.100000000000E+01
  0.000000000000E+00  0.100000000000E+01 -0.000000000000E+00
  0.995622631507E+01  0.746716973630E+01  0.746716973630E+01
 -0.100000000000E+01 -0.000000000000E+00 -0.000000000000E+00
  0.000000000000E+00 -0.000000000000E+00  0.100000000000E+01
  0.000000000000E+00 -0.100000000000E+01  0.000000000000E+00
  0.995622631507E+01  0.746716973630E+01  0.746716973630E+01
  0.100000000000E+01 -0.000000000000E+00  0.000000000000E+00
 -0.000000000000E+00 -0.000000000000E+00 -0.100000000000E+01
 -0.000000000000E+00 -0.100000000000E+01 -0.000000000000E+00
  0.000000000000E+00  0.000000000000E+00  0.000000000000E+00
  0.000000000000E+00  0.000000000000E+00 -0.100000000000E+01
  0.000000000000E+00 -0.100000000000E+01  0.000000000000E+00
  0.100000000000E+01 -0.000000000000E+00  0.000000000000E+00
  0.497811315753E+01  0.746716973630E+01  0.248905657877E+01
 -0.000000000000E+00  0.000000000000E+00  0.100000000000E+01
 -0.000000000000E+00 -0.100000000000E+01 -0.000000000000E+00
 -0.100000000000E+01 -0.000000000000E+00 -0.000000000000E+00
  0.497811315753E+01  0.000000000000E+00  0.497811315753E+01
  0.000000000000E+00 -0.000000000000E+00  0.100000000000E+01
  0.000000000000E+00  0.100000000000E+01 -0.000000000000E+00
  0.100000000000E+01  0.000000000000E+00 -0.000000000000E+00
  0.497811315753E+01  0.746716973630E+01  0.248905657877E+01
  0.100000000000E+01  0.000000000000E+00 -0.000000000000E+00
 -0.000000000000E+00  0.000000000000E+00  0.100000000000E+01
 -0.000000000000E+00  0.100000000000E+01  0.000000000000E+00
  0.000000000000E+00  0.000000000000E+00  0.000000000000E+00
   54
    3     -0.085504208930      0.000000000000      0.000000000000
    3      2.640663868017      2.337449289517     -0.000000000000
    3     -2.489056578767     -2.403552369837      0.000000000000
    3      2.640663868017      0.000000000000      2.337449289517
    3      4.978113157534      2.337449289517      2.337449289517
   22     -0.080468834339     -2.408587744428      2.408587744428
    3     -2.489056578767      0.000000000000     -2.403552369837
   22     -0.080468834339      2.408587744428     -2.408587744428
   22     -4.897644323195     -2.408587744428     -2.408587744428
   22     -0.080468834339      2.408587744428      2.408587744428
   22      2.569525413106      5.058581991873      2.408587744428
    3     -2.489056578767      0.000000000000      2.403552369837
   22      2.569525413106      2.408587744428      5.058581991873
    3      4.978113157534      5.129720446784      5.129720446784
    3     -0.151607289250      0.000000000000      5.129720446784
    3     -2.489056578767      2.403552369837      0.000000000000
    3     -0.151607289250      5.129720446784      0.000000000000
    3     -4.892608948604     -0.000000000000      0.000000000000
   22     -0.080468834339     -2.408587744428     -2.408587744428
    3      2.640663868017     -0.000000000000     -2.337449289517
    3     -2.489056578767     -5.129720446784     -2.337449289517
    3      2.640663868017     -2.337449289517     -0.000000000000
   22      4.978113157534     -0.000000000000     -0.000000000000
    3     -0.151607289250     -5.129720446784     -0.000000000000
    3     -2.489056578767     -2.337449289517     -5.129720446784
    3     -0.151607289250     -0.000000000000     -5.129720446784
   22     -4.897644323195     -5.058581991873     -5.058581991873
   16      2.386324105322      2.591789052212      2.591789052212
   16      4.978113157534      4.926255018729      2.540914717572
   16      0.051858138805     -0.000000000000      2.540914717572
   16      4.978113157534      2.540914717572      4.926255018729
   16      7.569902209746      4.875380684089      4.875380684089
   16      2.437198439962     -0.000000000000      4.926255018729
   16      0.051858138805      2.540914717572     -0.000000000000
   16      2.437198439962      4.926255018729      0.000000000000
   16     -2.489056578767     -0.000000000000     -0.000000000000
   16      2.386324105322      4.875380684089      4.875380684089
   16      4.978113157534      7.467169736301      5.021726007540
   16      0.102732473445      2.591789052212      4.875380684089
   16      4.978113157534      5.021726007540      7.467169736301
   16      7.423556886295      7.467169736301      7.467169736301
   16      2.437198439962      2.540914717572      7.467169736301
   16      0.102732473445      4.875380684089      2.591789052212
   16      2.437198439962      7.467169736301      2.540914717572
   16     -2.489056578767      2.540914717572      2.540914717572
   16      2.532669428773     -0.000000000000     -0.000000000000
   16      4.978113157534      2.445443728761     -0.000000000000
   16      0.051858138805     -2.540914717572     -0.000000000000
   16      4.978113157534     -0.000000000000      2.445443728761
   16      7.569902209746      2.591789052212      2.591789052212
   16      2.386324105322     -2.591789052212      2.591789052212
   16      0.051858138805     -0.000000000000     -2.540914717572
   16      2.386324105322      2.591789052212     -2.591789052212
   16     -2.489056578767     -2.540914717572     -2.540914717572
  225   48
