   3   1   1 E -1.8527572216223E+04 DE-6.4E-09(  9)
  0.000000000000E+00  0.746750693781E+01  0.746750693781E+01
  0.746750693781E+01  0.000000000000E+00  0.746750693781E+01
  0.746750693781E+01  0.746750693781E+01  0.000000000000E+00
   48
  0.100000000000E+01 -0.000000000000E+00  0.000000000000E+00
 -0.000000000000E+00  0.100000000000E+01  0.000000000000E+00
 -0.000000000000E+00  0.000000000000E+00  0.100000000000E+01
  0.000000000000E+00  0.000000000000E+00  0.000000000000E+00
 -0.000000000000E+00 -0.100000000000E+01  0.000000000000E+00
  0.100000000000E+01  0.000000000000E+00  0.000000000000E+00
  0.000000000000E+00  0.000000000000E+00  0.100000000000E+01
  0.497833795854E+01  0.248916897927E+01  0.746750693781E+01
  0.000000000000E+00  0.100000000000E+01  0.000000000000E+00
 -0.100000000000E+01 -0.000000000000E+00  0.000000000000E+00
 -0.000000000000E+00 -0.000000000000E+00  0.100000000000E+01
  0.497833795854E+01  0.497833795854E+01  0.000000000000E+00
 -0.100000000000E+01  0.000000000000E+00  0.000000000000E+00
  0.000000000000E+00 -0.100000000000E+01  0.000000000000E+00
  0.000000000000E+00 -0.000000000000E+00  0.100000000000E+01
  0.995667591709E+01  0.746750693781E+01  0.746750693781E+01
  0.100000000000E+01  0.000000000000E+00 -0.000000000000E+00
 -0.000000000000E+00 -0.100000000000E+01 -0.000000000000E+00
 -0.000000000000E+00 -0.000000000000E+00 -0.100000000000E+01
  0.000000000000E+00  0.000000000000E+00  0.000000000000E+00
  0.000000000000E+00 -0.100000000000E+01 -0.000000000000E+00
 -0.100000000000E+01  0.000000000000E+00 -0.000000000000E+00
 -0.000000000000E+00  0.000000000000E+00 -0.100000000000E+01
  0.497833795854E+01  0.497833795854E+01  0.000000000000E+00
 -0.100000000000E+01 -0.000000000000E+00 -0.000000000000E+00
  0.000000000000E+00  0.100000000000E+01 -0.000000000000E+00
  0.000000000000E+00  0.000000000000E+00 -0.100000000000E+01
  0.995667591709E+01  0.746750693781E+01  0.746750693781E+01
 -0.000000000000E+00  0.100000000000E+01 -0.000000000000E+00
  0.100000000000E+01 -0.000000000000E+00 -0.000000000000E+00
  0.000000000000E+00 -0.000000000000E+00 -0.100000000000E+01
  0.497833795854E+01  0.248916897927E+01  0.746750693781E+01
 -0.000000000000E+00  0.000000000000E+00  0.100000000000E+01
  0.100000000000E+01  0.000000000000E+00 -0.000000000000E+00
  0.000000000000E+00  0.100000000000E+01 -0.000000000000E+00
  0.497833795854E+01  0.248916897927E+01  0.746750693781E+01
  0.000000000000E+00  0.100000000000E+01 -0.000000000000E+00
  0.000000000000E+00 -0.000000000000E+00  0.100000000000E+01
  0.100000000000E+01 -0.000000000000E+00  0.000000000000E+00
  0.497833795854E+01  0.746750693781E+01  0.248916897927E+01
  0.000000000000E+00 -0.000000000000E+00  0.100000000000E+01
 -0.100000000000E+01 -0.000000000000E+00 -0.000000000000E+00
 -0.000000000000E+00 -0.100000000000E+01 -0.000000000000E+00
  0.497833795854E+01  0.497833795854E+01  0.000000000000E+00
  0.000000000000E+00 -0.100000000000E+01  0.000000000000E+00
  0.000000000000E+00  0.000000000000E+00 -0.100000000000E+01
  0.100000000000E+01  0.000000000000E+00 -0.000000000000E+00
  0.497833795854E+01  0.746750693781E+01  0.248916897927E+01
 -0.000000000000E+00 -0.000000000000E+00 -0.100000000000E+01
  0.100000000000E+01 -0.000000000000E+00  0.000000000000E+00
  0.000000000000E+00 -0.100000000000E+01  0.000000000000E+00
  0.497833795854E+01  0.248916897927E+01  0.746750693781E+01
 -0.000000000000E+00  0.100000000000E+01  0.000000000000E+00
 -0.000000000000E+00 -0.000000000000E+00 -0.100000000000E+01
 -0.100000000000E+01 -0.000000000000E+00 -0.000000000000E+00
  0.497833795854E+01  0.000000000000E+00  0.497833795854E+01
  0.000000000000E+00  0.000000000000E+00 -0.100000000000E+01
 -0.100000000000E+01  0.000000000000E+00  0.000000000000E+00
 -0.000000000000E+00  0.100000000000E+01  0.000000000000E+00
  0.497833795854E+01  0.497833795854E+01  0.000000000000E+00
 -0.000000000000E+00 -0.100000000000E+01 -0.000000000000E+00
 -0.000000000000E+00  0.000000000000E+00  0.100000000000E+01
 -0.100000000000E+01  0.000000000000E+00  0.000000000000E+00
  0.497833795854E+01  0.000000000000E+00  0.497833795854E+01
  0.000000000000E+00  0.000000000000E+00  0.100000000000E+01
  0.000000000000E+00 -0.100000000000E+01 -0.000000000000E+00
  0.100000000000E+01 -0.000000000000E+00 -0.000000000000E+00
  0.497833795854E+01  0.746750693781E+01  0.248916897927E+01
  0.100000000000E+01 -0.000000000000E+00 -0.000000000000E+00
 -0.000000000000E+00 -0.000000000000E+00  0.100000000000E+01
 -0.000000000000E+00 -0.100000000000E+01  0.000000000000E+00
  0.000000000000E+00  0.000000000000E+00  0.000000000000E+00
  0.100000000000E+01  0.000000000000E+00  0.000000000000E+00
 -0.000000000000E+00  0.000000000000E+00 -0.100000000000E+01
 -0.000000000000E+00  0.100000000000E+01 -0.000000000000E+00
  0.000000000000E+00  0.000000000000E+00  0.000000000000E+00
 -0.100000000000E+01  0.000000000000E+00 -0.000000000000E+00
  0.000000000000E+00  0.000000000000E+00  0.100000000000E+01
  0.000000000000E+00  0.100000000000E+01  0.000000000000E+00
  0.995667591709E+01  0.746750693781E+01  0.746750693781E+01
 -0.000000000000E+00 -0.000000000000E+00  0.100000000000E+01
 -0.000000000000E+00  0.100000000000E+01 -0.000000000000E+00
 -0.100000000000E+01  0.000000000000E+00 -0.000000000000E+00
  0.497833795854E+01  0.000000000000E+00  0.497833795854E+01
  0.000000000000E+00 -0.000000000000E+00 -0.100000000000E+01
  0.000000000000E+00  0.100000000000E+01  0.000000000000E+00
  0.100000000000E+01  0.000000000000E+00  0.000000000000E+00
  0.497833795854E+01  0.746750693781E+01  0.248916897927E+01
 -0.000000000000E+00  0.000000000000E+00 -0.100000000000E+01
 -0.000000000000E+00 -0.100000000000E+01  0.000000000000E+00
 -0.100000000000E+01 -0.000000000000E+00  0.000000000000E+00
  0.497833795854E+01  0.000000000000E+00  0.497833795854E+01
 -0.100000000000E+01 -0.000000000000E+00  0.000000000000E+00
  0.000000000000E+00 -0.000000000000E+00 -0.100000000000E+01
  0.000000000000E+00 -0.100000000000E+01 -0.000000000000E+00
  0.995667591709E+01  0.746750693781E+01  0.746750693781E+01
 -0.100000000000E+01  0.000000000000E+00 -0.000000000000E+00
  0.000000000000E+00 -0.100000000000E+01 -0.000000000000E+00
  0.000000000000E+00 -0.000000000000E+00 -0.100000000000E+01
  0.995667591709E+01  0.746750693781E+01  0.746750693781E+01
  0.000000000000E+00  0.100000000000E+01 -0.000000000000E+00
 -0.100000000000E+01 -0.000000000000E+00 -0.000000000000E+00
 -0.000000000000E+00 -0.000000000000E+00 -0.100000000000E+01
  0.497833795854E+01  0.497833795854E+01  0.000000000000E+00
 -0.000000000000E+00 -0.100000000000E+01 -0.000000000000E+00
  0.100000000000E+01  0.000000000000E+00 -0.000000000000E+00
  0.000000000000E+00  0.000000000000E+00 -0.100000000000E+01
  0.497833795854E+01  0.248916897927E+01  0.746750693781E+01
  0.100000000000E+01 -0.000000000000E+00 -0.000000000000E+00
 -0.000000000000E+00  0.100000000000E+01 -0.000000000000E+00
 -0.000000000000E+00  0.000000000000E+00 -0.100000000000E+01
  0.000000000000E+00  0.000000000000E+00  0.000000000000E+00
 -0.100000000000E+01 -0.000000000000E+00  0.000000000000E+00
  0.000000000000E+00  0.100000000000E+01  0.000000000000E+00
  0.000000000000E+00  0.000000000000E+00  0.100000000000E+01
  0.995667591709E+01  0.746750693781E+01  0.746750693781E+01
 -0.000000000000E+00  0.100000000000E+01  0.000000000000E+00
  0.100000000000E+01 -0.000000000000E+00  0.000000000000E+00
  0.000000000000E+00 -0.000000000000E+00  0.100000000000E+01
  0.497833795854E+01  0.248916897927E+01  0.746750693781E+01
  0.100000000000E+01  0.000000000000E+00  0.000000000000E+00
 -0.000000000000E+00 -0.100000000000E+01  0.000000000000E+00
 -0.000000000000E+00 -0.000000000000E+00  0.100000000000E+01
  0.000000000000E+00  0.000000000000E+00  0.000000000000E+00
  0.000000000000E+00 -0.100000000000E+01  0.000000000000E+00
 -0.100000000000E+01  0.000000000000E+00  0.000000000000E+00
 -0.000000000000E+00  0.000000000000E+00  0.100000000000E+01
  0.497833795854E+01  0.497833795854E+01  0.000000000000E+00
  0.000000000000E+00 -0.000000000000E+00 -0.100000000000E+01
 -0.100000000000E+01 -0.000000000000E+00  0.000000000000E+00
 -0.000000000000E+00 -0.100000000000E+01  0.000000000000E+00
  0.497833795854E+01  0.497833795854E+01  0.000000000000E+00
 -0.000000000000E+00 -0.100000000000E+01  0.000000000000E+00
 -0.000000000000E+00  0.000000000000E+00 -0.100000000000E+01
 -0.100000000000E+01  0.000000000000E+00 -0.000000000000E+00
  0.497833795854E+01  0.000000000000E+00  0.497833795854E+01
 -0.000000000000E+00  0.000000000000E+00 -0.100000000000E+01
  0.100000000000E+01  0.000000000000E+00  0.000000000000E+00
  0.000000000000E+00  0.100000000000E+01  0.000000000000E+00
  0.497833795854E+01  0.248916897927E+01  0.746750693781E+01
 -0.000000000000E+00  0.100000000000E+01 -0.000000000000E+00
 -0.000000000000E+00 -0.000000000000E+00  0.100000000000E+01
 -0.100000000000E+01 -0.000000000000E+00  0.000000000000E+00
  0.497833795854E+01  0.000000000000E+00  0.497833795854E+01
  0.000000000000E+00  0.000000000000E+00  0.100000000000E+01
 -0.100000000000E+01  0.000000000000E+00 -0.000000000000E+00
 -0.000000000000E+00  0.100000000000E+01 -0.000000000000E+00
  0.497833795854E+01  0.497833795854E+01  0.000000000000E+00
  0.000000000000E+00 -0.100000000000E+01 -0.000000000000E+00
  0.000000000000E+00  0.000000000000E+00  0.100000000000E+01
  0.100000000000E+01  0.000000000000E+00  0.000000000000E+00
  0.497833795854E+01  0.746750693781E+01  0.248916897927E+01
 -0.000000000000E+00 -0.000000000000E+00  0.100000000000E+01
  0.100000000000E+01 -0.000000000000E+00 -0.000000000000E+00
  0.000000000000E+00 -0.100000000000E+01 -0.000000000000E+00
  0.497833795854E+01  0.248916897927E+01  0.746750693781E+01
  0.000000000000E+00  0.100000000000E+01  0.000000000000E+00
  0.000000000000E+00 -0.000000000000E+00 -0.100000000000E+01
  0.100000000000E+01 -0.000000000000E+00 -0.000000000000E+00
  0.497833795854E+01  0.746750693781E+01  0.248916897927E+01
 -0.000000000000E+00 -0.000000000000E+00 -0.100000000000E+01
 -0.000000000000E+00  0.100000000000E+01  0.000000000000E+00
 -0.100000000000E+01  0.000000000000E+00  0.000000000000E+00
  0.497833795854E+01  0.000000000000E+00  0.497833795854E+01
 -0.100000000000E+01  0.000000000000E+00  0.000000000000E+00
  0.000000000000E+00  0.000000000000E+00 -0.100000000000E+01
  0.000000000000E+00  0.100000000000E+01 -0.000000000000E+00
  0.995667591709E+01  0.746750693781E+01  0.746750693781E+01
 -0.100000000000E+01 -0.000000000000E+00 -0.000000000000E+00
  0.000000000000E+00 -0.000000000000E+00  0.100000000000E+01
  0.000000000000E+00 -0.100000000000E+01  0.000000000000E+00
  0.995667591709E+01  0.746750693781E+01  0.746750693781E+01
  0.100000000000E+01 -0.000000000000E+00  0.000000000000E+00
 -0.000000000000E+00 -0.000000000000E+00 -0.100000000000E+01
 -0.000000000000E+00 -0.100000000000E+01 -0.000000000000E+00
  0.000000000000E+00  0.000000000000E+00  0.000000000000E+00
  0.000000000000E+00  0.000000000000E+00 -0.100000000000E+01
  0.000000000000E+00 -0.100000000000E+01  0.000000000000E+00
  0.100000000000E+01 -0.000000000000E+00  0.000000000000E+00
  0.497833795854E+01  0.746750693781E+01  0.248916897927E+01
 -0.000000000000E+00  0.000000000000E+00  0.100000000000E+01
 -0.000000000000E+00 -0.100000000000E+01 -0.000000000000E+00
 -0.100000000000E+01 -0.000000000000E+00 -0.000000000000E+00
  0.497833795854E+01  0.000000000000E+00  0.497833795854E+01
  0.000000000000E+00 -0.000000000000E+00  0.100000000000E+01
  0.000000000000E+00  0.100000000000E+01 -0.000000000000E+00
  0.100000000000E+01  0.000000000000E+00 -0.000000000000E+00
  0.497833795854E+01  0.746750693781E+01  0.248916897927E+01
  0.100000000000E+01  0.000000000000E+00 -0.000000000000E+00
 -0.000000000000E+00  0.000000000000E+00  0.100000000000E+01
 -0.000000000000E+00  0.100000000000E+01  0.000000000000E+00
  0.000000000000E+00  0.000000000000E+00  0.000000000000E+00
   54
    3     -0.085842403013      0.000000000000      0.000000000000
    3      2.640757097368      2.337580861175     -0.000000000000
    3     -2.489168979271     -2.403326576259      0.000000000000
    3      2.640757097368      0.000000000000      2.337580861175
    3      4.978337958543      2.337580861175      2.337580861175
   22     -0.080481555814     -2.408687423457      2.408687423457
    3     -2.489168979271      0.000000000000     -2.403326576259
   22     -0.080481555814      2.408687423457     -2.408687423457
   22     -4.897856402729     -2.408687423457     -2.408687423457
   22     -0.080481555814      2.408687423457      2.408687423457
   22      2.569650535086      5.058819514357      2.408687423457
    3     -2.489168979271      0.000000000000      2.403326576259
   22      2.569650535086      2.408687423457      5.058819514357
    3      4.978337958543      5.129926076640      5.129926076640
    3     -0.151588118097      0.000000000000      5.129926076640
    3     -2.489168979271      2.403326576259      0.000000000000
    3     -0.151588118097      5.129926076640      0.000000000000
    3     -4.892495555530     -0.000000000000      0.000000000000
   22     -0.080481555814     -2.408687423457     -2.408687423457
    3      2.640757097368     -0.000000000000     -2.337580861175
    3     -2.489168979271     -5.129926076640     -2.337580861175
    3      2.640757097368     -2.337580861175     -0.000000000000
   22      4.978337958543     -0.000000000000     -0.000000000000
    3     -0.151588118097     -5.129926076640     -0.000000000000
    3     -2.489168979271     -2.337580861175     -5.129926076640
    3     -0.151588118097     -0.000000000000     -5.129926076640
   22     -4.897856402729     -5.058819514357     -5.058819514357
   16      2.386208028422      2.592129930121      2.592129930121
   16      4.978337958543      4.925626937307      2.541880000507
   16      0.052711021236     -0.000000000000      2.541880000507
   16      4.978337958543      2.541880000507      4.925626937307
   16      7.570467888664      4.875377007693      4.875377007693
   16      2.436457958036     -0.000000000000      4.925626937307
   16      0.052711021236      2.541880000507     -0.000000000000
   16      2.436457958036      4.925626937307      0.000000000000
   16     -2.489168979271     -0.000000000000     -0.000000000000
   16      2.386208028422      4.875377007693      4.875377007693
   16      4.978337958543      7.467506937814      5.022808812826
   16      0.102960950850      2.592129930121      4.875377007693
   16      4.978337958543      5.022808812826      7.467506937814
   16      7.423036083531      7.467506937814      7.467506937814
   16      2.436457958036      2.541880000507      7.467506937814
   16      0.102960950850      4.875377007693      2.592129930121
   16      2.436457958036      7.467506937814      2.541880000507
   16     -2.489168979271      2.541880000507      2.541880000507
   16      2.533639833555     -0.000000000000     -0.000000000000
   16      4.978337958543      2.444698124988     -0.000000000000
   16      0.052711021236     -2.541880000507     -0.000000000000
   16      4.978337958543     -0.000000000000      2.444698124988
   16      7.570467888664      2.592129930121      2.592129930121
   16      2.386208028422     -2.592129930121      2.592129930121
   16      0.052711021236     -0.000000000000     -2.541880000507
   16      2.386208028422      2.592129930121     -2.592129930121
   16     -2.489168979271     -2.541880000507     -2.541880000507
  225   48
