   3   1   1 E -1.8527572279401E+04 DE-2.7E-09(  5)
  0.000000000000E+00  0.746720131781E+01  0.746720131781E+01
  0.746720131781E+01  0.000000000000E+00  0.746720131781E+01
  0.746720131781E+01  0.746720131781E+01  0.000000000000E+00
   48
  0.100000000000E+01 -0.000000000000E+00  0.000000000000E+00
 -0.000000000000E+00  0.100000000000E+01  0.000000000000E+00
 -0.000000000000E+00  0.000000000000E+00  0.100000000000E+01
  0.000000000000E+00  0.000000000000E+00  0.000000000000E+00
 -0.000000000000E+00 -0.100000000000E+01  0.000000000000E+00
  0.100000000000E+01  0.000000000000E+00  0.000000000000E+00
  0.000000000000E+00  0.000000000000E+00  0.100000000000E+01
  0.497813421187E+01  0.248906710594E+01  0.746720131781E+01
  0.000000000000E+00  0.100000000000E+01  0.000000000000E+00
 -0.100000000000E+01 -0.000000000000E+00  0.000000000000E+00
 -0.000000000000E+00 -0.000000000000E+00  0.100000000000E+01
  0.497813421187E+01  0.497813421187E+01  0.000000000000E+00
 -0.100000000000E+01  0.000000000000E+00  0.000000000000E+00
  0.000000000000E+00 -0.100000000000E+01  0.000000000000E+00
  0.000000000000E+00 -0.000000000000E+00  0.100000000000E+01
  0.995626842375E+01  0.746720131781E+01  0.746720131781E+01
  0.100000000000E+01  0.000000000000E+00 -0.000000000000E+00
 -0.000000000000E+00 -0.100000000000E+01 -0.000000000000E+00
 -0.000000000000E+00 -0.000000000000E+00 -0.100000000000E+01
  0.000000000000E+00  0.000000000000E+00  0.000000000000E+00
  0.000000000000E+00 -0.100000000000E+01 -0.000000000000E+00
 -0.100000000000E+01  0.000000000000E+00 -0.000000000000E+00
 -0.000000000000E+00  0.000000000000E+00 -0.100000000000E+01
  0.497813421187E+01  0.497813421187E+01  0.000000000000E+00
 -0.100000000000E+01 -0.000000000000E+00 -0.000000000000E+00
  0.000000000000E+00  0.100000000000E+01 -0.000000000000E+00
  0.000000000000E+00  0.000000000000E+00 -0.100000000000E+01
  0.995626842375E+01  0.746720131781E+01  0.746720131781E+01
 -0.000000000000E+00  0.100000000000E+01 -0.000000000000E+00
  0.100000000000E+01 -0.000000000000E+00 -0.000000000000E+00
  0.000000000000E+00 -0.000000000000E+00 -0.100000000000E+01
  0.497813421187E+01  0.248906710594E+01  0.746720131781E+01
 -0.000000000000E+00  0.000000000000E+00  0.100000000000E+01
  0.100000000000E+01  0.000000000000E+00 -0.000000000000E+00
  0.000000000000E+00  0.100000000000E+01 -0.000000000000E+00
  0.497813421187E+01  0.248906710594E+01  0.746720131781E+01
  0.000000000000E+00  0.100000000000E+01 -0.000000000000E+00
  0.000000000000E+00 -0.000000000000E+00  0.100000000000E+01
  0.100000000000E+01 -0.000000000000E+00  0.000000000000E+00
  0.497813421187E+01  0.746720131781E+01  0.248906710594E+01
  0.000000000000E+00 -0.000000000000E+00  0.100000000000E+01
 -0.100000000000E+01 -0.000000000000E+00 -0.000000000000E+00
 -0.000000000000E+00 -0.100000000000E+01 -0.000000000000E+00
  0.497813421187E+01  0.497813421187E+01  0.000000000000E+00
  0.000000000000E+00 -0.100000000000E+01  0.000000000000E+00
  0.000000000000E+00  0.000000000000E+00 -0.100000000000E+01
  0.100000000000E+01  0.000000000000E+00 -0.000000000000E+00
  0.497813421187E+01  0.746720131781E+01  0.248906710594E+01
 -0.000000000000E+00 -0.000000000000E+00 -0.100000000000E+01
  0.100000000000E+01 -0.000000000000E+00  0.000000000000E+00
  0.000000000000E+00 -0.100000000000E+01  0.000000000000E+00
  0.497813421187E+01  0.248906710594E+01  0.746720131781E+01
 -0.000000000000E+00  0.100000000000E+01  0.000000000000E+00
 -0.000000000000E+00 -0.000000000000E+00 -0.100000000000E+01
 -0.100000000000E+01 -0.000000000000E+00 -0.000000000000E+00
  0.497813421187E+01  0.000000000000E+00  0.497813421187E+01
  0.000000000000E+00  0.000000000000E+00 -0.100000000000E+01
 -0.100000000000E+01  0.000000000000E+00  0.000000000000E+00
 -0.000000000000E+00  0.100000000000E+01  0.000000000000E+00
  0.497813421187E+01  0.497813421187E+01  0.000000000000E+00
 -0.000000000000E+00 -0.100000000000E+01 -0.000000000000E+00
 -0.000000000000E+00  0.000000000000E+00  0.100000000000E+01
 -0.100000000000E+01  0.000000000000E+00  0.000000000000E+00
  0.497813421187E+01  0.000000000000E+00  0.497813421187E+01
  0.000000000000E+00  0.000000000000E+00  0.100000000000E+01
  0.000000000000E+00 -0.100000000000E+01 -0.000000000000E+00
  0.100000000000E+01 -0.000000000000E+00 -0.000000000000E+00
  0.497813421187E+01  0.746720131781E+01  0.248906710594E+01
  0.100000000000E+01 -0.000000000000E+00 -0.000000000000E+00
 -0.000000000000E+00 -0.000000000000E+00  0.100000000000E+01
 -0.000000000000E+00 -0.100000000000E+01  0.000000000000E+00
  0.000000000000E+00  0.000000000000E+00  0.000000000000E+00
  0.100000000000E+01  0.000000000000E+00  0.000000000000E+00
 -0.000000000000E+00  0.000000000000E+00 -0.100000000000E+01
 -0.000000000000E+00  0.100000000000E+01 -0.000000000000E+00
  0.000000000000E+00  0.000000000000E+00  0.000000000000E+00
 -0.100000000000E+01  0.000000000000E+00 -0.000000000000E+00
  0.000000000000E+00  0.000000000000E+00  0.100000000000E+01
  0.000000000000E+00  0.100000000000E+01  0.000000000000E+00
  0.995626842375E+01  0.746720131781E+01  0.746720131781E+01
 -0.000000000000E+00 -0.000000000000E+00  0.100000000000E+01
 -0.000000000000E+00  0.100000000000E+01 -0.000000000000E+00
 -0.100000000000E+01  0.000000000000E+00 -0.000000000000E+00
  0.497813421187E+01  0.000000000000E+00  0.497813421187E+01
  0.000000000000E+00 -0.000000000000E+00 -0.100000000000E+01
  0.000000000000E+00  0.100000000000E+01  0.000000000000E+00
  0.100000000000E+01  0.000000000000E+00  0.000000000000E+00
  0.497813421187E+01  0.746720131781E+01  0.248906710594E+01
 -0.000000000000E+00  0.000000000000E+00 -0.100000000000E+01
 -0.000000000000E+00 -0.100000000000E+01  0.000000000000E+00
 -0.100000000000E+01 -0.000000000000E+00  0.000000000000E+00
  0.497813421187E+01  0.000000000000E+00  0.497813421187E+01
 -0.100000000000E+01 -0.000000000000E+00  0.000000000000E+00
  0.000000000000E+00 -0.000000000000E+00 -0.100000000000E+01
  0.000000000000E+00 -0.100000000000E+01 -0.000000000000E+00
  0.995626842375E+01  0.746720131781E+01  0.746720131781E+01
 -0.100000000000E+01  0.000000000000E+00 -0.000000000000E+00
  0.000000000000E+00 -0.100000000000E+01 -0.000000000000E+00
  0.000000000000E+00 -0.000000000000E+00 -0.100000000000E+01
  0.995626842375E+01  0.746720131781E+01  0.746720131781E+01
  0.000000000000E+00  0.100000000000E+01 -0.000000000000E+00
 -0.100000000000E+01 -0.000000000000E+00 -0.000000000000E+00
 -0.000000000000E+00 -0.000000000000E+00 -0.100000000000E+01
  0.497813421187E+01  0.497813421187E+01  0.000000000000E+00
 -0.000000000000E+00 -0.100000000000E+01 -0.000000000000E+00
  0.100000000000E+01  0.000000000000E+00 -0.000000000000E+00
  0.000000000000E+00  0.000000000000E+00 -0.100000000000E+01
  0.497813421187E+01  0.248906710594E+01  0.746720131781E+01
  0.100000000000E+01 -0.000000000000E+00 -0.000000000000E+00
 -0.000000000000E+00  0.100000000000E+01 -0.000000000000E+00
 -0.000000000000E+00  0.000000000000E+00 -0.100000000000E+01
  0.000000000000E+00  0.000000000000E+00  0.000000000000E+00
 -0.100000000000E+01 -0.000000000000E+00  0.000000000000E+00
  0.000000000000E+00  0.100000000000E+01  0.000000000000E+00
  0.000000000000E+00  0.000000000000E+00  0.100000000000E+01
  0.995626842375E+01  0.746720131781E+01  0.746720131781E+01
 -0.000000000000E+00  0.100000000000E+01  0.000000000000E+00
  0.100000000000E+01 -0.000000000000E+00  0.000000000000E+00
  0.000000000000E+00 -0.000000000000E+00  0.100000000000E+01
  0.497813421187E+01  0.248906710594E+01  0.746720131781E+01
  0.100000000000E+01  0.000000000000E+00  0.000000000000E+00
 -0.000000000000E+00 -0.100000000000E+01  0.000000000000E+00
 -0.000000000000E+00 -0.000000000000E+00  0.100000000000E+01
  0.000000000000E+00  0.000000000000E+00  0.000000000000E+00
  0.000000000000E+00 -0.100000000000E+01  0.000000000000E+00
 -0.100000000000E+01  0.000000000000E+00  0.000000000000E+00
 -0.000000000000E+00  0.000000000000E+00  0.100000000000E+01
  0.497813421187E+01  0.497813421187E+01  0.000000000000E+00
  0.000000000000E+00 -0.000000000000E+00 -0.100000000000E+01
 -0.100000000000E+01 -0.000000000000E+00  0.000000000000E+00
 -0.000000000000E+00 -0.100000000000E+01  0.000000000000E+00
  0.497813421187E+01  0.497813421187E+01  0.000000000000E+00
 -0.000000000000E+00 -0.100000000000E+01  0.000000000000E+00
 -0.000000000000E+00  0.000000000000E+00 -0.100000000000E+01
 -0.100000000000E+01  0.000000000000E+00 -0.000000000000E+00
  0.497813421187E+01  0.000000000000E+00  0.497813421187E+01
 -0.000000000000E+00  0.000000000000E+00 -0.100000000000E+01
  0.100000000000E+01  0.000000000000E+00  0.000000000000E+00
  0.000000000000E+00  0.100000000000E+01  0.000000000000E+00
  0.497813421187E+01  0.248906710594E+01  0.746720131781E+01
 -0.000000000000E+00  0.100000000000E+01 -0.000000000000E+00
 -0.000000000000E+00 -0.000000000000E+00  0.100000000000E+01
 -0.100000000000E+01 -0.000000000000E+00  0.000000000000E+00
  0.497813421187E+01  0.000000000000E+00  0.497813421187E+01
  0.000000000000E+00  0.000000000000E+00  0.100000000000E+01
 -0.100000000000E+01  0.000000000000E+00 -0.000000000000E+00
 -0.000000000000E+00  0.100000000000E+01 -0.000000000000E+00
  0.497813421187E+01  0.497813421187E+01  0.000000000000E+00
  0.000000000000E+00 -0.100000000000E+01 -0.000000000000E+00
  0.000000000000E+00  0.000000000000E+00  0.100000000000E+01
  0.100000000000E+01  0.000000000000E+00  0.000000000000E+00
  0.497813421187E+01  0.746720131781E+01  0.248906710594E+01
 -0.000000000000E+00 -0.000000000000E+00  0.100000000000E+01
  0.100000000000E+01 -0.000000000000E+00 -0.000000000000E+00
  0.000000000000E+00 -0.100000000000E+01 -0.000000000000E+00
  0.497813421187E+01  0.248906710594E+01  0.746720131781E+01
  0.000000000000E+00  0.100000000000E+01  0.000000000000E+00
  0.000000000000E+00 -0.000000000000E+00 -0.100000000000E+01
  0.100000000000E+01 -0.000000000000E+00 -0.000000000000E+00
  0.497813421187E+01  0.746720131781E+01  0.248906710594E+01
 -0.000000000000E+00 -0.000000000000E+00 -0.100000000000E+01
 -0.000000000000E+00  0.100000000000E+01  0.000000000000E+00
 -0.100000000000E+01  0.000000000000E+00  0.000000000000E+00
  0.497813421187E+01  0.000000000000E+00  0.497813421187E+01
 -0.100000000000E+01  0.000000000000E+00  0.000000000000E+00
  0.000000000000E+00  0.000000000000E+00 -0.100000000000E+01
  0.000000000000E+00  0.100000000000E+01 -0.000000000000E+00
  0.995626842375E+01  0.746720131781E+01  0.746720131781E+01
 -0.100000000000E+01 -0.000000000000E+00 -0.000000000000E+00
  0.000000000000E+00 -0.000000000000E+00  0.100000000000E+01
  0.000000000000E+00 -0.100000000000E+01  0.000000000000E+00
  0.995626842375E+01  0.746720131781E+01  0.746720131781E+01
  0.100000000000E+01 -0.000000000000E+00  0.000000000000E+00
 -0.000000000000E+00 -0.000000000000E+00 -0.100000000000E+01
 -0.000000000000E+00 -0.100000000000E+01 -0.000000000000E+00
  0.000000000000E+00  0.000000000000E+00  0.000000000000E+00
  0.000000000000E+00  0.000000000000E+00 -0.100000000000E+01
  0.000000000000E+00 -0.100000000000E+01  0.000000000000E+00
  0.100000000000E+01 -0.000000000000E+00  0.000000000000E+00
  0.497813421187E+01  0.746720131781E+01  0.248906710594E+01
 -0.000000000000E+00  0.000000000000E+00  0.100000000000E+01
 -0.000000000000E+00 -0.100000000000E+01 -0.000000000000E+00
 -0.100000000000E+01 -0.000000000000E+00 -0.000000000000E+00
  0.497813421187E+01  0.000000000000E+00  0.497813421187E+01
  0.000000000000E+00 -0.000000000000E+00  0.100000000000E+01
  0.000000000000E+00  0.100000000000E+01 -0.000000000000E+00
  0.100000000000E+01  0.000000000000E+00 -0.000000000000E+00
  0.497813421187E+01  0.746720131781E+01  0.248906710594E+01
  0.100000000000E+01  0.000000000000E+00 -0.000000000000E+00
 -0.000000000000E+00  0.000000000000E+00  0.100000000000E+01
 -0.000000000000E+00  0.100000000000E+01  0.000000000000E+00
  0.000000000000E+00  0.000000000000E+00  0.000000000000E+00
   54
    3     -0.085531847793      0.000000000000      0.000000000000
    3      2.640674526075      2.337459685799     -0.000000000000
    3     -2.489067105937     -2.403535258144      0.000000000000
    3      2.640674526075      0.000000000000      2.337459685799
    3      4.978134211874      2.337459685799      2.337459685799
   22     -0.080463212933     -2.408603893004      2.408603893004
    3     -2.489067105937      0.000000000000     -2.403535258144
   22     -0.080463212933      2.408603893004     -2.408603893004
   22     -4.897670998941     -2.408603893004     -2.408603893004
   22     -0.080463212933      2.408603893004      2.408603893004
   22      2.569530318869      5.058597424806      2.408603893004
    3     -2.489067105937      0.000000000000      2.403535258144
   22      2.569530318869      2.408603893004      5.058597424806
    3      4.978134211874      5.129741632012      5.129741632012
    3     -0.151607420138      0.000000000000      5.129741632012
    3     -2.489067105937      2.403535258144      0.000000000000
    3     -0.151607420138      5.129741632012      0.000000000000
    3     -4.892602364081     -0.000000000000      0.000000000000
   22     -0.080463212933     -2.408603893004     -2.408603893004
    3      2.640674526075     -0.000000000000     -2.337459685799
    3     -2.489067105937     -5.129741632012     -2.337459685799
    3      2.640674526075     -2.337459685799     -0.000000000000
   22      4.978134211874     -0.000000000000     -0.000000000000
    3     -0.151607420138     -5.129741632012     -0.000000000000
    3     -2.489067105937     -2.337459685799     -5.129741632012
    3     -0.151607420138     -0.000000000000     -5.129741632012
   22     -4.897670998941     -5.058597424806     -5.058597424806
   16      2.386321583701      2.591812628172      2.591812628172
   16      4.978134211874      4.926214963745      2.540986354065
   16      0.051919248129     -0.000000000000      2.540986354065
   16      4.978134211874      2.540986354065      4.926214963745
   16      7.569946840046      4.875388689638      4.875388689638
   16      2.437147857808     -0.000000000000      4.926214963745
   16      0.051919248129      2.540986354065     -0.000000000000
   16      2.437147857808      4.926214963745      0.000000000000
   16     -2.489067105937     -0.000000000000     -0.000000000000
   16      2.386321583701      4.875388689638      4.875388689638
   16      4.978134211874      7.467201317810      5.021788105623
   16      0.102745522235      2.591812628172      4.875388689638
   16      4.978134211874      5.021788105623      7.467201317810
   16      7.423547424061      7.467201317810      7.467201317810
   16      2.437147857808      2.540986354065      7.467201317810
   16      0.102745522235      4.875388689638      2.591812628172
   16      2.437147857808      7.467201317810      2.540986354065
   16     -2.489067105937      2.540986354065      2.540986354065
   16      2.532720999686     -0.000000000000     -0.000000000000
   16      4.978134211874      2.445413212187     -0.000000000000
   16      0.051919248129     -2.540986354065     -0.000000000000
   16      4.978134211874     -0.000000000000      2.445413212187
   16      7.569946840046      2.591812628172      2.591812628172
   16      2.386321583701     -2.591812628172      2.591812628172
   16      0.051919248129     -0.000000000000     -2.540986354065
   16      2.386321583701      2.591812628172     -2.591812628172
   16     -2.489067105937     -2.540986354065     -2.540986354065
  225   48
