   3   1   1 E -1.8527572279505E+04 DE-1.0E-09(  7)
  0.000000000000E+00  0.746718274237E+01  0.746718274237E+01
  0.746718274237E+01  0.000000000000E+00  0.746718274237E+01
  0.746718274237E+01  0.746718274237E+01  0.000000000000E+00
   48
  0.100000000000E+01 -0.000000000000E+00  0.000000000000E+00
 -0.000000000000E+00  0.100000000000E+01  0.000000000000E+00
 -0.000000000000E+00  0.000000000000E+00  0.100000000000E+01
  0.000000000000E+00  0.000000000000E+00  0.000000000000E+00
 -0.000000000000E+00 -0.100000000000E+01  0.000000000000E+00
  0.100000000000E+01  0.000000000000E+00  0.000000000000E+00
  0.000000000000E+00  0.000000000000E+00  0.100000000000E+01
  0.497812182824E+01  0.248906091412E+01  0.746718274237E+01
  0.000000000000E+00  0.100000000000E+01  0.000000000000E+00
 -0.100000000000E+01 -0.000000000000E+00  0.000000000000E+00
 -0.000000000000E+00 -0.000000000000E+00  0.100000000000E+01
  0.497812182824E+01  0.497812182824E+01  0.000000000000E+00
 -0.100000000000E+01  0.000000000000E+00  0.000000000000E+00
  0.000000000000E+00 -0.100000000000E+01  0.000000000000E+00
  0.000000000000E+00 -0.000000000000E+00  0.100000000000E+01
  0.995624365649E+01  0.746718274237E+01  0.746718274237E+01
  0.100000000000E+01  0.000000000000E+00 -0.000000000000E+00
 -0.000000000000E+00 -0.100000000000E+01 -0.000000000000E+00
 -0.000000000000E+00 -0.000000000000E+00 -0.100000000000E+01
  0.000000000000E+00  0.000000000000E+00  0.000000000000E+00
  0.000000000000E+00 -0.100000000000E+01 -0.000000000000E+00
 -0.100000000000E+01  0.000000000000E+00 -0.000000000000E+00
 -0.000000000000E+00  0.000000000000E+00 -0.100000000000E+01
  0.497812182824E+01  0.497812182824E+01  0.000000000000E+00
 -0.100000000000E+01 -0.000000000000E+00 -0.000000000000E+00
  0.000000000000E+00  0.100000000000E+01 -0.000000000000E+00
  0.000000000000E+00  0.000000000000E+00 -0.100000000000E+01
  0.995624365649E+01  0.746718274237E+01  0.746718274237E+01
 -0.000000000000E+00  0.100000000000E+01 -0.000000000000E+00
  0.100000000000E+01 -0.000000000000E+00 -0.000000000000E+00
  0.000000000000E+00 -0.000000000000E+00 -0.100000000000E+01
  0.497812182824E+01  0.248906091412E+01  0.746718274237E+01
 -0.000000000000E+00  0.000000000000E+00  0.100000000000E+01
  0.100000000000E+01  0.000000000000E+00 -0.000000000000E+00
  0.000000000000E+00  0.100000000000E+01 -0.000000000000E+00
  0.497812182824E+01  0.248906091412E+01  0.746718274237E+01
  0.000000000000E+00  0.100000000000E+01 -0.000000000000E+00
  0.000000000000E+00 -0.000000000000E+00  0.100000000000E+01
  0.100000000000E+01 -0.000000000000E+00  0.000000000000E+00
  0.497812182824E+01  0.746718274237E+01  0.248906091412E+01
  0.000000000000E+00 -0.000000000000E+00  0.100000000000E+01
 -0.100000000000E+01 -0.000000000000E+00 -0.000000000000E+00
 -0.000000000000E+00 -0.100000000000E+01 -0.000000000000E+00
  0.497812182824E+01  0.497812182824E+01  0.000000000000E+00
  0.000000000000E+00 -0.100000000000E+01  0.000000000000E+00
  0.000000000000E+00  0.000000000000E+00 -0.100000000000E+01
  0.100000000000E+01  0.000000000000E+00 -0.000000000000E+00
  0.497812182824E+01  0.746718274237E+01  0.248906091412E+01
 -0.000000000000E+00 -0.000000000000E+00 -0.100000000000E+01
  0.100000000000E+01 -0.000000000000E+00  0.000000000000E+00
  0.000000000000E+00 -0.100000000000E+01  0.000000000000E+00
  0.497812182824E+01  0.248906091412E+01  0.746718274237E+01
 -0.000000000000E+00  0.100000000000E+01  0.000000000000E+00
 -0.000000000000E+00 -0.000000000000E+00 -0.100000000000E+01
 -0.100000000000E+01 -0.000000000000E+00 -0.000000000000E+00
  0.497812182824E+01  0.000000000000E+00  0.497812182824E+01
  0.000000000000E+00  0.000000000000E+00 -0.100000000000E+01
 -0.100000000000E+01  0.000000000000E+00  0.000000000000E+00
 -0.000000000000E+00  0.100000000000E+01  0.000000000000E+00
  0.497812182824E+01  0.497812182824E+01  0.000000000000E+00
 -0.000000000000E+00 -0.100000000000E+01 -0.000000000000E+00
 -0.000000000000E+00  0.000000000000E+00  0.100000000000E+01
 -0.100000000000E+01  0.000000000000E+00  0.000000000000E+00
  0.497812182824E+01  0.000000000000E+00  0.497812182824E+01
  0.000000000000E+00  0.000000000000E+00  0.100000000000E+01
  0.000000000000E+00 -0.100000000000E+01 -0.000000000000E+00
  0.100000000000E+01 -0.000000000000E+00 -0.000000000000E+00
  0.497812182824E+01  0.746718274237E+01  0.248906091412E+01
  0.100000000000E+01 -0.000000000000E+00 -0.000000000000E+00
 -0.000000000000E+00 -0.000000000000E+00  0.100000000000E+01
 -0.000000000000E+00 -0.100000000000E+01  0.000000000000E+00
  0.000000000000E+00  0.000000000000E+00  0.000000000000E+00
  0.100000000000E+01  0.000000000000E+00  0.000000000000E+00
 -0.000000000000E+00  0.000000000000E+00 -0.100000000000E+01
 -0.000000000000E+00  0.100000000000E+01 -0.000000000000E+00
  0.000000000000E+00  0.000000000000E+00  0.000000000000E+00
 -0.100000000000E+01  0.000000000000E+00 -0.000000000000E+00
  0.000000000000E+00  0.000000000000E+00  0.100000000000E+01
  0.000000000000E+00  0.100000000000E+01  0.000000000000E+00
  0.995624365649E+01  0.746718274237E+01  0.746718274237E+01
 -0.000000000000E+00 -0.000000000000E+00  0.100000000000E+01
 -0.000000000000E+00  0.100000000000E+01 -0.000000000000E+00
 -0.100000000000E+01  0.000000000000E+00 -0.000000000000E+00
  0.497812182824E+01  0.000000000000E+00  0.497812182824E+01
  0.000000000000E+00 -0.000000000000E+00 -0.100000000000E+01
  0.000000000000E+00  0.100000000000E+01  0.000000000000E+00
  0.100000000000E+01  0.000000000000E+00  0.000000000000E+00
  0.497812182824E+01  0.746718274237E+01  0.248906091412E+01
 -0.000000000000E+00  0.000000000000E+00 -0.100000000000E+01
 -0.000000000000E+00 -0.100000000000E+01  0.000000000000E+00
 -0.100000000000E+01 -0.000000000000E+00  0.000000000000E+00
  0.497812182824E+01  0.000000000000E+00  0.497812182824E+01
 -0.100000000000E+01 -0.000000000000E+00  0.000000000000E+00
  0.000000000000E+00 -0.000000000000E+00 -0.100000000000E+01
  0.000000000000E+00 -0.100000000000E+01 -0.000000000000E+00
  0.995624365649E+01  0.746718274237E+01  0.746718274237E+01
 -0.100000000000E+01  0.000000000000E+00 -0.000000000000E+00
  0.000000000000E+00 -0.100000000000E+01 -0.000000000000E+00
  0.000000000000E+00 -0.000000000000E+00 -0.100000000000E+01
  0.995624365649E+01  0.746718274237E+01  0.746718274237E+01
  0.000000000000E+00  0.100000000000E+01 -0.000000000000E+00
 -0.100000000000E+01 -0.000000000000E+00 -0.000000000000E+00
 -0.000000000000E+00 -0.000000000000E+00 -0.100000000000E+01
  0.497812182824E+01  0.497812182824E+01  0.000000000000E+00
 -0.000000000000E+00 -0.100000000000E+01 -0.000000000000E+00
  0.100000000000E+01  0.000000000000E+00 -0.000000000000E+00
  0.000000000000E+00  0.000000000000E+00 -0.100000000000E+01
  0.497812182824E+01  0.248906091412E+01  0.746718274237E+01
  0.100000000000E+01 -0.000000000000E+00 -0.000000000000E+00
 -0.000000000000E+00  0.100000000000E+01 -0.000000000000E+00
 -0.000000000000E+00  0.000000000000E+00 -0.100000000000E+01
  0.000000000000E+00  0.000000000000E+00  0.000000000000E+00
 -0.100000000000E+01 -0.000000000000E+00  0.000000000000E+00
  0.000000000000E+00  0.100000000000E+01  0.000000000000E+00
  0.000000000000E+00  0.000000000000E+00  0.100000000000E+01
  0.995624365649E+01  0.746718274237E+01  0.746718274237E+01
 -0.000000000000E+00  0.100000000000E+01  0.000000000000E+00
  0.100000000000E+01 -0.000000000000E+00  0.000000000000E+00
  0.000000000000E+00 -0.000000000000E+00  0.100000000000E+01
  0.497812182824E+01  0.248906091412E+01  0.746718274237E+01
  0.100000000000E+01  0.000000000000E+00  0.000000000000E+00
 -0.000000000000E+00 -0.100000000000E+01  0.000000000000E+00
 -0.000000000000E+00 -0.000000000000E+00  0.100000000000E+01
  0.000000000000E+00  0.000000000000E+00  0.000000000000E+00
  0.000000000000E+00 -0.100000000000E+01  0.000000000000E+00
 -0.100000000000E+01  0.000000000000E+00  0.000000000000E+00
 -0.000000000000E+00  0.000000000000E+00  0.100000000000E+01
  0.497812182824E+01  0.497812182824E+01  0.000000000000E+00
  0.000000000000E+00 -0.000000000000E+00 -0.100000000000E+01
 -0.100000000000E+01 -0.000000000000E+00  0.000000000000E+00
 -0.000000000000E+00 -0.100000000000E+01  0.000000000000E+00
  0.497812182824E+01  0.497812182824E+01  0.000000000000E+00
 -0.000000000000E+00 -0.100000000000E+01  0.000000000000E+00
 -0.000000000000E+00  0.000000000000E+00 -0.100000000000E+01
 -0.100000000000E+01  0.000000000000E+00 -0.000000000000E+00
  0.497812182824E+01  0.000000000000E+00  0.497812182824E+01
 -0.000000000000E+00  0.000000000000E+00 -0.100000000000E+01
  0.100000000000E+01  0.000000000000E+00  0.000000000000E+00
  0.000000000000E+00  0.100000000000E+01  0.000000000000E+00
  0.497812182824E+01  0.248906091412E+01  0.746718274237E+01
 -0.000000000000E+00  0.100000000000E+01 -0.000000000000E+00
 -0.000000000000E+00 -0.000000000000E+00  0.100000000000E+01
 -0.100000000000E+01 -0.000000000000E+00  0.000000000000E+00
  0.497812182824E+01  0.000000000000E+00  0.497812182824E+01
  0.000000000000E+00  0.000000000000E+00  0.100000000000E+01
 -0.100000000000E+01  0.000000000000E+00 -0.000000000000E+00
 -0.000000000000E+00  0.100000000000E+01 -0.000000000000E+00
  0.497812182824E+01  0.497812182824E+01  0.000000000000E+00
  0.000000000000E+00 -0.100000000000E+01 -0.000000000000E+00
  0.000000000000E+00  0.000000000000E+00  0.100000000000E+01
  0.100000000000E+01  0.000000000000E+00  0.000000000000E+00
  0.497812182824E+01  0.746718274237E+01  0.248906091412E+01
 -0.000000000000E+00 -0.000000000000E+00  0.100000000000E+01
  0.100000000000E+01 -0.000000000000E+00 -0.000000000000E+00
  0.000000000000E+00 -0.100000000000E+01 -0.000000000000E+00
  0.497812182824E+01  0.248906091412E+01  0.746718274237E+01
  0.000000000000E+00  0.100000000000E+01  0.000000000000E+00
  0.000000000000E+00 -0.000000000000E+00 -0.100000000000E+01
  0.100000000000E+01 -0.000000000000E+00 -0.000000000000E+00
  0.497812182824E+01  0.746718274237E+01  0.248906091412E+01
 -0.000000000000E+00 -0.000000000000E+00 -0.100000000000E+01
 -0.000000000000E+00  0.100000000000E+01  0.000000000000E+00
 -0.100000000000E+01  0.000000000000E+00  0.000000000000E+00
  0.497812182824E+01  0.000000000000E+00  0.497812182824E+01
 -0.100000000000E+01  0.000000000000E+00  0.000000000000E+00
  0.000000000000E+00  0.000000000000E+00 -0.100000000000E+01
  0.000000000000E+00  0.100000000000E+01 -0.000000000000E+00
  0.995624365649E+01  0.746718274237E+01  0.746718274237E+01
 -0.100000000000E+01 -0.000000000000E+00 -0.000000000000E+00
  0.000000000000E+00 -0.000000000000E+00  0.100000000000E+01
  0.000000000000E+00 -0.100000000000E+01  0.000000000000E+00
  0.995624365649E+01  0.746718274237E+01  0.746718274237E+01
  0.100000000000E+01 -0.000000000000E+00  0.000000000000E+00
 -0.000000000000E+00 -0.000000000000E+00 -0.100000000000E+01
 -0.000000000000E+00 -0.100000000000E+01 -0.000000000000E+00
  0.000000000000E+00  0.000000000000E+00  0.000000000000E+00
  0.000000000000E+00  0.000000000000E+00 -0.100000000000E+01
  0.000000000000E+00 -0.100000000000E+01  0.000000000000E+00
  0.100000000000E+01 -0.000000000000E+00  0.000000000000E+00
  0.497812182824E+01  0.746718274237E+01  0.248906091412E+01
 -0.000000000000E+00  0.000000000000E+00  0.100000000000E+01
 -0.000000000000E+00 -0.100000000000E+01 -0.000000000000E+00
 -0.100000000000E+01 -0.000000000000E+00 -0.000000000000E+00
  0.497812182824E+01  0.000000000000E+00  0.497812182824E+01
  0.000000000000E+00 -0.000000000000E+00  0.100000000000E+01
  0.000000000000E+00  0.100000000000E+01 -0.000000000000E+00
  0.100000000000E+01  0.000000000000E+00 -0.000000000000E+00
  0.497812182824E+01  0.746718274237E+01  0.248906091412E+01
  0.100000000000E+01  0.000000000000E+00 -0.000000000000E+00
 -0.000000000000E+00  0.000000000000E+00  0.100000000000E+01
 -0.000000000000E+00  0.100000000000E+01  0.000000000000E+00
  0.000000000000E+00  0.000000000000E+00  0.000000000000E+00
   54
    3     -0.085516676952      0.000000000000      0.000000000000
    3      2.640668126355      2.337453701890     -0.000000000000
    3     -2.489060914122     -2.403544237170      0.000000000000
    3      2.640668126355      0.000000000000      2.337453701890
    3      4.978121828245      2.337453701890      2.337453701890
   22     -0.080468429482     -2.408592484640      2.408592484640
    3     -2.489060914122      0.000000000000     -2.403544237170
   22     -0.080468429482      2.408592484640     -2.408592484640
   22     -4.897653398763     -2.408592484640     -2.408592484640
   22     -0.080468429482      2.408592484640      2.408592484640
   22      2.569529343605      5.058590257727      2.408592484640
    3     -2.489060914122      0.000000000000      2.403544237170
   22      2.569529343605      2.408592484640      5.058590257727
    3      4.978121828245      5.129729040477      5.129729040477
    3     -0.151607212233      0.000000000000      5.129729040477
    3     -2.489060914122      2.403544237170      0.000000000000
    3     -0.151607212233      5.129729040477      0.000000000000
    3     -4.892605151293     -0.000000000000      0.000000000000
   22     -0.080468429482     -2.408592484640     -2.408592484640
    3      2.640668126355     -0.000000000000     -2.337453701890
    3     -2.489060914122     -5.129729040477     -2.337453701890
    3      2.640668126355     -2.337453701890     -0.000000000000
   22      4.978121828245     -0.000000000000     -0.000000000000
    3     -0.151607212233     -5.129729040477     -0.000000000000
    3     -2.489060914122     -2.337453701890     -5.129729040477
    3     -0.151607212233     -0.000000000000     -5.129729040477
   22     -4.897653398763     -5.058590257727     -5.058590257727
   16      2.386322139940      2.591799688304      2.591799688304
   16      4.978121828245      4.926237580516      2.540945161851
   16      0.051884247729     -0.000000000000      2.540945161851
   16      4.978121828245      2.540945161851      4.926237580516
   16      7.569921516549      4.875383054063      4.875383054063
   16      2.437176666394     -0.000000000000      4.926237580516
   16      0.051884247729      2.540945161851     -0.000000000000
   16      2.437176666394      4.926237580516      0.000000000000
   16     -2.489060914122     -0.000000000000     -0.000000000000
   16      2.386322139940      4.875383054063      4.875383054063
   16      4.978121828245      7.467182742367      5.021755387044
   16      0.102738774182      2.591799688304      4.875383054063
   16      4.978121828245      5.021755387044      7.467182742367
   16      7.423549183568      7.467182742367      7.467182742367
   16      2.437176666394      2.540945161851      7.467182742367
   16      0.102738774182      4.875383054063      2.591799688304
   16      2.437176666394      7.467182742367      2.540945161851
   16     -2.489060914122      2.540945161851      2.540945161851
   16      2.532694472921     -0.000000000000     -0.000000000000
   16      4.978121828245      2.445427355324     -0.000000000000
   16      0.051884247729     -2.540945161851     -0.000000000000
   16      4.978121828245     -0.000000000000      2.445427355324
   16      7.569921516549      2.591799688304      2.591799688304
   16      2.386322139940     -2.591799688304      2.591799688304
   16      0.051884247729     -0.000000000000     -2.540945161851
   16      2.386322139940      2.591799688304     -2.591799688304
   16     -2.489060914122     -2.540945161851     -2.540945161851
  225   48
