   3   1   1 E -1.8527566017281E+04 DE 9.7E-08( 14)
  0.000000000000E+00  0.741897288846E+01  0.741897288846E+01
  0.741897288846E+01  0.000000000000E+00  0.741897288846E+01
  0.741897288846E+01  0.741897288846E+01  0.000000000000E+00
   48
  0.100000000000E+01 -0.000000000000E+00  0.000000000000E+00
 -0.000000000000E+00  0.100000000000E+01  0.000000000000E+00
 -0.000000000000E+00  0.000000000000E+00  0.100000000000E+01
  0.000000000000E+00  0.000000000000E+00  0.000000000000E+00
 -0.000000000000E+00 -0.100000000000E+01  0.000000000000E+00
  0.100000000000E+01  0.000000000000E+00  0.000000000000E+00
  0.000000000000E+00  0.000000000000E+00  0.100000000000E+01
  0.494598192564E+01  0.247299096282E+01  0.741897288846E+01
  0.000000000000E+00  0.100000000000E+01  0.000000000000E+00
 -0.100000000000E+01 -0.000000000000E+00  0.000000000000E+00
 -0.000000000000E+00 -0.000000000000E+00  0.100000000000E+01
  0.494598192564E+01  0.494598192564E+01  0.000000000000E+00
 -0.100000000000E+01  0.000000000000E+00  0.000000000000E+00
  0.000000000000E+00 -0.100000000000E+01  0.000000000000E+00
  0.000000000000E+00 -0.000000000000E+00  0.100000000000E+01
  0.989196385127E+01  0.741897288846E+01  0.741897288846E+01
  0.100000000000E+01  0.000000000000E+00 -0.000000000000E+00
 -0.000000000000E+00 -0.100000000000E+01 -0.000000000000E+00
 -0.000000000000E+00 -0.000000000000E+00 -0.100000000000E+01
  0.000000000000E+00  0.000000000000E+00  0.000000000000E+00
  0.000000000000E+00 -0.100000000000E+01 -0.000000000000E+00
 -0.100000000000E+01  0.000000000000E+00 -0.000000000000E+00
 -0.000000000000E+00  0.000000000000E+00 -0.100000000000E+01
  0.494598192564E+01  0.494598192564E+01  0.000000000000E+00
 -0.100000000000E+01 -0.000000000000E+00 -0.000000000000E+00
  0.000000000000E+00  0.100000000000E+01 -0.000000000000E+00
  0.000000000000E+00  0.000000000000E+00 -0.100000000000E+01
  0.989196385127E+01  0.741897288846E+01  0.741897288846E+01
 -0.000000000000E+00  0.100000000000E+01 -0.000000000000E+00
  0.100000000000E+01 -0.000000000000E+00 -0.000000000000E+00
  0.000000000000E+00 -0.000000000000E+00 -0.100000000000E+01
  0.494598192564E+01  0.247299096282E+01  0.741897288846E+01
 -0.000000000000E+00  0.000000000000E+00  0.100000000000E+01
  0.100000000000E+01  0.000000000000E+00 -0.000000000000E+00
  0.000000000000E+00  0.100000000000E+01 -0.000000000000E+00
  0.494598192564E+01  0.247299096282E+01  0.741897288846E+01
  0.000000000000E+00  0.100000000000E+01 -0.000000000000E+00
  0.000000000000E+00 -0.000000000000E+00  0.100000000000E+01
  0.100000000000E+01 -0.000000000000E+00  0.000000000000E+00
  0.494598192564E+01  0.741897288846E+01  0.247299096282E+01
  0.000000000000E+00 -0.000000000000E+00  0.100000000000E+01
 -0.100000000000E+01 -0.000000000000E+00 -0.000000000000E+00
 -0.000000000000E+00 -0.100000000000E+01 -0.000000000000E+00
  0.494598192564E+01  0.494598192564E+01  0.000000000000E+00
  0.000000000000E+00 -0.100000000000E+01  0.000000000000E+00
  0.000000000000E+00  0.000000000000E+00 -0.100000000000E+01
  0.100000000000E+01  0.000000000000E+00 -0.000000000000E+00
  0.494598192564E+01  0.741897288846E+01  0.247299096282E+01
 -0.000000000000E+00 -0.000000000000E+00 -0.100000000000E+01
  0.100000000000E+01 -0.000000000000E+00  0.000000000000E+00
  0.000000000000E+00 -0.100000000000E+01  0.000000000000E+00
  0.494598192564E+01  0.247299096282E+01  0.741897288846E+01
 -0.000000000000E+00  0.100000000000E+01  0.000000000000E+00
 -0.000000000000E+00 -0.000000000000E+00 -0.100000000000E+01
 -0.100000000000E+01 -0.000000000000E+00 -0.000000000000E+00
  0.494598192564E+01  0.000000000000E+00  0.494598192564E+01
  0.000000000000E+00  0.000000000000E+00 -0.100000000000E+01
 -0.100000000000E+01  0.000000000000E+00  0.000000000000E+00
 -0.000000000000E+00  0.100000000000E+01  0.000000000000E+00
  0.494598192564E+01  0.494598192564E+01  0.000000000000E+00
 -0.000000000000E+00 -0.100000000000E+01 -0.000000000000E+00
 -0.000000000000E+00  0.000000000000E+00  0.100000000000E+01
 -0.100000000000E+01  0.000000000000E+00  0.000000000000E+00
  0.494598192564E+01  0.000000000000E+00  0.494598192564E+01
  0.000000000000E+00  0.000000000000E+00  0.100000000000E+01
  0.000000000000E+00 -0.100000000000E+01 -0.000000000000E+00
  0.100000000000E+01 -0.000000000000E+00 -0.000000000000E+00
  0.494598192564E+01  0.741897288846E+01  0.247299096282E+01
  0.100000000000E+01 -0.000000000000E+00 -0.000000000000E+00
 -0.000000000000E+00 -0.000000000000E+00  0.100000000000E+01
 -0.000000000000E+00 -0.100000000000E+01  0.000000000000E+00
  0.000000000000E+00  0.000000000000E+00  0.000000000000E+00
  0.100000000000E+01  0.000000000000E+00  0.000000000000E+00
 -0.000000000000E+00  0.000000000000E+00 -0.100000000000E+01
 -0.000000000000E+00  0.100000000000E+01 -0.000000000000E+00
  0.000000000000E+00  0.000000000000E+00  0.000000000000E+00
 -0.100000000000E+01  0.000000000000E+00 -0.000000000000E+00
  0.000000000000E+00  0.000000000000E+00  0.100000000000E+01
  0.000000000000E+00  0.100000000000E+01  0.000000000000E+00
  0.989196385127E+01  0.741897288846E+01  0.741897288846E+01
 -0.000000000000E+00 -0.000000000000E+00  0.100000000000E+01
 -0.000000000000E+00  0.100000000000E+01 -0.000000000000E+00
 -0.100000000000E+01  0.000000000000E+00 -0.000000000000E+00
  0.494598192564E+01  0.000000000000E+00  0.494598192564E+01
  0.000000000000E+00 -0.000000000000E+00 -0.100000000000E+01
  0.000000000000E+00  0.100000000000E+01  0.000000000000E+00
  0.100000000000E+01  0.000000000000E+00  0.000000000000E+00
  0.494598192564E+01  0.741897288846E+01  0.247299096282E+01
 -0.000000000000E+00  0.000000000000E+00 -0.100000000000E+01
 -0.000000000000E+00 -0.100000000000E+01  0.000000000000E+00
 -0.100000000000E+01 -0.000000000000E+00  0.000000000000E+00
  0.494598192564E+01  0.000000000000E+00  0.494598192564E+01
 -0.100000000000E+01 -0.000000000000E+00  0.000000000000E+00
  0.000000000000E+00 -0.000000000000E+00 -0.100000000000E+01
  0.000000000000E+00 -0.100000000000E+01 -0.000000000000E+00
  0.989196385127E+01  0.741897288846E+01  0.741897288846E+01
 -0.100000000000E+01  0.000000000000E+00 -0.000000000000E+00
  0.000000000000E+00 -0.100000000000E+01 -0.000000000000E+00
  0.000000000000E+00 -0.000000000000E+00 -0.100000000000E+01
  0.989196385127E+01  0.741897288846E+01  0.741897288846E+01
  0.000000000000E+00  0.100000000000E+01 -0.000000000000E+00
 -0.100000000000E+01 -0.000000000000E+00 -0.000000000000E+00
 -0.000000000000E+00 -0.000000000000E+00 -0.100000000000E+01
  0.494598192564E+01  0.494598192564E+01  0.000000000000E+00
 -0.000000000000E+00 -0.100000000000E+01 -0.000000000000E+00
  0.100000000000E+01  0.000000000000E+00 -0.000000000000E+00
  0.000000000000E+00  0.000000000000E+00 -0.100000000000E+01
  0.494598192564E+01  0.247299096282E+01  0.741897288846E+01
  0.100000000000E+01 -0.000000000000E+00 -0.000000000000E+00
 -0.000000000000E+00  0.100000000000E+01 -0.000000000000E+00
 -0.000000000000E+00  0.000000000000E+00 -0.100000000000E+01
  0.000000000000E+00  0.000000000000E+00  0.000000000000E+00
 -0.100000000000E+01 -0.000000000000E+00  0.000000000000E+00
  0.000000000000E+00  0.100000000000E+01  0.000000000000E+00
  0.000000000000E+00  0.000000000000E+00  0.100000000000E+01
  0.989196385127E+01  0.741897288846E+01  0.741897288846E+01
 -0.000000000000E+00  0.100000000000E+01  0.000000000000E+00
  0.100000000000E+01 -0.000000000000E+00  0.000000000000E+00
  0.000000000000E+00 -0.000000000000E+00  0.100000000000E+01
  0.494598192564E+01  0.247299096282E+01  0.741897288846E+01
  0.100000000000E+01  0.000000000000E+00  0.000000000000E+00
 -0.000000000000E+00 -0.100000000000E+01  0.000000000000E+00
 -0.000000000000E+00 -0.000000000000E+00  0.100000000000E+01
  0.000000000000E+00  0.000000000000E+00  0.000000000000E+00
  0.000000000000E+00 -0.100000000000E+01  0.000000000000E+00
 -0.100000000000E+01  0.000000000000E+00  0.000000000000E+00
 -0.000000000000E+00  0.000000000000E+00  0.100000000000E+01
  0.494598192564E+01  0.494598192564E+01  0.000000000000E+00
  0.000000000000E+00 -0.000000000000E+00 -0.100000000000E+01
 -0.100000000000E+01 -0.000000000000E+00  0.000000000000E+00
 -0.000000000000E+00 -0.100000000000E+01  0.000000000000E+00
  0.494598192564E+01  0.494598192564E+01  0.000000000000E+00
 -0.000000000000E+00 -0.100000000000E+01  0.000000000000E+00
 -0.000000000000E+00  0.000000000000E+00 -0.100000000000E+01
 -0.100000000000E+01  0.000000000000E+00 -0.000000000000E+00
  0.494598192564E+01  0.000000000000E+00  0.494598192564E+01
 -0.000000000000E+00  0.000000000000E+00 -0.100000000000E+01
  0.100000000000E+01  0.000000000000E+00  0.000000000000E+00
  0.000000000000E+00  0.100000000000E+01  0.000000000000E+00
  0.494598192564E+01  0.247299096282E+01  0.741897288846E+01
 -0.000000000000E+00  0.100000000000E+01 -0.000000000000E+00
 -0.000000000000E+00 -0.000000000000E+00  0.100000000000E+01
 -0.100000000000E+01 -0.000000000000E+00  0.000000000000E+00
  0.494598192564E+01  0.000000000000E+00  0.494598192564E+01
  0.000000000000E+00  0.000000000000E+00  0.100000000000E+01
 -0.100000000000E+01  0.000000000000E+00 -0.000000000000E+00
 -0.000000000000E+00  0.100000000000E+01 -0.000000000000E+00
  0.494598192564E+01  0.494598192564E+01  0.000000000000E+00
  0.000000000000E+00 -0.100000000000E+01 -0.000000000000E+00
  0.000000000000E+00  0.000000000000E+00  0.100000000000E+01
  0.100000000000E+01  0.000000000000E+00  0.000000000000E+00
  0.494598192564E+01  0.741897288846E+01  0.247299096282E+01
 -0.000000000000E+00 -0.000000000000E+00  0.100000000000E+01
  0.100000000000E+01 -0.000000000000E+00 -0.000000000000E+00
  0.000000000000E+00 -0.100000000000E+01 -0.000000000000E+00
  0.494598192564E+01  0.247299096282E+01  0.741897288846E+01
  0.000000000000E+00  0.100000000000E+01  0.000000000000E+00
  0.000000000000E+00 -0.000000000000E+00 -0.100000000000E+01
  0.100000000000E+01 -0.000000000000E+00 -0.000000000000E+00
  0.494598192564E+01  0.741897288846E+01  0.247299096282E+01
 -0.000000000000E+00 -0.000000000000E+00 -0.100000000000E+01
 -0.000000000000E+00  0.100000000000E+01  0.000000000000E+00
 -0.100000000000E+01  0.000000000000E+00  0.000000000000E+00
  0.494598192564E+01  0.000000000000E+00  0.494598192564E+01
 -0.100000000000E+01  0.000000000000E+00  0.000000000000E+00
  0.000000000000E+00  0.000000000000E+00 -0.100000000000E+01
  0.000000000000E+00  0.100000000000E+01 -0.000000000000E+00
  0.989196385127E+01  0.741897288846E+01  0.741897288846E+01
 -0.100000000000E+01 -0.000000000000E+00 -0.000000000000E+00
  0.000000000000E+00 -0.000000000000E+00  0.100000000000E+01
  0.000000000000E+00 -0.100000000000E+01  0.000000000000E+00
  0.989196385127E+01  0.741897288846E+01  0.741897288846E+01
  0.100000000000E+01 -0.000000000000E+00  0.000000000000E+00
 -0.000000000000E+00 -0.000000000000E+00 -0.100000000000E+01
 -0.000000000000E+00 -0.100000000000E+01 -0.000000000000E+00
  0.000000000000E+00  0.000000000000E+00  0.000000000000E+00
  0.000000000000E+00  0.000000000000E+00 -0.100000000000E+01
  0.000000000000E+00 -0.100000000000E+01  0.000000000000E+00
  0.100000000000E+01 -0.000000000000E+00  0.000000000000E+00
  0.494598192564E+01  0.741897288846E+01  0.247299096282E+01
 -0.000000000000E+00  0.000000000000E+00  0.100000000000E+01
 -0.000000000000E+00 -0.100000000000E+01 -0.000000000000E+00
 -0.100000000000E+01 -0.000000000000E+00 -0.000000000000E+00
  0.494598192564E+01  0.000000000000E+00  0.494598192564E+01
  0.000000000000E+00 -0.000000000000E+00  0.100000000000E+01
  0.000000000000E+00  0.100000000000E+01 -0.000000000000E+00
  0.100000000000E+01  0.000000000000E+00 -0.000000000000E+00
  0.494598192564E+01  0.741897288846E+01  0.247299096282E+01
  0.100000000000E+01  0.000000000000E+00 -0.000000000000E+00
 -0.000000000000E+00  0.000000000000E+00  0.100000000000E+01
 -0.000000000000E+00  0.100000000000E+01  0.000000000000E+00
  0.000000000000E+00  0.000000000000E+00  0.000000000000E+00
   54
    3     -0.054173653258      0.000000000000      0.000000000000
    3      2.586874892187      2.359107033450     -0.000000000000
    3     -2.472990962818     -2.418817309561      0.000000000000
    3      2.586874892187      0.000000000000      2.359107033450
    3      4.945981925637      2.359107033450      2.359107033450
   22     -0.082834780500     -2.390156182319      2.390156182319
    3     -2.472990962818      0.000000000000     -2.418817309561
   22     -0.082834780500      2.390156182319     -2.390156182319
   22     -4.863147145137     -2.390156182319     -2.390156182319
   22     -0.082834780500      2.390156182319      2.390156182319
   22      2.555825743318      5.028816706137      2.390156182319
    3     -2.472990962818      0.000000000000      2.418817309561
   22      2.555825743318      2.390156182319      5.028816706137
    3      4.945981925637      5.059865855005      5.059865855005
    3     -0.113883929368      0.000000000000      5.059865855005
    3     -2.472990962818      2.418817309561      0.000000000000
    3     -0.113883929368      5.059865855005      0.000000000000
    3     -4.891808272379     -0.000000000000      0.000000000000
   22     -0.082834780500     -2.390156182319     -2.390156182319
    3      2.586874892187     -0.000000000000     -2.359107033450
    3     -2.472990962818     -5.059865855005     -2.359107033450
    3      2.586874892187     -2.359107033450     -0.000000000000
   22      4.945981925637     -0.000000000000     -0.000000000000
    3     -0.113883929368     -5.059865855005     -0.000000000000
    3     -2.472990962818     -2.359107033450     -5.059865855005
    3     -0.113883929368     -0.000000000000     -5.059865855005
   22     -4.863147145137     -5.028816706137     -5.028816706137
   16      2.384513914593      2.561468011044      2.561468011044
   16      4.945981925637      4.897536674383      2.521436214073
   16      0.048445251254     -0.000000000000      2.521436214073
   16      4.945981925637      2.521436214073      4.897536674383
   16      7.507449936681      4.857504877411      4.857504877411
   16      2.424545711564     -0.000000000000      4.897536674383
   16      0.048445251254      2.521436214073     -0.000000000000
   16      2.424545711564      4.897536674383      0.000000000000
   16     -2.472990962818     -0.000000000000     -0.000000000000
   16      2.384513914593      4.857504877411      4.857504877411
   16      4.945981925637      7.418972888455      4.979760340187
   16      0.088477048226      2.561468011044      4.857504877411
   16      4.945981925637      4.979760340187      7.418972888455
   16      7.385194473905      7.418972888455      7.418972888455
   16      2.424545711564      2.521436214073      7.418972888455
   16      0.088477048226      4.857504877411      2.561468011044
   16      2.424545711564      7.418972888455      2.521436214073
   16     -2.472990962818      2.521436214073      2.521436214073
   16      2.506769377369     -0.000000000000     -0.000000000000
   16      4.945981925637      2.439212548268     -0.000000000000
   16      0.048445251254     -2.521436214073     -0.000000000000
   16      4.945981925637     -0.000000000000      2.439212548268
   16      7.507449936681      2.561468011044      2.561468011044
   16      2.384513914593     -2.561468011044      2.561468011044
   16      0.048445251254     -0.000000000000     -2.521436214073
   16      2.384513914593      2.561468011044     -2.561468011044
   16     -2.472990962818     -2.521436214073     -2.521436214073
  225   48
