   3   1   1 E -1.8527572280765E+04 DE 4.4E-09(  5)
  0.000000000000E+00  0.746738130681E+01  0.746738130681E+01
  0.746738130681E+01  0.000000000000E+00  0.746738130681E+01
  0.746738130681E+01  0.746738130681E+01  0.000000000000E+00
   48
  0.100000000000E+01 -0.000000000000E+00  0.000000000000E+00
 -0.000000000000E+00  0.100000000000E+01  0.000000000000E+00
 -0.000000000000E+00  0.000000000000E+00  0.100000000000E+01
  0.000000000000E+00  0.000000000000E+00  0.000000000000E+00
 -0.000000000000E+00 -0.100000000000E+01  0.000000000000E+00
  0.100000000000E+01  0.000000000000E+00  0.000000000000E+00
  0.000000000000E+00  0.000000000000E+00  0.100000000000E+01
  0.497825420454E+01  0.248912710227E+01  0.746738130681E+01
  0.000000000000E+00  0.100000000000E+01  0.000000000000E+00
 -0.100000000000E+01 -0.000000000000E+00  0.000000000000E+00
 -0.000000000000E+00 -0.000000000000E+00  0.100000000000E+01
  0.497825420454E+01  0.497825420454E+01  0.000000000000E+00
 -0.100000000000E+01  0.000000000000E+00  0.000000000000E+00
  0.000000000000E+00 -0.100000000000E+01  0.000000000000E+00
  0.000000000000E+00 -0.000000000000E+00  0.100000000000E+01
  0.995650840907E+01  0.746738130681E+01  0.746738130681E+01
  0.100000000000E+01  0.000000000000E+00 -0.000000000000E+00
 -0.000000000000E+00 -0.100000000000E+01 -0.000000000000E+00
 -0.000000000000E+00 -0.000000000000E+00 -0.100000000000E+01
  0.000000000000E+00  0.000000000000E+00  0.000000000000E+00
  0.000000000000E+00 -0.100000000000E+01 -0.000000000000E+00
 -0.100000000000E+01  0.000000000000E+00 -0.000000000000E+00
 -0.000000000000E+00  0.000000000000E+00 -0.100000000000E+01
  0.497825420454E+01  0.497825420454E+01  0.000000000000E+00
 -0.100000000000E+01 -0.000000000000E+00 -0.000000000000E+00
  0.000000000000E+00  0.100000000000E+01 -0.000000000000E+00
  0.000000000000E+00  0.000000000000E+00 -0.100000000000E+01
  0.995650840907E+01  0.746738130681E+01  0.746738130681E+01
 -0.000000000000E+00  0.100000000000E+01 -0.000000000000E+00
  0.100000000000E+01 -0.000000000000E+00 -0.000000000000E+00
  0.000000000000E+00 -0.000000000000E+00 -0.100000000000E+01
  0.497825420454E+01  0.248912710227E+01  0.746738130681E+01
 -0.000000000000E+00  0.000000000000E+00  0.100000000000E+01
  0.100000000000E+01  0.000000000000E+00 -0.000000000000E+00
  0.000000000000E+00  0.100000000000E+01 -0.000000000000E+00
  0.497825420454E+01  0.248912710227E+01  0.746738130681E+01
  0.000000000000E+00  0.100000000000E+01 -0.000000000000E+00
  0.000000000000E+00 -0.000000000000E+00  0.100000000000E+01
  0.100000000000E+01 -0.000000000000E+00  0.000000000000E+00
  0.497825420454E+01  0.746738130681E+01  0.248912710227E+01
  0.000000000000E+00 -0.000000000000E+00  0.100000000000E+01
 -0.100000000000E+01 -0.000000000000E+00 -0.000000000000E+00
 -0.000000000000E+00 -0.100000000000E+01 -0.000000000000E+00
  0.497825420454E+01  0.497825420454E+01  0.000000000000E+00
  0.000000000000E+00 -0.100000000000E+01  0.000000000000E+00
  0.000000000000E+00  0.000000000000E+00 -0.100000000000E+01
  0.100000000000E+01  0.000000000000E+00 -0.000000000000E+00
  0.497825420454E+01  0.746738130681E+01  0.248912710227E+01
 -0.000000000000E+00 -0.000000000000E+00 -0.100000000000E+01
  0.100000000000E+01 -0.000000000000E+00  0.000000000000E+00
  0.000000000000E+00 -0.100000000000E+01  0.000000000000E+00
  0.497825420454E+01  0.248912710227E+01  0.746738130681E+01
 -0.000000000000E+00  0.100000000000E+01  0.000000000000E+00
 -0.000000000000E+00 -0.000000000000E+00 -0.100000000000E+01
 -0.100000000000E+01 -0.000000000000E+00 -0.000000000000E+00
  0.497825420454E+01  0.000000000000E+00  0.497825420454E+01
  0.000000000000E+00  0.000000000000E+00 -0.100000000000E+01
 -0.100000000000E+01  0.000000000000E+00  0.000000000000E+00
 -0.000000000000E+00  0.100000000000E+01  0.000000000000E+00
  0.497825420454E+01  0.497825420454E+01  0.000000000000E+00
 -0.000000000000E+00 -0.100000000000E+01 -0.000000000000E+00
 -0.000000000000E+00  0.000000000000E+00  0.100000000000E+01
 -0.100000000000E+01  0.000000000000E+00  0.000000000000E+00
  0.497825420454E+01  0.000000000000E+00  0.497825420454E+01
  0.000000000000E+00  0.000000000000E+00  0.100000000000E+01
  0.000000000000E+00 -0.100000000000E+01 -0.000000000000E+00
  0.100000000000E+01 -0.000000000000E+00 -0.000000000000E+00
  0.497825420454E+01  0.746738130681E+01  0.248912710227E+01
  0.100000000000E+01 -0.000000000000E+00 -0.000000000000E+00
 -0.000000000000E+00 -0.000000000000E+00  0.100000000000E+01
 -0.000000000000E+00 -0.100000000000E+01  0.000000000000E+00
  0.000000000000E+00  0.000000000000E+00  0.000000000000E+00
  0.100000000000E+01  0.000000000000E+00  0.000000000000E+00
 -0.000000000000E+00  0.000000000000E+00 -0.100000000000E+01
 -0.000000000000E+00  0.100000000000E+01 -0.000000000000E+00
  0.000000000000E+00  0.000000000000E+00  0.000000000000E+00
 -0.100000000000E+01  0.000000000000E+00 -0.000000000000E+00
  0.000000000000E+00  0.000000000000E+00  0.100000000000E+01
  0.000000000000E+00  0.100000000000E+01  0.000000000000E+00
  0.995650840907E+01  0.746738130681E+01  0.746738130681E+01
 -0.000000000000E+00 -0.000000000000E+00  0.100000000000E+01
 -0.000000000000E+00  0.100000000000E+01 -0.000000000000E+00
 -0.100000000000E+01  0.000000000000E+00 -0.000000000000E+00
  0.497825420454E+01  0.000000000000E+00  0.497825420454E+01
  0.000000000000E+00 -0.000000000000E+00 -0.100000000000E+01
  0.000000000000E+00  0.100000000000E+01  0.000000000000E+00
  0.100000000000E+01  0.000000000000E+00  0.000000000000E+00
  0.497825420454E+01  0.746738130681E+01  0.248912710227E+01
 -0.000000000000E+00  0.000000000000E+00 -0.100000000000E+01
 -0.000000000000E+00 -0.100000000000E+01  0.000000000000E+00
 -0.100000000000E+01 -0.000000000000E+00  0.000000000000E+00
  0.497825420454E+01  0.000000000000E+00  0.497825420454E+01
 -0.100000000000E+01 -0.000000000000E+00  0.000000000000E+00
  0.000000000000E+00 -0.000000000000E+00 -0.100000000000E+01
  0.000000000000E+00 -0.100000000000E+01 -0.000000000000E+00
  0.995650840907E+01  0.746738130681E+01  0.746738130681E+01
 -0.100000000000E+01  0.000000000000E+00 -0.000000000000E+00
  0.000000000000E+00 -0.100000000000E+01 -0.000000000000E+00
  0.000000000000E+00 -0.000000000000E+00 -0.100000000000E+01
  0.995650840907E+01  0.746738130681E+01  0.746738130681E+01
  0.000000000000E+00  0.100000000000E+01 -0.000000000000E+00
 -0.100000000000E+01 -0.000000000000E+00 -0.000000000000E+00
 -0.000000000000E+00 -0.000000000000E+00 -0.100000000000E+01
  0.497825420454E+01  0.497825420454E+01  0.000000000000E+00
 -0.000000000000E+00 -0.100000000000E+01 -0.000000000000E+00
  0.100000000000E+01  0.000000000000E+00 -0.000000000000E+00
  0.000000000000E+00  0.000000000000E+00 -0.100000000000E+01
  0.497825420454E+01  0.248912710227E+01  0.746738130681E+01
  0.100000000000E+01 -0.000000000000E+00 -0.000000000000E+00
 -0.000000000000E+00  0.100000000000E+01 -0.000000000000E+00
 -0.000000000000E+00  0.000000000000E+00 -0.100000000000E+01
  0.000000000000E+00  0.000000000000E+00  0.000000000000E+00
 -0.100000000000E+01 -0.000000000000E+00  0.000000000000E+00
  0.000000000000E+00  0.100000000000E+01  0.000000000000E+00
  0.000000000000E+00  0.000000000000E+00  0.100000000000E+01
  0.995650840907E+01  0.746738130681E+01  0.746738130681E+01
 -0.000000000000E+00  0.100000000000E+01  0.000000000000E+00
  0.100000000000E+01 -0.000000000000E+00  0.000000000000E+00
  0.000000000000E+00 -0.000000000000E+00  0.100000000000E+01
  0.497825420454E+01  0.248912710227E+01  0.746738130681E+01
  0.100000000000E+01  0.000000000000E+00  0.000000000000E+00
 -0.000000000000E+00 -0.100000000000E+01  0.000000000000E+00
 -0.000000000000E+00 -0.000000000000E+00  0.100000000000E+01
  0.000000000000E+00  0.000000000000E+00  0.000000000000E+00
  0.000000000000E+00 -0.100000000000E+01  0.000000000000E+00
 -0.100000000000E+01  0.000000000000E+00  0.000000000000E+00
 -0.000000000000E+00  0.000000000000E+00  0.100000000000E+01
  0.497825420454E+01  0.497825420454E+01  0.000000000000E+00
  0.000000000000E+00 -0.000000000000E+00 -0.100000000000E+01
 -0.100000000000E+01 -0.000000000000E+00  0.000000000000E+00
 -0.000000000000E+00 -0.100000000000E+01  0.000000000000E+00
  0.497825420454E+01  0.497825420454E+01  0.000000000000E+00
 -0.000000000000E+00 -0.100000000000E+01  0.000000000000E+00
 -0.000000000000E+00  0.000000000000E+00 -0.100000000000E+01
 -0.100000000000E+01  0.000000000000E+00 -0.000000000000E+00
  0.497825420454E+01  0.000000000000E+00  0.497825420454E+01
 -0.000000000000E+00  0.000000000000E+00 -0.100000000000E+01
  0.100000000000E+01  0.000000000000E+00  0.000000000000E+00
  0.000000000000E+00  0.100000000000E+01  0.000000000000E+00
  0.497825420454E+01  0.248912710227E+01  0.746738130681E+01
 -0.000000000000E+00  0.100000000000E+01 -0.000000000000E+00
 -0.000000000000E+00 -0.000000000000E+00  0.100000000000E+01
 -0.100000000000E+01 -0.000000000000E+00  0.000000000000E+00
  0.497825420454E+01  0.000000000000E+00  0.497825420454E+01
  0.000000000000E+00  0.000000000000E+00  0.100000000000E+01
 -0.100000000000E+01  0.000000000000E+00 -0.000000000000E+00
 -0.000000000000E+00  0.100000000000E+01 -0.000000000000E+00
  0.497825420454E+01  0.497825420454E+01  0.000000000000E+00
  0.000000000000E+00 -0.100000000000E+01 -0.000000000000E+00
  0.000000000000E+00  0.000000000000E+00  0.100000000000E+01
  0.100000000000E+01  0.000000000000E+00  0.000000000000E+00
  0.497825420454E+01  0.746738130681E+01  0.248912710227E+01
 -0.000000000000E+00 -0.000000000000E+00  0.100000000000E+01
  0.100000000000E+01 -0.000000000000E+00 -0.000000000000E+00
  0.000000000000E+00 -0.100000000000E+01 -0.000000000000E+00
  0.497825420454E+01  0.248912710227E+01  0.746738130681E+01
  0.000000000000E+00  0.100000000000E+01  0.000000000000E+00
  0.000000000000E+00 -0.000000000000E+00 -0.100000000000E+01
  0.100000000000E+01 -0.000000000000E+00 -0.000000000000E+00
  0.497825420454E+01  0.746738130681E+01  0.248912710227E+01
 -0.000000000000E+00 -0.000000000000E+00 -0.100000000000E+01
 -0.000000000000E+00  0.100000000000E+01  0.000000000000E+00
 -0.100000000000E+01  0.000000000000E+00  0.000000000000E+00
  0.497825420454E+01  0.000000000000E+00  0.497825420454E+01
 -0.100000000000E+01  0.000000000000E+00  0.000000000000E+00
  0.000000000000E+00  0.000000000000E+00 -0.100000000000E+01
  0.000000000000E+00  0.100000000000E+01 -0.000000000000E+00
  0.995650840907E+01  0.746738130681E+01  0.746738130681E+01
 -0.100000000000E+01 -0.000000000000E+00 -0.000000000000E+00
  0.000000000000E+00 -0.000000000000E+00  0.100000000000E+01
  0.000000000000E+00 -0.100000000000E+01  0.000000000000E+00
  0.995650840907E+01  0.746738130681E+01  0.746738130681E+01
  0.100000000000E+01 -0.000000000000E+00  0.000000000000E+00
 -0.000000000000E+00 -0.000000000000E+00 -0.100000000000E+01
 -0.000000000000E+00 -0.100000000000E+01 -0.000000000000E+00
  0.000000000000E+00  0.000000000000E+00  0.000000000000E+00
  0.000000000000E+00  0.000000000000E+00 -0.100000000000E+01
  0.000000000000E+00 -0.100000000000E+01  0.000000000000E+00
  0.100000000000E+01 -0.000000000000E+00  0.000000000000E+00
  0.497825420454E+01  0.746738130681E+01  0.248912710227E+01
 -0.000000000000E+00  0.000000000000E+00  0.100000000000E+01
 -0.000000000000E+00 -0.100000000000E+01 -0.000000000000E+00
 -0.100000000000E+01 -0.000000000000E+00 -0.000000000000E+00
  0.497825420454E+01  0.000000000000E+00  0.497825420454E+01
  0.000000000000E+00 -0.000000000000E+00  0.100000000000E+01
  0.000000000000E+00  0.100000000000E+01 -0.000000000000E+00
  0.100000000000E+01  0.000000000000E+00 -0.000000000000E+00
  0.497825420454E+01  0.746738130681E+01  0.248912710227E+01
  0.100000000000E+01  0.000000000000E+00 -0.000000000000E+00
 -0.000000000000E+00  0.000000000000E+00  0.100000000000E+01
 -0.000000000000E+00  0.100000000000E+01  0.000000000000E+00
  0.000000000000E+00  0.000000000000E+00  0.000000000000E+00
   54
    3     -0.085759850066      0.000000000000      0.000000000000
    3      2.640725052284      2.337529152253     -0.000000000000
    3     -2.489127102269     -2.403367252203      0.000000000000
    3      2.640725052284      0.000000000000      2.337529152253
    3      4.978254204537      2.337529152253      2.337529152253
   22     -0.080478391049     -2.408648711220      2.408648711220
    3     -2.489127102269      0.000000000000     -2.403367252203
   22     -0.080478391049      2.408648711220     -2.408648711220
   22     -4.897775813488     -2.408648711220     -2.408648711220
   22     -0.080478391049      2.408648711220      2.408648711220
   22      2.569605493318      5.058732595586      2.408648711220
    3     -2.489127102269      0.000000000000      2.403367252203
   22      2.569605493318      2.408648711220      5.058732595586
    3      4.978254204537      5.129852154553      5.129852154553
    3     -0.151597950015      0.000000000000      5.129852154553
    3     -2.489127102269      2.403367252203      0.000000000000
    3     -0.151597950015      5.129852154553      0.000000000000
    3     -4.892494354471     -0.000000000000      0.000000000000
   22     -0.080478391049     -2.408648711220     -2.408648711220
    3      2.640725052284     -0.000000000000     -2.337529152253
    3     -2.489127102269     -5.129852154553     -2.337529152253
    3      2.640725052284     -2.337529152253     -0.000000000000
   22      4.978254204537     -0.000000000000     -0.000000000000
    3     -0.151597950015     -5.129852154553     -0.000000000000
    3     -2.489127102269     -2.337529152253     -5.129852154553
    3     -0.151597950015     -0.000000000000     -5.129852154553
   22     -4.897775813488     -5.058732595586     -5.058732595586
   16      2.386269750156      2.591984454382      2.591984454382
   16      4.978254204537      4.925883374747      2.541497932059
   16      0.052370829790     -0.000000000000      2.541497932059
   16      4.978254204537      2.541497932059      4.925883374747
   16      7.570238658919      4.875396852424      4.875396852424
   16      2.436756272478     -0.000000000000      4.925883374747
   16      0.052370829790      2.541497932059     -0.000000000000
   16      2.436756272478      4.925883374747      0.000000000000
   16     -2.489127102269     -0.000000000000     -0.000000000000
   16      2.386269750156      4.875396852424      4.875396852424
   16      4.978254204537      7.467381306806      5.022335271767
   16      0.102857352113      2.591984454382      4.875396852424
   16      4.978254204537      5.022335271767      7.467381306806
   16      7.423300239576      7.467381306806      7.467381306806
   16      2.436756272478      2.541497932059      7.467381306806
   16      0.102857352113      4.875396852424      2.591984454382
   16      2.436756272478      7.467381306806      2.541497932059
   16     -2.489127102269      2.541497932059      2.541497932059
   16      2.533208169498     -0.000000000000     -0.000000000000
   16      4.978254204537      2.445046035039     -0.000000000000
   16      0.052370829790     -2.541497932059     -0.000000000000
   16      4.978254204537     -0.000000000000      2.445046035039
   16      7.570238658919      2.591984454382      2.591984454382
   16      2.386269750156     -2.591984454382      2.591984454382
   16      0.052370829790     -0.000000000000     -2.541497932059
   16      2.386269750156      2.591984454382     -2.591984454382
   16     -2.489127102269     -2.541497932059     -2.541497932059
  225   48
