   3   1   1 E -1.8527572279415E+04 DE-3.8E-08(  6)
  0.000000000000E+00  0.746717236531E+01  0.746717236531E+01
  0.746717236531E+01  0.000000000000E+00  0.746717236531E+01
  0.746717236531E+01  0.746717236531E+01  0.000000000000E+00
   48
  0.100000000000E+01 -0.000000000000E+00  0.000000000000E+00
 -0.000000000000E+00  0.100000000000E+01  0.000000000000E+00
 -0.000000000000E+00  0.000000000000E+00  0.100000000000E+01
  0.000000000000E+00  0.000000000000E+00  0.000000000000E+00
 -0.000000000000E+00 -0.100000000000E+01  0.000000000000E+00
  0.100000000000E+01  0.000000000000E+00  0.000000000000E+00
  0.000000000000E+00  0.000000000000E+00  0.100000000000E+01
  0.497811491021E+01  0.248905745510E+01  0.746717236531E+01
  0.000000000000E+00  0.100000000000E+01  0.000000000000E+00
 -0.100000000000E+01 -0.000000000000E+00  0.000000000000E+00
 -0.000000000000E+00 -0.000000000000E+00  0.100000000000E+01
  0.497811491021E+01  0.497811491021E+01  0.000000000000E+00
 -0.100000000000E+01  0.000000000000E+00  0.000000000000E+00
  0.000000000000E+00 -0.100000000000E+01  0.000000000000E+00
  0.000000000000E+00 -0.000000000000E+00  0.100000000000E+01
  0.995622982041E+01  0.746717236531E+01  0.746717236531E+01
  0.100000000000E+01  0.000000000000E+00 -0.000000000000E+00
 -0.000000000000E+00 -0.100000000000E+01 -0.000000000000E+00
 -0.000000000000E+00 -0.000000000000E+00 -0.100000000000E+01
  0.000000000000E+00  0.000000000000E+00  0.000000000000E+00
  0.000000000000E+00 -0.100000000000E+01 -0.000000000000E+00
 -0.100000000000E+01  0.000000000000E+00 -0.000000000000E+00
 -0.000000000000E+00  0.000000000000E+00 -0.100000000000E+01
  0.497811491021E+01  0.497811491021E+01  0.000000000000E+00
 -0.100000000000E+01 -0.000000000000E+00 -0.000000000000E+00
  0.000000000000E+00  0.100000000000E+01 -0.000000000000E+00
  0.000000000000E+00  0.000000000000E+00 -0.100000000000E+01
  0.995622982041E+01  0.746717236531E+01  0.746717236531E+01
 -0.000000000000E+00  0.100000000000E+01 -0.000000000000E+00
  0.100000000000E+01 -0.000000000000E+00 -0.000000000000E+00
  0.000000000000E+00 -0.000000000000E+00 -0.100000000000E+01
  0.497811491021E+01  0.248905745510E+01  0.746717236531E+01
 -0.000000000000E+00  0.000000000000E+00  0.100000000000E+01
  0.100000000000E+01  0.000000000000E+00 -0.000000000000E+00
  0.000000000000E+00  0.100000000000E+01 -0.000000000000E+00
  0.497811491021E+01  0.248905745510E+01  0.746717236531E+01
  0.000000000000E+00  0.100000000000E+01 -0.000000000000E+00
  0.000000000000E+00 -0.000000000000E+00  0.100000000000E+01
  0.100000000000E+01 -0.000000000000E+00  0.000000000000E+00
  0.497811491021E+01  0.746717236531E+01  0.248905745510E+01
  0.000000000000E+00 -0.000000000000E+00  0.100000000000E+01
 -0.100000000000E+01 -0.000000000000E+00 -0.000000000000E+00
 -0.000000000000E+00 -0.100000000000E+01 -0.000000000000E+00
  0.497811491021E+01  0.497811491021E+01  0.000000000000E+00
  0.000000000000E+00 -0.100000000000E+01  0.000000000000E+00
  0.000000000000E+00  0.000000000000E+00 -0.100000000000E+01
  0.100000000000E+01  0.000000000000E+00 -0.000000000000E+00
  0.497811491021E+01  0.746717236531E+01  0.248905745510E+01
 -0.000000000000E+00 -0.000000000000E+00 -0.100000000000E+01
  0.100000000000E+01 -0.000000000000E+00  0.000000000000E+00
  0.000000000000E+00 -0.100000000000E+01  0.000000000000E+00
  0.497811491021E+01  0.248905745510E+01  0.746717236531E+01
 -0.000000000000E+00  0.100000000000E+01  0.000000000000E+00
 -0.000000000000E+00 -0.000000000000E+00 -0.100000000000E+01
 -0.100000000000E+01 -0.000000000000E+00 -0.000000000000E+00
  0.497811491021E+01  0.000000000000E+00  0.497811491021E+01
  0.000000000000E+00  0.000000000000E+00 -0.100000000000E+01
 -0.100000000000E+01  0.000000000000E+00  0.000000000000E+00
 -0.000000000000E+00  0.100000000000E+01  0.000000000000E+00
  0.497811491021E+01  0.497811491021E+01  0.000000000000E+00
 -0.000000000000E+00 -0.100000000000E+01 -0.000000000000E+00
 -0.000000000000E+00  0.000000000000E+00  0.100000000000E+01
 -0.100000000000E+01  0.000000000000E+00  0.000000000000E+00
  0.497811491021E+01  0.000000000000E+00  0.497811491021E+01
  0.000000000000E+00  0.000000000000E+00  0.100000000000E+01
  0.000000000000E+00 -0.100000000000E+01 -0.000000000000E+00
  0.100000000000E+01 -0.000000000000E+00 -0.000000000000E+00
  0.497811491021E+01  0.746717236531E+01  0.248905745510E+01
  0.100000000000E+01 -0.000000000000E+00 -0.000000000000E+00
 -0.000000000000E+00 -0.000000000000E+00  0.100000000000E+01
 -0.000000000000E+00 -0.100000000000E+01  0.000000000000E+00
  0.000000000000E+00  0.000000000000E+00  0.000000000000E+00
  0.100000000000E+01  0.000000000000E+00  0.000000000000E+00
 -0.000000000000E+00  0.000000000000E+00 -0.100000000000E+01
 -0.000000000000E+00  0.100000000000E+01 -0.000000000000E+00
  0.000000000000E+00  0.000000000000E+00  0.000000000000E+00
 -0.100000000000E+01  0.000000000000E+00 -0.000000000000E+00
  0.000000000000E+00  0.000000000000E+00  0.100000000000E+01
  0.000000000000E+00  0.100000000000E+01  0.000000000000E+00
  0.995622982041E+01  0.746717236531E+01  0.746717236531E+01
 -0.000000000000E+00 -0.000000000000E+00  0.100000000000E+01
 -0.000000000000E+00  0.100000000000E+01 -0.000000000000E+00
 -0.100000000000E+01  0.000000000000E+00 -0.000000000000E+00
  0.497811491021E+01  0.000000000000E+00  0.497811491021E+01
  0.000000000000E+00 -0.000000000000E+00 -0.100000000000E+01
  0.000000000000E+00  0.100000000000E+01  0.000000000000E+00
  0.100000000000E+01  0.000000000000E+00  0.000000000000E+00
  0.497811491021E+01  0.746717236531E+01  0.248905745510E+01
 -0.000000000000E+00  0.000000000000E+00 -0.100000000000E+01
 -0.000000000000E+00 -0.100000000000E+01  0.000000000000E+00
 -0.100000000000E+01 -0.000000000000E+00  0.000000000000E+00
  0.497811491021E+01  0.000000000000E+00  0.497811491021E+01
 -0.100000000000E+01 -0.000000000000E+00  0.000000000000E+00
  0.000000000000E+00 -0.000000000000E+00 -0.100000000000E+01
  0.000000000000E+00 -0.100000000000E+01 -0.000000000000E+00
  0.995622982041E+01  0.746717236531E+01  0.746717236531E+01
 -0.100000000000E+01  0.000000000000E+00 -0.000000000000E+00
  0.000000000000E+00 -0.100000000000E+01 -0.000000000000E+00
  0.000000000000E+00 -0.000000000000E+00 -0.100000000000E+01
  0.995622982041E+01  0.746717236531E+01  0.746717236531E+01
  0.000000000000E+00  0.100000000000E+01 -0.000000000000E+00
 -0.100000000000E+01 -0.000000000000E+00 -0.000000000000E+00
 -0.000000000000E+00 -0.000000000000E+00 -0.100000000000E+01
  0.497811491021E+01  0.497811491021E+01  0.000000000000E+00
 -0.000000000000E+00 -0.100000000000E+01 -0.000000000000E+00
  0.100000000000E+01  0.000000000000E+00 -0.000000000000E+00
  0.000000000000E+00  0.000000000000E+00 -0.100000000000E+01
  0.497811491021E+01  0.248905745510E+01  0.746717236531E+01
  0.100000000000E+01 -0.000000000000E+00 -0.000000000000E+00
 -0.000000000000E+00  0.100000000000E+01 -0.000000000000E+00
 -0.000000000000E+00  0.000000000000E+00 -0.100000000000E+01
  0.000000000000E+00  0.000000000000E+00  0.000000000000E+00
 -0.100000000000E+01 -0.000000000000E+00  0.000000000000E+00
  0.000000000000E+00  0.100000000000E+01  0.000000000000E+00
  0.000000000000E+00  0.000000000000E+00  0.100000000000E+01
  0.995622982041E+01  0.746717236531E+01  0.746717236531E+01
 -0.000000000000E+00  0.100000000000E+01  0.000000000000E+00
  0.100000000000E+01 -0.000000000000E+00  0.000000000000E+00
  0.000000000000E+00 -0.000000000000E+00  0.100000000000E+01
  0.497811491021E+01  0.248905745510E+01  0.746717236531E+01
  0.100000000000E+01  0.000000000000E+00  0.000000000000E+00
 -0.000000000000E+00 -0.100000000000E+01  0.000000000000E+00
 -0.000000000000E+00 -0.000000000000E+00  0.100000000000E+01
  0.000000000000E+00  0.000000000000E+00  0.000000000000E+00
  0.000000000000E+00 -0.100000000000E+01  0.000000000000E+00
 -0.100000000000E+01  0.000000000000E+00  0.000000000000E+00
 -0.000000000000E+00  0.000000000000E+00  0.100000000000E+01
  0.497811491021E+01  0.497811491021E+01  0.000000000000E+00
  0.000000000000E+00 -0.000000000000E+00 -0.100000000000E+01
 -0.100000000000E+01 -0.000000000000E+00  0.000000000000E+00
 -0.000000000000E+00 -0.100000000000E+01  0.000000000000E+00
  0.497811491021E+01  0.497811491021E+01  0.000000000000E+00
 -0.000000000000E+00 -0.100000000000E+01  0.000000000000E+00
 -0.000000000000E+00  0.000000000000E+00 -0.100000000000E+01
 -0.100000000000E+01  0.000000000000E+00 -0.000000000000E+00
  0.497811491021E+01  0.000000000000E+00  0.497811491021E+01
 -0.000000000000E+00  0.000000000000E+00 -0.100000000000E+01
  0.100000000000E+01  0.000000000000E+00  0.000000000000E+00
  0.000000000000E+00  0.100000000000E+01  0.000000000000E+00
  0.497811491021E+01  0.248905745510E+01  0.746717236531E+01
 -0.000000000000E+00  0.100000000000E+01 -0.000000000000E+00
 -0.000000000000E+00 -0.000000000000E+00  0.100000000000E+01
 -0.100000000000E+01 -0.000000000000E+00  0.000000000000E+00
  0.497811491021E+01  0.000000000000E+00  0.497811491021E+01
  0.000000000000E+00  0.000000000000E+00  0.100000000000E+01
 -0.100000000000E+01  0.000000000000E+00 -0.000000000000E+00
 -0.000000000000E+00  0.100000000000E+01 -0.000000000000E+00
  0.497811491021E+01  0.497811491021E+01  0.000000000000E+00
  0.000000000000E+00 -0.100000000000E+01 -0.000000000000E+00
  0.000000000000E+00  0.000000000000E+00  0.100000000000E+01
  0.100000000000E+01  0.000000000000E+00  0.000000000000E+00
  0.497811491021E+01  0.746717236531E+01  0.248905745510E+01
 -0.000000000000E+00 -0.000000000000E+00  0.100000000000E+01
  0.100000000000E+01 -0.000000000000E+00 -0.000000000000E+00
  0.000000000000E+00 -0.100000000000E+01 -0.000000000000E+00
  0.497811491021E+01  0.248905745510E+01  0.746717236531E+01
  0.000000000000E+00  0.100000000000E+01  0.000000000000E+00
  0.000000000000E+00 -0.000000000000E+00 -0.100000000000E+01
  0.100000000000E+01 -0.000000000000E+00 -0.000000000000E+00
  0.497811491021E+01  0.746717236531E+01  0.248905745510E+01
 -0.000000000000E+00 -0.000000000000E+00 -0.100000000000E+01
 -0.000000000000E+00  0.100000000000E+01  0.000000000000E+00
 -0.100000000000E+01  0.000000000000E+00  0.000000000000E+00
  0.497811491021E+01  0.000000000000E+00  0.497811491021E+01
 -0.100000000000E+01  0.000000000000E+00  0.000000000000E+00
  0.000000000000E+00  0.000000000000E+00 -0.100000000000E+01
  0.000000000000E+00  0.100000000000E+01 -0.000000000000E+00
  0.995622982041E+01  0.746717236531E+01  0.746717236531E+01
 -0.100000000000E+01 -0.000000000000E+00 -0.000000000000E+00
  0.000000000000E+00 -0.000000000000E+00  0.100000000000E+01
  0.000000000000E+00 -0.100000000000E+01  0.000000000000E+00
  0.995622982041E+01  0.746717236531E+01  0.746717236531E+01
  0.100000000000E+01 -0.000000000000E+00  0.000000000000E+00
 -0.000000000000E+00 -0.000000000000E+00 -0.100000000000E+01
 -0.000000000000E+00 -0.100000000000E+01 -0.000000000000E+00
  0.000000000000E+00  0.000000000000E+00  0.000000000000E+00
  0.000000000000E+00  0.000000000000E+00 -0.100000000000E+01
  0.000000000000E+00 -0.100000000000E+01  0.000000000000E+00
  0.100000000000E+01 -0.000000000000E+00  0.000000000000E+00
  0.497811491021E+01  0.746717236531E+01  0.248905745510E+01
 -0.000000000000E+00  0.000000000000E+00  0.100000000000E+01
 -0.000000000000E+00 -0.100000000000E+01 -0.000000000000E+00
 -0.100000000000E+01 -0.000000000000E+00 -0.000000000000E+00
  0.497811491021E+01  0.000000000000E+00  0.497811491021E+01
  0.000000000000E+00 -0.000000000000E+00  0.100000000000E+01
  0.000000000000E+00  0.100000000000E+01 -0.000000000000E+00
  0.100000000000E+01  0.000000000000E+00 -0.000000000000E+00
  0.497811491021E+01  0.746717236531E+01  0.248905745510E+01
  0.100000000000E+01  0.000000000000E+00 -0.000000000000E+00
 -0.000000000000E+00  0.000000000000E+00  0.100000000000E+01
 -0.000000000000E+00  0.100000000000E+01  0.000000000000E+00
  0.000000000000E+00  0.000000000000E+00  0.000000000000E+00
   54
    3     -0.085506704997      0.000000000000      0.000000000000
    3      2.640664738536      2.337450171670     -0.000000000000
    3     -2.489057455103     -2.403550750106      0.000000000000
    3      2.640664738536      0.000000000000      2.337450171670
    3      4.978114910206      2.337450171670      2.337450171670
   22     -0.080468769172     -2.408588685932      2.408588685932
    3     -2.489057455103      0.000000000000     -2.403550750106
   22     -0.080468769172      2.408588685932     -2.408588685932
   22     -4.897646141035     -2.408588685932     -2.408588685932
   22     -0.080468769172      2.408588685932      2.408588685932
   22      2.569526224275      5.058583679378      2.408588685932
    3     -2.489057455103      0.000000000000      2.403550750106
   22      2.569526224275      2.408588685932      5.058583679378
    3      4.978114910206      5.129722193639      5.129722193639
    3     -0.151607283433      0.000000000000      5.129722193639
    3     -2.489057455103      2.403550750106      0.000000000000
    3     -0.151607283433      5.129722193639      0.000000000000
    3     -4.892608205209     -0.000000000000      0.000000000000
   22     -0.080468769172     -2.408588685932     -2.408588685932
    3      2.640664738536     -0.000000000000     -2.337450171670
    3     -2.489057455103     -5.129722193639     -2.337450171670
    3      2.640664738536     -2.337450171670     -0.000000000000
   22      4.978114910206     -0.000000000000     -0.000000000000
    3     -0.151607283433     -5.129722193639     -0.000000000000
    3     -2.489057455103     -2.337450171670     -5.129722193639
    3     -0.151607283433     -0.000000000000     -5.129722193639
   22     -4.897646141035     -5.058583679378     -5.058583679378
   16      2.386323713373      2.591791196833      2.591791196833
   16      4.978114910206      4.926251565170      2.540920800139
   16      0.051863345036     -0.000000000000      2.540920800139
   16      4.978114910206      2.540920800139      4.926251565170
   16      7.569906107039      4.875381168476      4.875381168476
   16      2.437194110067     -0.000000000000      4.926251565170
   16      0.051863345036      2.540920800139     -0.000000000000
   16      2.437194110067      4.926251565170      0.000000000000
   16     -2.489057455103     -0.000000000000     -0.000000000000
   16      2.386323713373      4.875381168476      4.875381168476
   16      4.978114910206      7.467172365309      5.021731876217
   16      0.102733741730      2.591791196833      4.875381168476
   16      4.978114910206      5.021731876217      7.467172365309
   16      7.423555399298      7.467172365309      7.467172365309
   16      2.437194110067      2.540920800139      7.467172365309
   16      0.102733741730      4.875381168476      2.591791196833
   16      2.437194110067      7.467172365309      2.540920800139
   16     -2.489057455103      2.540920800139      2.540920800139
   16      2.532674421114     -0.000000000000     -0.000000000000
   16      4.978114910206      2.445440489092     -0.000000000000
   16      0.051863345036     -2.540920800139     -0.000000000000
   16      4.978114910206     -0.000000000000      2.445440489092
   16      7.569906107039      2.591791196833      2.591791196833
   16      2.386323713373     -2.591791196833      2.591791196833
   16      0.051863345036     -0.000000000000     -2.540920800139
   16      2.386323713373      2.591791196833     -2.591791196833
   16     -2.489057455103     -2.540920800139     -2.540920800139
  225   48
