   3   1   1 E -1.8527572278784E+04 DE-6.1E-09(  7)
  0.000000000000E+00  0.746721894375E+01  0.746721894375E+01
  0.746721894375E+01  0.000000000000E+00  0.746721894375E+01
  0.746721894375E+01  0.746721894375E+01  0.000000000000E+00
   48
  0.100000000000E+01 -0.000000000000E+00  0.000000000000E+00
 -0.000000000000E+00  0.100000000000E+01  0.000000000000E+00
 -0.000000000000E+00  0.000000000000E+00  0.100000000000E+01
  0.000000000000E+00  0.000000000000E+00  0.000000000000E+00
 -0.000000000000E+00 -0.100000000000E+01  0.000000000000E+00
  0.100000000000E+01  0.000000000000E+00  0.000000000000E+00
  0.000000000000E+00  0.000000000000E+00  0.100000000000E+01
  0.497814596250E+01  0.248907298125E+01  0.746721894375E+01
  0.000000000000E+00  0.100000000000E+01  0.000000000000E+00
 -0.100000000000E+01 -0.000000000000E+00  0.000000000000E+00
 -0.000000000000E+00 -0.000000000000E+00  0.100000000000E+01
  0.497814596250E+01  0.497814596250E+01  0.000000000000E+00
 -0.100000000000E+01  0.000000000000E+00  0.000000000000E+00
  0.000000000000E+00 -0.100000000000E+01  0.000000000000E+00
  0.000000000000E+00 -0.000000000000E+00  0.100000000000E+01
  0.995629192500E+01  0.746721894375E+01  0.746721894375E+01
  0.100000000000E+01  0.000000000000E+00 -0.000000000000E+00
 -0.000000000000E+00 -0.100000000000E+01 -0.000000000000E+00
 -0.000000000000E+00 -0.000000000000E+00 -0.100000000000E+01
  0.000000000000E+00  0.000000000000E+00  0.000000000000E+00
  0.000000000000E+00 -0.100000000000E+01 -0.000000000000E+00
 -0.100000000000E+01  0.000000000000E+00 -0.000000000000E+00
 -0.000000000000E+00  0.000000000000E+00 -0.100000000000E+01
  0.497814596250E+01  0.497814596250E+01  0.000000000000E+00
 -0.100000000000E+01 -0.000000000000E+00 -0.000000000000E+00
  0.000000000000E+00  0.100000000000E+01 -0.000000000000E+00
  0.000000000000E+00  0.000000000000E+00 -0.100000000000E+01
  0.995629192500E+01  0.746721894375E+01  0.746721894375E+01
 -0.000000000000E+00  0.100000000000E+01 -0.000000000000E+00
  0.100000000000E+01 -0.000000000000E+00 -0.000000000000E+00
  0.000000000000E+00 -0.000000000000E+00 -0.100000000000E+01
  0.497814596250E+01  0.248907298125E+01  0.746721894375E+01
 -0.000000000000E+00  0.000000000000E+00  0.100000000000E+01
  0.100000000000E+01  0.000000000000E+00 -0.000000000000E+00
  0.000000000000E+00  0.100000000000E+01 -0.000000000000E+00
  0.497814596250E+01  0.248907298125E+01  0.746721894375E+01
  0.000000000000E+00  0.100000000000E+01 -0.000000000000E+00
  0.000000000000E+00 -0.000000000000E+00  0.100000000000E+01
  0.100000000000E+01 -0.000000000000E+00  0.000000000000E+00
  0.497814596250E+01  0.746721894375E+01  0.248907298125E+01
  0.000000000000E+00 -0.000000000000E+00  0.100000000000E+01
 -0.100000000000E+01 -0.000000000000E+00 -0.000000000000E+00
 -0.000000000000E+00 -0.100000000000E+01 -0.000000000000E+00
  0.497814596250E+01  0.497814596250E+01  0.000000000000E+00
  0.000000000000E+00 -0.100000000000E+01  0.000000000000E+00
  0.000000000000E+00  0.000000000000E+00 -0.100000000000E+01
  0.100000000000E+01  0.000000000000E+00 -0.000000000000E+00
  0.497814596250E+01  0.746721894375E+01  0.248907298125E+01
 -0.000000000000E+00 -0.000000000000E+00 -0.100000000000E+01
  0.100000000000E+01 -0.000000000000E+00  0.000000000000E+00
  0.000000000000E+00 -0.100000000000E+01  0.000000000000E+00
  0.497814596250E+01  0.248907298125E+01  0.746721894375E+01
 -0.000000000000E+00  0.100000000000E+01  0.000000000000E+00
 -0.000000000000E+00 -0.000000000000E+00 -0.100000000000E+01
 -0.100000000000E+01 -0.000000000000E+00 -0.000000000000E+00
  0.497814596250E+01  0.000000000000E+00  0.497814596250E+01
  0.000000000000E+00  0.000000000000E+00 -0.100000000000E+01
 -0.100000000000E+01  0.000000000000E+00  0.000000000000E+00
 -0.000000000000E+00  0.100000000000E+01  0.000000000000E+00
  0.497814596250E+01  0.497814596250E+01  0.000000000000E+00
 -0.000000000000E+00 -0.100000000000E+01 -0.000000000000E+00
 -0.000000000000E+00  0.000000000000E+00  0.100000000000E+01
 -0.100000000000E+01  0.000000000000E+00  0.000000000000E+00
  0.497814596250E+01  0.000000000000E+00  0.497814596250E+01
  0.000000000000E+00  0.000000000000E+00  0.100000000000E+01
  0.000000000000E+00 -0.100000000000E+01 -0.000000000000E+00
  0.100000000000E+01 -0.000000000000E+00 -0.000000000000E+00
  0.497814596250E+01  0.746721894375E+01  0.248907298125E+01
  0.100000000000E+01 -0.000000000000E+00 -0.000000000000E+00
 -0.000000000000E+00 -0.000000000000E+00  0.100000000000E+01
 -0.000000000000E+00 -0.100000000000E+01  0.000000000000E+00
  0.000000000000E+00  0.000000000000E+00  0.000000000000E+00
  0.100000000000E+01  0.000000000000E+00  0.000000000000E+00
 -0.000000000000E+00  0.000000000000E+00 -0.100000000000E+01
 -0.000000000000E+00  0.100000000000E+01 -0.000000000000E+00
  0.000000000000E+00  0.000000000000E+00  0.000000000000E+00
 -0.100000000000E+01  0.000000000000E+00 -0.000000000000E+00
  0.000000000000E+00  0.000000000000E+00  0.100000000000E+01
  0.000000000000E+00  0.100000000000E+01  0.000000000000E+00
  0.995629192500E+01  0.746721894375E+01  0.746721894375E+01
 -0.000000000000E+00 -0.000000000000E+00  0.100000000000E+01
 -0.000000000000E+00  0.100000000000E+01 -0.000000000000E+00
 -0.100000000000E+01  0.000000000000E+00 -0.000000000000E+00
  0.497814596250E+01  0.000000000000E+00  0.497814596250E+01
  0.000000000000E+00 -0.000000000000E+00 -0.100000000000E+01
  0.000000000000E+00  0.100000000000E+01  0.000000000000E+00
  0.100000000000E+01  0.000000000000E+00  0.000000000000E+00
  0.497814596250E+01  0.746721894375E+01  0.248907298125E+01
 -0.000000000000E+00  0.000000000000E+00 -0.100000000000E+01
 -0.000000000000E+00 -0.100000000000E+01  0.000000000000E+00
 -0.100000000000E+01 -0.000000000000E+00  0.000000000000E+00
  0.497814596250E+01  0.000000000000E+00  0.497814596250E+01
 -0.100000000000E+01 -0.000000000000E+00  0.000000000000E+00
  0.000000000000E+00 -0.000000000000E+00 -0.100000000000E+01
  0.000000000000E+00 -0.100000000000E+01 -0.000000000000E+00
  0.995629192500E+01  0.746721894375E+01  0.746721894375E+01
 -0.100000000000E+01  0.000000000000E+00 -0.000000000000E+00
  0.000000000000E+00 -0.100000000000E+01 -0.000000000000E+00
  0.000000000000E+00 -0.000000000000E+00 -0.100000000000E+01
  0.995629192500E+01  0.746721894375E+01  0.746721894375E+01
  0.000000000000E+00  0.100000000000E+01 -0.000000000000E+00
 -0.100000000000E+01 -0.000000000000E+00 -0.000000000000E+00
 -0.000000000000E+00 -0.000000000000E+00 -0.100000000000E+01
  0.497814596250E+01  0.497814596250E+01  0.000000000000E+00
 -0.000000000000E+00 -0.100000000000E+01 -0.000000000000E+00
  0.100000000000E+01  0.000000000000E+00 -0.000000000000E+00
  0.000000000000E+00  0.000000000000E+00 -0.100000000000E+01
  0.497814596250E+01  0.248907298125E+01  0.746721894375E+01
  0.100000000000E+01 -0.000000000000E+00 -0.000000000000E+00
 -0.000000000000E+00  0.100000000000E+01 -0.000000000000E+00
 -0.000000000000E+00  0.000000000000E+00 -0.100000000000E+01
  0.000000000000E+00  0.000000000000E+00  0.000000000000E+00
 -0.100000000000E+01 -0.000000000000E+00  0.000000000000E+00
  0.000000000000E+00  0.100000000000E+01  0.000000000000E+00
  0.000000000000E+00  0.000000000000E+00  0.100000000000E+01
  0.995629192500E+01  0.746721894375E+01  0.746721894375E+01
 -0.000000000000E+00  0.100000000000E+01  0.000000000000E+00
  0.100000000000E+01 -0.000000000000E+00  0.000000000000E+00
  0.000000000000E+00 -0.000000000000E+00  0.100000000000E+01
  0.497814596250E+01  0.248907298125E+01  0.746721894375E+01
  0.100000000000E+01  0.000000000000E+00  0.000000000000E+00
 -0.000000000000E+00 -0.100000000000E+01  0.000000000000E+00
 -0.000000000000E+00 -0.000000000000E+00  0.100000000000E+01
  0.000000000000E+00  0.000000000000E+00  0.000000000000E+00
  0.000000000000E+00 -0.100000000000E+01  0.000000000000E+00
 -0.100000000000E+01  0.000000000000E+00  0.000000000000E+00
 -0.000000000000E+00  0.000000000000E+00  0.100000000000E+01
  0.497814596250E+01  0.497814596250E+01  0.000000000000E+00
  0.000000000000E+00 -0.000000000000E+00 -0.100000000000E+01
 -0.100000000000E+01 -0.000000000000E+00  0.000000000000E+00
 -0.000000000000E+00 -0.100000000000E+01  0.000000000000E+00
  0.497814596250E+01  0.497814596250E+01  0.000000000000E+00
 -0.000000000000E+00 -0.100000000000E+01  0.000000000000E+00
 -0.000000000000E+00  0.000000000000E+00 -0.100000000000E+01
 -0.100000000000E+01  0.000000000000E+00 -0.000000000000E+00
  0.497814596250E+01  0.000000000000E+00  0.497814596250E+01
 -0.000000000000E+00  0.000000000000E+00 -0.100000000000E+01
  0.100000000000E+01  0.000000000000E+00  0.000000000000E+00
  0.000000000000E+00  0.100000000000E+01  0.000000000000E+00
  0.497814596250E+01  0.248907298125E+01  0.746721894375E+01
 -0.000000000000E+00  0.100000000000E+01 -0.000000000000E+00
 -0.000000000000E+00 -0.000000000000E+00  0.100000000000E+01
 -0.100000000000E+01 -0.000000000000E+00  0.000000000000E+00
  0.497814596250E+01  0.000000000000E+00  0.497814596250E+01
  0.000000000000E+00  0.000000000000E+00  0.100000000000E+01
 -0.100000000000E+01  0.000000000000E+00 -0.000000000000E+00
 -0.000000000000E+00  0.100000000000E+01 -0.000000000000E+00
  0.497814596250E+01  0.497814596250E+01  0.000000000000E+00
  0.000000000000E+00 -0.100000000000E+01 -0.000000000000E+00
  0.000000000000E+00  0.000000000000E+00  0.100000000000E+01
  0.100000000000E+01  0.000000000000E+00  0.000000000000E+00
  0.497814596250E+01  0.746721894375E+01  0.248907298125E+01
 -0.000000000000E+00 -0.000000000000E+00  0.100000000000E+01
  0.100000000000E+01 -0.000000000000E+00 -0.000000000000E+00
  0.000000000000E+00 -0.100000000000E+01 -0.000000000000E+00
  0.497814596250E+01  0.248907298125E+01  0.746721894375E+01
  0.000000000000E+00  0.100000000000E+01  0.000000000000E+00
  0.000000000000E+00 -0.000000000000E+00 -0.100000000000E+01
  0.100000000000E+01 -0.000000000000E+00 -0.000000000000E+00
  0.497814596250E+01  0.746721894375E+01  0.248907298125E+01
 -0.000000000000E+00 -0.000000000000E+00 -0.100000000000E+01
 -0.000000000000E+00  0.100000000000E+01  0.000000000000E+00
 -0.100000000000E+01  0.000000000000E+00  0.000000000000E+00
  0.497814596250E+01  0.000000000000E+00  0.497814596250E+01
 -0.100000000000E+01  0.000000000000E+00  0.000000000000E+00
  0.000000000000E+00  0.000000000000E+00 -0.100000000000E+01
  0.000000000000E+00  0.100000000000E+01 -0.000000000000E+00
  0.995629192500E+01  0.746721894375E+01  0.746721894375E+01
 -0.100000000000E+01 -0.000000000000E+00 -0.000000000000E+00
  0.000000000000E+00 -0.000000000000E+00  0.100000000000E+01
  0.000000000000E+00 -0.100000000000E+01  0.000000000000E+00
  0.995629192500E+01  0.746721894375E+01  0.746721894375E+01
  0.100000000000E+01 -0.000000000000E+00  0.000000000000E+00
 -0.000000000000E+00 -0.000000000000E+00 -0.100000000000E+01
 -0.000000000000E+00 -0.100000000000E+01 -0.000000000000E+00
  0.000000000000E+00  0.000000000000E+00  0.000000000000E+00
  0.000000000000E+00  0.000000000000E+00 -0.100000000000E+01
  0.000000000000E+00 -0.100000000000E+01  0.000000000000E+00
  0.100000000000E+01 -0.000000000000E+00  0.000000000000E+00
  0.497814596250E+01  0.746721894375E+01  0.248907298125E+01
 -0.000000000000E+00  0.000000000000E+00  0.100000000000E+01
 -0.000000000000E+00 -0.100000000000E+01 -0.000000000000E+00
 -0.100000000000E+01 -0.000000000000E+00 -0.000000000000E+00
  0.497814596250E+01  0.000000000000E+00  0.497814596250E+01
  0.000000000000E+00 -0.000000000000E+00  0.100000000000E+01
  0.000000000000E+00  0.100000000000E+01 -0.000000000000E+00
  0.100000000000E+01  0.000000000000E+00 -0.000000000000E+00
  0.497814596250E+01  0.746721894375E+01  0.248907298125E+01
  0.100000000000E+01  0.000000000000E+00 -0.000000000000E+00
 -0.000000000000E+00  0.000000000000E+00  0.100000000000E+01
 -0.000000000000E+00  0.100000000000E+01  0.000000000000E+00
  0.000000000000E+00  0.000000000000E+00  0.000000000000E+00
   54
    3     -0.085492865783      0.000000000000      0.000000000000
    3      2.640688103951      2.337457858547     -0.000000000000
    3     -2.489072981249     -2.403580115466      0.000000000000
    3      2.640688103951      0.000000000000      2.337457858547
    3      4.978145962498      2.337457858547      2.337457858547
   22     -0.080397982660     -2.408674998589      2.408674998589
    3     -2.489072981249      0.000000000000     -2.403580115466
   22     -0.080397982660      2.408674998589     -2.408674998589
   22     -4.897747979838     -2.408674998589     -2.408674998589
   22     -0.080397982660      2.408674998589      2.408674998589
   22      2.569470963909      5.058543945157      2.408674998589
    3     -2.489072981249      0.000000000000      2.403580115466
   22      2.569470963909      2.408674998589      5.058543945157
    3      4.978145962498      5.129761085200      5.129761085200
    3     -0.151615122702      0.000000000000      5.129761085200
    3     -2.489072981249      2.403580115466      0.000000000000
    3     -0.151615122702      5.129761085200      0.000000000000
    3     -4.892653096714     -0.000000000000      0.000000000000
   22     -0.080397982660     -2.408674998589     -2.408674998589
    3      2.640688103951     -0.000000000000     -2.337457858547
    3     -2.489072981249     -5.129761085200     -2.337457858547
    3      2.640688103951     -2.337457858547     -0.000000000000
   22      4.978145962498     -0.000000000000     -0.000000000000
    3     -0.151615122702     -5.129761085200     -0.000000000000
    3     -2.489072981249     -2.337457858547     -5.129761085200
    3     -0.151615122702     -0.000000000000     -5.129761085200
   22     -4.897747979838     -5.058543945157     -5.058543945157
   16      2.386365316149      2.591780646349      2.591780646349
   16      4.978145962498      4.926251881482      2.540967062264
   16      0.051894081015     -0.000000000000      2.540967062264
   16      4.978145962498      2.540967062264      4.926251881482
   16      7.569926608847      4.875438297398      4.875438297398
   16      2.437178900234     -0.000000000000      4.926251881482
   16      0.051894081015      2.540967062264     -0.000000000000
   16      2.437178900234      4.926251881482      0.000000000000
   16     -2.489072981249     -0.000000000000     -0.000000000000
   16      2.386365316149      4.875438297398      4.875438297398
   16      4.978145962498      7.467218943747      5.021668889787
   16      0.102707665100      2.591780646349      4.875438297398
   16      4.978145962498      5.021668889787      7.467218943747
   16      7.423696016457      7.467218943747      7.467218943747
   16      2.437178900234      2.540967062264      7.467218943747
   16      0.102707665100      4.875438297398      2.591780646349
   16      2.437178900234      7.467218943747      2.540967062264
   16     -2.489072981249      2.540967062264      2.540967062264
   16      2.532595908538     -0.000000000000     -0.000000000000
   16      4.978145962498      2.445550053960     -0.000000000000
   16      0.051894081015     -2.540967062264     -0.000000000000
   16      4.978145962498     -0.000000000000      2.445550053960
   16      7.569926608847      2.591780646349      2.591780646349
   16      2.386365316149     -2.591780646349      2.591780646349
   16      0.051894081015     -0.000000000000     -2.540967062264
   16      2.386365316149      2.591780646349     -2.591780646349
   16     -2.489072981249     -2.540967062264     -2.540967062264
  225   48
