   3   1   1 E -1.8527572216699E+04 DE 6.5E-09(  6)
  0.000000000000E+00  0.746744431032E+01  0.746744431032E+01
  0.746744431032E+01  0.000000000000E+00  0.746744431032E+01
  0.746744431032E+01  0.746744431032E+01  0.000000000000E+00
   48
  0.100000000000E+01 -0.000000000000E+00  0.000000000000E+00
 -0.000000000000E+00  0.100000000000E+01  0.000000000000E+00
 -0.000000000000E+00  0.000000000000E+00  0.100000000000E+01
  0.000000000000E+00  0.000000000000E+00  0.000000000000E+00
 -0.000000000000E+00 -0.100000000000E+01  0.000000000000E+00
  0.100000000000E+01  0.000000000000E+00  0.000000000000E+00
  0.000000000000E+00  0.000000000000E+00  0.100000000000E+01
  0.497829620688E+01  0.248914810344E+01  0.746744431032E+01
  0.000000000000E+00  0.100000000000E+01  0.000000000000E+00
 -0.100000000000E+01 -0.000000000000E+00  0.000000000000E+00
 -0.000000000000E+00 -0.000000000000E+00  0.100000000000E+01
  0.497829620688E+01  0.497829620688E+01  0.000000000000E+00
 -0.100000000000E+01  0.000000000000E+00  0.000000000000E+00
  0.000000000000E+00 -0.100000000000E+01  0.000000000000E+00
  0.000000000000E+00 -0.000000000000E+00  0.100000000000E+01
  0.995659241376E+01  0.746744431032E+01  0.746744431032E+01
  0.100000000000E+01  0.000000000000E+00 -0.000000000000E+00
 -0.000000000000E+00 -0.100000000000E+01 -0.000000000000E+00
 -0.000000000000E+00 -0.000000000000E+00 -0.100000000000E+01
  0.000000000000E+00  0.000000000000E+00  0.000000000000E+00
  0.000000000000E+00 -0.100000000000E+01 -0.000000000000E+00
 -0.100000000000E+01  0.000000000000E+00 -0.000000000000E+00
 -0.000000000000E+00  0.000000000000E+00 -0.100000000000E+01
  0.497829620688E+01  0.497829620688E+01  0.000000000000E+00
 -0.100000000000E+01 -0.000000000000E+00 -0.000000000000E+00
  0.000000000000E+00  0.100000000000E+01 -0.000000000000E+00
  0.000000000000E+00  0.000000000000E+00 -0.100000000000E+01
  0.995659241376E+01  0.746744431032E+01  0.746744431032E+01
 -0.000000000000E+00  0.100000000000E+01 -0.000000000000E+00
  0.100000000000E+01 -0.000000000000E+00 -0.000000000000E+00
  0.000000000000E+00 -0.000000000000E+00 -0.100000000000E+01
  0.497829620688E+01  0.248914810344E+01  0.746744431032E+01
 -0.000000000000E+00  0.000000000000E+00  0.100000000000E+01
  0.100000000000E+01  0.000000000000E+00 -0.000000000000E+00
  0.000000000000E+00  0.100000000000E+01 -0.000000000000E+00
  0.497829620688E+01  0.248914810344E+01  0.746744431032E+01
  0.000000000000E+00  0.100000000000E+01 -0.000000000000E+00
  0.000000000000E+00 -0.000000000000E+00  0.100000000000E+01
  0.100000000000E+01 -0.000000000000E+00  0.000000000000E+00
  0.497829620688E+01  0.746744431032E+01  0.248914810344E+01
  0.000000000000E+00 -0.000000000000E+00  0.100000000000E+01
 -0.100000000000E+01 -0.000000000000E+00 -0.000000000000E+00
 -0.000000000000E+00 -0.100000000000E+01 -0.000000000000E+00
  0.497829620688E+01  0.497829620688E+01  0.000000000000E+00
  0.000000000000E+00 -0.100000000000E+01  0.000000000000E+00
  0.000000000000E+00  0.000000000000E+00 -0.100000000000E+01
  0.100000000000E+01  0.000000000000E+00 -0.000000000000E+00
  0.497829620688E+01  0.746744431032E+01  0.248914810344E+01
 -0.000000000000E+00 -0.000000000000E+00 -0.100000000000E+01
  0.100000000000E+01 -0.000000000000E+00  0.000000000000E+00
  0.000000000000E+00 -0.100000000000E+01  0.000000000000E+00
  0.497829620688E+01  0.248914810344E+01  0.746744431032E+01
 -0.000000000000E+00  0.100000000000E+01  0.000000000000E+00
 -0.000000000000E+00 -0.000000000000E+00 -0.100000000000E+01
 -0.100000000000E+01 -0.000000000000E+00 -0.000000000000E+00
  0.497829620688E+01  0.000000000000E+00  0.497829620688E+01
  0.000000000000E+00  0.000000000000E+00 -0.100000000000E+01
 -0.100000000000E+01  0.000000000000E+00  0.000000000000E+00
 -0.000000000000E+00  0.100000000000E+01  0.000000000000E+00
  0.497829620688E+01  0.497829620688E+01  0.000000000000E+00
 -0.000000000000E+00 -0.100000000000E+01 -0.000000000000E+00
 -0.000000000000E+00  0.000000000000E+00  0.100000000000E+01
 -0.100000000000E+01  0.000000000000E+00  0.000000000000E+00
  0.497829620688E+01  0.000000000000E+00  0.497829620688E+01
  0.000000000000E+00  0.000000000000E+00  0.100000000000E+01
  0.000000000000E+00 -0.100000000000E+01 -0.000000000000E+00
  0.100000000000E+01 -0.000000000000E+00 -0.000000000000E+00
  0.497829620688E+01  0.746744431032E+01  0.248914810344E+01
  0.100000000000E+01 -0.000000000000E+00 -0.000000000000E+00
 -0.000000000000E+00 -0.000000000000E+00  0.100000000000E+01
 -0.000000000000E+00 -0.100000000000E+01  0.000000000000E+00
  0.000000000000E+00  0.000000000000E+00  0.000000000000E+00
  0.100000000000E+01  0.000000000000E+00  0.000000000000E+00
 -0.000000000000E+00  0.000000000000E+00 -0.100000000000E+01
 -0.000000000000E+00  0.100000000000E+01 -0.000000000000E+00
  0.000000000000E+00  0.000000000000E+00  0.000000000000E+00
 -0.100000000000E+01  0.000000000000E+00 -0.000000000000E+00
  0.000000000000E+00  0.000000000000E+00  0.100000000000E+01
  0.000000000000E+00  0.100000000000E+01  0.000000000000E+00
  0.995659241376E+01  0.746744431032E+01  0.746744431032E+01
 -0.000000000000E+00 -0.000000000000E+00  0.100000000000E+01
 -0.000000000000E+00  0.100000000000E+01 -0.000000000000E+00
 -0.100000000000E+01  0.000000000000E+00 -0.000000000000E+00
  0.497829620688E+01  0.000000000000E+00  0.497829620688E+01
  0.000000000000E+00 -0.000000000000E+00 -0.100000000000E+01
  0.000000000000E+00  0.100000000000E+01  0.000000000000E+00
  0.100000000000E+01  0.000000000000E+00  0.000000000000E+00
  0.497829620688E+01  0.746744431032E+01  0.248914810344E+01
 -0.000000000000E+00  0.000000000000E+00 -0.100000000000E+01
 -0.000000000000E+00 -0.100000000000E+01  0.000000000000E+00
 -0.100000000000E+01 -0.000000000000E+00  0.000000000000E+00
  0.497829620688E+01  0.000000000000E+00  0.497829620688E+01
 -0.100000000000E+01 -0.000000000000E+00  0.000000000000E+00
  0.000000000000E+00 -0.000000000000E+00 -0.100000000000E+01
  0.000000000000E+00 -0.100000000000E+01 -0.000000000000E+00
  0.995659241376E+01  0.746744431032E+01  0.746744431032E+01
 -0.100000000000E+01  0.000000000000E+00 -0.000000000000E+00
  0.000000000000E+00 -0.100000000000E+01 -0.000000000000E+00
  0.000000000000E+00 -0.000000000000E+00 -0.100000000000E+01
  0.995659241376E+01  0.746744431032E+01  0.746744431032E+01
  0.000000000000E+00  0.100000000000E+01 -0.000000000000E+00
 -0.100000000000E+01 -0.000000000000E+00 -0.000000000000E+00
 -0.000000000000E+00 -0.000000000000E+00 -0.100000000000E+01
  0.497829620688E+01  0.497829620688E+01  0.000000000000E+00
 -0.000000000000E+00 -0.100000000000E+01 -0.000000000000E+00
  0.100000000000E+01  0.000000000000E+00 -0.000000000000E+00
  0.000000000000E+00  0.000000000000E+00 -0.100000000000E+01
  0.497829620688E+01  0.248914810344E+01  0.746744431032E+01
  0.100000000000E+01 -0.000000000000E+00 -0.000000000000E+00
 -0.000000000000E+00  0.100000000000E+01 -0.000000000000E+00
 -0.000000000000E+00  0.000000000000E+00 -0.100000000000E+01
  0.000000000000E+00  0.000000000000E+00  0.000000000000E+00
 -0.100000000000E+01 -0.000000000000E+00  0.000000000000E+00
  0.000000000000E+00  0.100000000000E+01  0.000000000000E+00
  0.000000000000E+00  0.000000000000E+00  0.100000000000E+01
  0.995659241376E+01  0.746744431032E+01  0.746744431032E+01
 -0.000000000000E+00  0.100000000000E+01  0.000000000000E+00
  0.100000000000E+01 -0.000000000000E+00  0.000000000000E+00
  0.000000000000E+00 -0.000000000000E+00  0.100000000000E+01
  0.497829620688E+01  0.248914810344E+01  0.746744431032E+01
  0.100000000000E+01  0.000000000000E+00  0.000000000000E+00
 -0.000000000000E+00 -0.100000000000E+01  0.000000000000E+00
 -0.000000000000E+00 -0.000000000000E+00  0.100000000000E+01
  0.000000000000E+00  0.000000000000E+00  0.000000000000E+00
  0.000000000000E+00 -0.100000000000E+01  0.000000000000E+00
 -0.100000000000E+01  0.000000000000E+00  0.000000000000E+00
 -0.000000000000E+00  0.000000000000E+00  0.100000000000E+01
  0.497829620688E+01  0.497829620688E+01  0.000000000000E+00
  0.000000000000E+00 -0.000000000000E+00 -0.100000000000E+01
 -0.100000000000E+01 -0.000000000000E+00  0.000000000000E+00
 -0.000000000000E+00 -0.100000000000E+01  0.000000000000E+00
  0.497829620688E+01  0.497829620688E+01  0.000000000000E+00
 -0.000000000000E+00 -0.100000000000E+01  0.000000000000E+00
 -0.000000000000E+00  0.000000000000E+00 -0.100000000000E+01
 -0.100000000000E+01  0.000000000000E+00 -0.000000000000E+00
  0.497829620688E+01  0.000000000000E+00  0.497829620688E+01
 -0.000000000000E+00  0.000000000000E+00 -0.100000000000E+01
  0.100000000000E+01  0.000000000000E+00  0.000000000000E+00
  0.000000000000E+00  0.100000000000E+01  0.000000000000E+00
  0.497829620688E+01  0.248914810344E+01  0.746744431032E+01
 -0.000000000000E+00  0.100000000000E+01 -0.000000000000E+00
 -0.000000000000E+00 -0.000000000000E+00  0.100000000000E+01
 -0.100000000000E+01 -0.000000000000E+00  0.000000000000E+00
  0.497829620688E+01  0.000000000000E+00  0.497829620688E+01
  0.000000000000E+00  0.000000000000E+00  0.100000000000E+01
 -0.100000000000E+01  0.000000000000E+00 -0.000000000000E+00
 -0.000000000000E+00  0.100000000000E+01 -0.000000000000E+00
  0.497829620688E+01  0.497829620688E+01  0.000000000000E+00
  0.000000000000E+00 -0.100000000000E+01 -0.000000000000E+00
  0.000000000000E+00  0.000000000000E+00  0.100000000000E+01
  0.100000000000E+01  0.000000000000E+00  0.000000000000E+00
  0.497829620688E+01  0.746744431032E+01  0.248914810344E+01
 -0.000000000000E+00 -0.000000000000E+00  0.100000000000E+01
  0.100000000000E+01 -0.000000000000E+00 -0.000000000000E+00
  0.000000000000E+00 -0.100000000000E+01 -0.000000000000E+00
  0.497829620688E+01  0.248914810344E+01  0.746744431032E+01
  0.000000000000E+00  0.100000000000E+01  0.000000000000E+00
  0.000000000000E+00 -0.000000000000E+00 -0.100000000000E+01
  0.100000000000E+01 -0.000000000000E+00 -0.000000000000E+00
  0.497829620688E+01  0.746744431032E+01  0.248914810344E+01
 -0.000000000000E+00 -0.000000000000E+00 -0.100000000000E+01
 -0.000000000000E+00  0.100000000000E+01  0.000000000000E+00
 -0.100000000000E+01  0.000000000000E+00  0.000000000000E+00
  0.497829620688E+01  0.000000000000E+00  0.497829620688E+01
 -0.100000000000E+01  0.000000000000E+00  0.000000000000E+00
  0.000000000000E+00  0.000000000000E+00 -0.100000000000E+01
  0.000000000000E+00  0.100000000000E+01 -0.000000000000E+00
  0.995659241376E+01  0.746744431032E+01  0.746744431032E+01
 -0.100000000000E+01 -0.000000000000E+00 -0.000000000000E+00
  0.000000000000E+00 -0.000000000000E+00  0.100000000000E+01
  0.000000000000E+00 -0.100000000000E+01  0.000000000000E+00
  0.995659241376E+01  0.746744431032E+01  0.746744431032E+01
  0.100000000000E+01 -0.000000000000E+00  0.000000000000E+00
 -0.000000000000E+00 -0.000000000000E+00 -0.100000000000E+01
 -0.000000000000E+00 -0.100000000000E+01 -0.000000000000E+00
  0.000000000000E+00  0.000000000000E+00  0.000000000000E+00
  0.000000000000E+00  0.000000000000E+00 -0.100000000000E+01
  0.000000000000E+00 -0.100000000000E+01  0.000000000000E+00
  0.100000000000E+01 -0.000000000000E+00  0.000000000000E+00
  0.497829620688E+01  0.746744431032E+01  0.248914810344E+01
 -0.000000000000E+00  0.000000000000E+00  0.100000000000E+01
 -0.000000000000E+00 -0.100000000000E+01 -0.000000000000E+00
 -0.100000000000E+01 -0.000000000000E+00 -0.000000000000E+00
  0.497829620688E+01  0.000000000000E+00  0.497829620688E+01
  0.000000000000E+00 -0.000000000000E+00  0.100000000000E+01
  0.000000000000E+00  0.100000000000E+01 -0.000000000000E+00
  0.100000000000E+01  0.000000000000E+00 -0.000000000000E+00
  0.497829620688E+01  0.746744431032E+01  0.248914810344E+01
  0.100000000000E+01  0.000000000000E+00 -0.000000000000E+00
 -0.000000000000E+00  0.000000000000E+00  0.100000000000E+01
 -0.000000000000E+00  0.100000000000E+01  0.000000000000E+00
  0.000000000000E+00  0.000000000000E+00  0.000000000000E+00
   54
    3     -0.085851047278      0.000000000000      0.000000000000
    3      2.640733376911      2.337562829971     -0.000000000000
    3     -2.489148103441     -2.403297056163      0.000000000000
    3      2.640733376911      0.000000000000      2.337562829971
    3      4.978296206881      2.337562829971      2.337562829971
   22     -0.080483347612     -2.408664755829      2.408664755829
    3     -2.489148103441      0.000000000000     -2.403297056163
   22     -0.080483347612      2.408664755829     -2.408664755829
   22     -4.897812859269     -2.408664755829     -2.408664755829
   22     -0.080483347612      2.408664755829      2.408664755829
   22      2.569631451053      5.058779554493      2.408664755829
    3     -2.489148103441      0.000000000000      2.403297056163
   22      2.569631451053      2.408664755829      5.058779554493
    3      4.978296206881      5.129881480351      5.129881480351
    3     -0.151585273470      0.000000000000      5.129881480351
    3     -2.489148103441      2.403297056163      0.000000000000
    3     -0.151585273470      5.129881480351      0.000000000000
    3     -4.892445159603     -0.000000000000      0.000000000000
   22     -0.080483347612     -2.408664755829     -2.408664755829
    3      2.640733376911     -0.000000000000     -2.337562829971
    3     -2.489148103441     -5.129881480351     -2.337562829971
    3      2.640733376911     -2.337562829971     -0.000000000000
   22      4.978296206881     -0.000000000000     -0.000000000000
    3     -0.151585273470     -5.129881480351     -0.000000000000
    3     -2.489148103441     -2.337562829971     -5.129881480351
    3     -0.151585273470     -0.000000000000     -5.129881480351
   22     -4.897812859269     -5.058779554493     -5.058779554493
   16      2.386240377947      2.592055828935      2.592055828935
   16      4.978296206881      4.925735526830      2.541708783492
   16      0.052560680051     -0.000000000000      2.541708783492
   16      4.978296206881      2.541708783492      4.925735526830
   16      7.570352035816      4.875388481387      4.875388481387
   16      2.436587423390     -0.000000000000      4.925735526830
   16      0.052560680051      2.541708783492     -0.000000000000
   16      2.436587423390      4.925735526830      0.000000000000
   16     -2.489148103441     -0.000000000000     -0.000000000000
   16      2.386240377947      4.875388481387      4.875388481387
   16      4.978296206881      7.467444310322      5.022604716051
   16      0.102907725494      2.592055828935      4.875388481387
   16      4.978296206881      5.022604716051      7.467444310322
   16      7.423135801153      7.467444310322      7.467444310322
   16      2.436587423390      2.541708783492      7.467444310322
   16      0.102907725494      4.875388481387      2.592055828935
   16      2.436587423390      7.467444310322      2.541708783492
   16     -2.489148103441      2.541708783492      2.541708783492
   16      2.533456612610     -0.000000000000     -0.000000000000
   16      4.978296206881      2.444839594271     -0.000000000000
   16      0.052560680051     -2.541708783492     -0.000000000000
   16      4.978296206881     -0.000000000000      2.444839594271
   16      7.570352035816      2.592055828935      2.592055828935
   16      2.386240377947     -2.592055828935      2.592055828935
   16      0.052560680051     -0.000000000000     -2.541708783492
   16      2.386240377947      2.592055828935     -2.592055828935
   16     -2.489148103441     -2.541708783492     -2.541708783492
  225   48
