   3   1   1 E -1.8527572280490E+04 DE 1.5E-08(  5)
  0.000000000000E+00  0.746741855033E+01  0.746741855033E+01
  0.746741855033E+01  0.000000000000E+00  0.746741855033E+01
  0.746741855033E+01  0.746741855033E+01  0.000000000000E+00
   48
  0.100000000000E+01 -0.000000000000E+00  0.000000000000E+00
 -0.000000000000E+00  0.100000000000E+01  0.000000000000E+00
 -0.000000000000E+00  0.000000000000E+00  0.100000000000E+01
  0.000000000000E+00  0.000000000000E+00  0.000000000000E+00
 -0.000000000000E+00 -0.100000000000E+01  0.000000000000E+00
  0.100000000000E+01  0.000000000000E+00  0.000000000000E+00
  0.000000000000E+00  0.000000000000E+00  0.100000000000E+01
  0.497827903355E+01  0.248913951678E+01  0.746741855033E+01
  0.000000000000E+00  0.100000000000E+01  0.000000000000E+00
 -0.100000000000E+01 -0.000000000000E+00  0.000000000000E+00
 -0.000000000000E+00 -0.000000000000E+00  0.100000000000E+01
  0.497827903355E+01  0.497827903355E+01  0.000000000000E+00
 -0.100000000000E+01  0.000000000000E+00  0.000000000000E+00
  0.000000000000E+00 -0.100000000000E+01  0.000000000000E+00
  0.000000000000E+00 -0.000000000000E+00  0.100000000000E+01
  0.995655806710E+01  0.746741855033E+01  0.746741855033E+01
  0.100000000000E+01  0.000000000000E+00 -0.000000000000E+00
 -0.000000000000E+00 -0.100000000000E+01 -0.000000000000E+00
 -0.000000000000E+00 -0.000000000000E+00 -0.100000000000E+01
  0.000000000000E+00  0.000000000000E+00  0.000000000000E+00
  0.000000000000E+00 -0.100000000000E+01 -0.000000000000E+00
 -0.100000000000E+01  0.000000000000E+00 -0.000000000000E+00
 -0.000000000000E+00  0.000000000000E+00 -0.100000000000E+01
  0.497827903355E+01  0.497827903355E+01  0.000000000000E+00
 -0.100000000000E+01 -0.000000000000E+00 -0.000000000000E+00
  0.000000000000E+00  0.100000000000E+01 -0.000000000000E+00
  0.000000000000E+00  0.000000000000E+00 -0.100000000000E+01
  0.995655806710E+01  0.746741855033E+01  0.746741855033E+01
 -0.000000000000E+00  0.100000000000E+01 -0.000000000000E+00
  0.100000000000E+01 -0.000000000000E+00 -0.000000000000E+00
  0.000000000000E+00 -0.000000000000E+00 -0.100000000000E+01
  0.497827903355E+01  0.248913951678E+01  0.746741855033E+01
 -0.000000000000E+00  0.000000000000E+00  0.100000000000E+01
  0.100000000000E+01  0.000000000000E+00 -0.000000000000E+00
  0.000000000000E+00  0.100000000000E+01 -0.000000000000E+00
  0.497827903355E+01  0.248913951678E+01  0.746741855033E+01
  0.000000000000E+00  0.100000000000E+01 -0.000000000000E+00
  0.000000000000E+00 -0.000000000000E+00  0.100000000000E+01
  0.100000000000E+01 -0.000000000000E+00  0.000000000000E+00
  0.497827903355E+01  0.746741855033E+01  0.248913951678E+01
  0.000000000000E+00 -0.000000000000E+00  0.100000000000E+01
 -0.100000000000E+01 -0.000000000000E+00 -0.000000000000E+00
 -0.000000000000E+00 -0.100000000000E+01 -0.000000000000E+00
  0.497827903355E+01  0.497827903355E+01  0.000000000000E+00
  0.000000000000E+00 -0.100000000000E+01  0.000000000000E+00
  0.000000000000E+00  0.000000000000E+00 -0.100000000000E+01
  0.100000000000E+01  0.000000000000E+00 -0.000000000000E+00
  0.497827903355E+01  0.746741855033E+01  0.248913951678E+01
 -0.000000000000E+00 -0.000000000000E+00 -0.100000000000E+01
  0.100000000000E+01 -0.000000000000E+00  0.000000000000E+00
  0.000000000000E+00 -0.100000000000E+01  0.000000000000E+00
  0.497827903355E+01  0.248913951678E+01  0.746741855033E+01
 -0.000000000000E+00  0.100000000000E+01  0.000000000000E+00
 -0.000000000000E+00 -0.000000000000E+00 -0.100000000000E+01
 -0.100000000000E+01 -0.000000000000E+00 -0.000000000000E+00
  0.497827903355E+01  0.000000000000E+00  0.497827903355E+01
  0.000000000000E+00  0.000000000000E+00 -0.100000000000E+01
 -0.100000000000E+01  0.000000000000E+00  0.000000000000E+00
 -0.000000000000E+00  0.100000000000E+01  0.000000000000E+00
  0.497827903355E+01  0.497827903355E+01  0.000000000000E+00
 -0.000000000000E+00 -0.100000000000E+01 -0.000000000000E+00
 -0.000000000000E+00  0.000000000000E+00  0.100000000000E+01
 -0.100000000000E+01  0.000000000000E+00  0.000000000000E+00
  0.497827903355E+01  0.000000000000E+00  0.497827903355E+01
  0.000000000000E+00  0.000000000000E+00  0.100000000000E+01
  0.000000000000E+00 -0.100000000000E+01 -0.000000000000E+00
  0.100000000000E+01 -0.000000000000E+00 -0.000000000000E+00
  0.497827903355E+01  0.746741855033E+01  0.248913951678E+01
  0.100000000000E+01 -0.000000000000E+00 -0.000000000000E+00
 -0.000000000000E+00 -0.000000000000E+00  0.100000000000E+01
 -0.000000000000E+00 -0.100000000000E+01  0.000000000000E+00
  0.000000000000E+00  0.000000000000E+00  0.000000000000E+00
  0.100000000000E+01  0.000000000000E+00  0.000000000000E+00
 -0.000000000000E+00  0.000000000000E+00 -0.100000000000E+01
 -0.000000000000E+00  0.100000000000E+01 -0.000000000000E+00
  0.000000000000E+00  0.000000000000E+00  0.000000000000E+00
 -0.100000000000E+01  0.000000000000E+00 -0.000000000000E+00
  0.000000000000E+00  0.000000000000E+00  0.100000000000E+01
  0.000000000000E+00  0.100000000000E+01  0.000000000000E+00
  0.995655806710E+01  0.746741855033E+01  0.746741855033E+01
 -0.000000000000E+00 -0.000000000000E+00  0.100000000000E+01
 -0.000000000000E+00  0.100000000000E+01 -0.000000000000E+00
 -0.100000000000E+01  0.000000000000E+00 -0.000000000000E+00
  0.497827903355E+01  0.000000000000E+00  0.497827903355E+01
  0.000000000000E+00 -0.000000000000E+00 -0.100000000000E+01
  0.000000000000E+00  0.100000000000E+01  0.000000000000E+00
  0.100000000000E+01  0.000000000000E+00  0.000000000000E+00
  0.497827903355E+01  0.746741855033E+01  0.248913951678E+01
 -0.000000000000E+00  0.000000000000E+00 -0.100000000000E+01
 -0.000000000000E+00 -0.100000000000E+01  0.000000000000E+00
 -0.100000000000E+01 -0.000000000000E+00  0.000000000000E+00
  0.497827903355E+01  0.000000000000E+00  0.497827903355E+01
 -0.100000000000E+01 -0.000000000000E+00  0.000000000000E+00
  0.000000000000E+00 -0.000000000000E+00 -0.100000000000E+01
  0.000000000000E+00 -0.100000000000E+01 -0.000000000000E+00
  0.995655806710E+01  0.746741855033E+01  0.746741855033E+01
 -0.100000000000E+01  0.000000000000E+00 -0.000000000000E+00
  0.000000000000E+00 -0.100000000000E+01 -0.000000000000E+00
  0.000000000000E+00 -0.000000000000E+00 -0.100000000000E+01
  0.995655806710E+01  0.746741855033E+01  0.746741855033E+01
  0.000000000000E+00  0.100000000000E+01 -0.000000000000E+00
 -0.100000000000E+01 -0.000000000000E+00 -0.000000000000E+00
 -0.000000000000E+00 -0.000000000000E+00 -0.100000000000E+01
  0.497827903355E+01  0.497827903355E+01  0.000000000000E+00
 -0.000000000000E+00 -0.100000000000E+01 -0.000000000000E+00
  0.100000000000E+01  0.000000000000E+00 -0.000000000000E+00
  0.000000000000E+00  0.000000000000E+00 -0.100000000000E+01
  0.497827903355E+01  0.248913951678E+01  0.746741855033E+01
  0.100000000000E+01 -0.000000000000E+00 -0.000000000000E+00
 -0.000000000000E+00  0.100000000000E+01 -0.000000000000E+00
 -0.000000000000E+00  0.000000000000E+00 -0.100000000000E+01
  0.000000000000E+00  0.000000000000E+00  0.000000000000E+00
 -0.100000000000E+01 -0.000000000000E+00  0.000000000000E+00
  0.000000000000E+00  0.100000000000E+01  0.000000000000E+00
  0.000000000000E+00  0.000000000000E+00  0.100000000000E+01
  0.995655806710E+01  0.746741855033E+01  0.746741855033E+01
 -0.000000000000E+00  0.100000000000E+01  0.000000000000E+00
  0.100000000000E+01 -0.000000000000E+00  0.000000000000E+00
  0.000000000000E+00 -0.000000000000E+00  0.100000000000E+01
  0.497827903355E+01  0.248913951678E+01  0.746741855033E+01
  0.100000000000E+01  0.000000000000E+00  0.000000000000E+00
 -0.000000000000E+00 -0.100000000000E+01  0.000000000000E+00
 -0.000000000000E+00 -0.000000000000E+00  0.100000000000E+01
  0.000000000000E+00  0.000000000000E+00  0.000000000000E+00
  0.000000000000E+00 -0.100000000000E+01  0.000000000000E+00
 -0.100000000000E+01  0.000000000000E+00  0.000000000000E+00
 -0.000000000000E+00  0.000000000000E+00  0.100000000000E+01
  0.497827903355E+01  0.497827903355E+01  0.000000000000E+00
  0.000000000000E+00 -0.000000000000E+00 -0.100000000000E+01
 -0.100000000000E+01 -0.000000000000E+00  0.000000000000E+00
 -0.000000000000E+00 -0.100000000000E+01  0.000000000000E+00
  0.497827903355E+01  0.497827903355E+01  0.000000000000E+00
 -0.000000000000E+00 -0.100000000000E+01  0.000000000000E+00
 -0.000000000000E+00  0.000000000000E+00 -0.100000000000E+01
 -0.100000000000E+01  0.000000000000E+00 -0.000000000000E+00
  0.497827903355E+01  0.000000000000E+00  0.497827903355E+01
 -0.000000000000E+00  0.000000000000E+00 -0.100000000000E+01
  0.100000000000E+01  0.000000000000E+00  0.000000000000E+00
  0.000000000000E+00  0.100000000000E+01  0.000000000000E+00
  0.497827903355E+01  0.248913951678E+01  0.746741855033E+01
 -0.000000000000E+00  0.100000000000E+01 -0.000000000000E+00
 -0.000000000000E+00 -0.000000000000E+00  0.100000000000E+01
 -0.100000000000E+01 -0.000000000000E+00  0.000000000000E+00
  0.497827903355E+01  0.000000000000E+00  0.497827903355E+01
  0.000000000000E+00  0.000000000000E+00  0.100000000000E+01
 -0.100000000000E+01  0.000000000000E+00 -0.000000000000E+00
 -0.000000000000E+00  0.100000000000E+01 -0.000000000000E+00
  0.497827903355E+01  0.497827903355E+01  0.000000000000E+00
  0.000000000000E+00 -0.100000000000E+01 -0.000000000000E+00
  0.000000000000E+00  0.000000000000E+00  0.100000000000E+01
  0.100000000000E+01  0.000000000000E+00  0.000000000000E+00
  0.497827903355E+01  0.746741855033E+01  0.248913951678E+01
 -0.000000000000E+00 -0.000000000000E+00  0.100000000000E+01
  0.100000000000E+01 -0.000000000000E+00 -0.000000000000E+00
  0.000000000000E+00 -0.100000000000E+01 -0.000000000000E+00
  0.497827903355E+01  0.248913951678E+01  0.746741855033E+01
  0.000000000000E+00  0.100000000000E+01  0.000000000000E+00
  0.000000000000E+00 -0.000000000000E+00 -0.100000000000E+01
  0.100000000000E+01 -0.000000000000E+00 -0.000000000000E+00
  0.497827903355E+01  0.746741855033E+01  0.248913951678E+01
 -0.000000000000E+00 -0.000000000000E+00 -0.100000000000E+01
 -0.000000000000E+00  0.100000000000E+01  0.000000000000E+00
 -0.100000000000E+01  0.000000000000E+00  0.000000000000E+00
  0.497827903355E+01  0.000000000000E+00  0.497827903355E+01
 -0.100000000000E+01  0.000000000000E+00  0.000000000000E+00
  0.000000000000E+00  0.000000000000E+00 -0.100000000000E+01
  0.000000000000E+00  0.100000000000E+01 -0.000000000000E+00
  0.995655806710E+01  0.746741855033E+01  0.746741855033E+01
 -0.100000000000E+01 -0.000000000000E+00 -0.000000000000E+00
  0.000000000000E+00 -0.000000000000E+00  0.100000000000E+01
  0.000000000000E+00 -0.100000000000E+01  0.000000000000E+00
  0.995655806710E+01  0.746741855033E+01  0.746741855033E+01
  0.100000000000E+01 -0.000000000000E+00  0.000000000000E+00
 -0.000000000000E+00 -0.000000000000E+00 -0.100000000000E+01
 -0.000000000000E+00 -0.100000000000E+01 -0.000000000000E+00
  0.000000000000E+00  0.000000000000E+00  0.000000000000E+00
  0.000000000000E+00  0.000000000000E+00 -0.100000000000E+01
  0.000000000000E+00 -0.100000000000E+01  0.000000000000E+00
  0.100000000000E+01 -0.000000000000E+00  0.000000000000E+00
  0.497827903355E+01  0.746741855033E+01  0.248913951678E+01
 -0.000000000000E+00  0.000000000000E+00  0.100000000000E+01
 -0.000000000000E+00 -0.100000000000E+01 -0.000000000000E+00
 -0.100000000000E+01 -0.000000000000E+00 -0.000000000000E+00
  0.497827903355E+01  0.000000000000E+00  0.497827903355E+01
  0.000000000000E+00 -0.000000000000E+00  0.100000000000E+01
  0.000000000000E+00  0.100000000000E+01 -0.000000000000E+00
  0.100000000000E+01  0.000000000000E+00 -0.000000000000E+00
  0.497827903355E+01  0.746741855033E+01  0.248913951678E+01
  0.100000000000E+01  0.000000000000E+00 -0.000000000000E+00
 -0.000000000000E+00  0.000000000000E+00  0.100000000000E+01
 -0.000000000000E+00  0.100000000000E+01  0.000000000000E+00
  0.000000000000E+00  0.000000000000E+00  0.000000000000E+00
   54
    3     -0.085815723106      0.000000000000      0.000000000000
    3      2.640731776168      2.337547257383     -0.000000000000
    3     -2.489139516776     -2.403323793670      0.000000000000
    3      2.640731776168      0.000000000000      2.337547257383
    3      4.978279033551      2.337547257383      2.337547257383
   22     -0.080485762026     -2.408653754750      2.408653754750
    3     -2.489139516776      0.000000000000     -2.403323793670
   22     -0.080485762026      2.408653754750     -2.408653754750
   22     -4.897793271526     -2.408653754750     -2.408653754750
   22     -0.080485762026      2.408653754750      2.408653754750
   22      2.569625278801      5.058764795577      2.408653754750
    3     -2.489139516776      0.000000000000      2.403323793670
   22      2.569625278801      2.408653754750      5.058764795577
    3      4.978279033551      5.129871292943      5.129871292943
    3     -0.151592259392      0.000000000000      5.129871292943
    3     -2.489139516776      2.403323793670      0.000000000000
    3     -0.151592259392      5.129871292943      0.000000000000
    3     -4.892463310445     -0.000000000000      0.000000000000
   22     -0.080485762026     -2.408653754750     -2.408653754750
    3      2.640731776168     -0.000000000000     -2.337547257383
    3     -2.489139516776     -5.129871292943     -2.337547257383
    3      2.640731776168     -2.337547257383     -0.000000000000
   22      4.978279033551     -0.000000000000     -0.000000000000
    3     -0.151592259392     -5.129871292943     -0.000000000000
    3     -2.489139516776     -2.337547257383     -5.129871292943
    3     -0.151592259392     -0.000000000000     -5.129871292943
   22     -4.897793271526     -5.058764795577     -5.058764795577
   16      2.386252048373      2.592026985178      2.592026985178
   16      4.978279033551      4.925794857226      2.541623693100
   16      0.052484176325     -0.000000000000      2.541623693100
   16      4.978279033551      2.541623693100      4.925794857226
   16      7.570306018729      4.875391565149      4.875391565149
   16      2.436655340451     -0.000000000000      4.925794857226
   16      0.052484176325      2.541623693100     -0.000000000000
   16      2.436655340451      4.925794857226      0.000000000000
   16     -2.489139516776     -0.000000000000     -0.000000000000
   16      2.386252048373      4.875391565149      4.875391565149
   16      4.978279033551      7.467418550327      5.022490162675
   16      0.102887468403      2.592026985178      4.875391565149
   16      4.978279033551      5.022490162675      7.467418550327
   16      7.423207421203      7.467418550327      7.467418550327
   16      2.436655340451      2.541623693100      7.467418550327
   16      0.102887468403      4.875391565149      2.592026985178
   16      2.436655340451      7.467418550327      2.541623693100
   16     -2.489139516776      2.541623693100      2.541623693100
   16      2.533350645899     -0.000000000000     -0.000000000000
   16      4.978279033551      2.444928387652     -0.000000000000
   16      0.052484176325     -2.541623693100     -0.000000000000
   16      4.978279033551     -0.000000000000      2.444928387652
   16      7.570306018729      2.592026985178      2.592026985178
   16      2.386252048373     -2.592026985178      2.592026985178
   16      0.052484176325     -0.000000000000     -2.541623693100
   16      2.386252048373      2.592026985178     -2.592026985178
   16     -2.489139516776     -2.541623693100     -2.541623693100
  225   48
