   3   1   1 E -1.8527572280478E+04 DE 1.4E-09(  5)
  0.000000000000E+00  0.746742132933E+01  0.746742132933E+01
  0.746742132933E+01  0.000000000000E+00  0.746742132933E+01
  0.746742132933E+01  0.746742132933E+01  0.000000000000E+00
   48
  0.100000000000E+01 -0.000000000000E+00  0.000000000000E+00
 -0.000000000000E+00  0.100000000000E+01  0.000000000000E+00
 -0.000000000000E+00  0.000000000000E+00  0.100000000000E+01
  0.000000000000E+00  0.000000000000E+00  0.000000000000E+00
 -0.000000000000E+00 -0.100000000000E+01  0.000000000000E+00
  0.100000000000E+01  0.000000000000E+00  0.000000000000E+00
  0.000000000000E+00  0.000000000000E+00  0.100000000000E+01
  0.497828088622E+01  0.248914044311E+01  0.746742132933E+01
  0.000000000000E+00  0.100000000000E+01  0.000000000000E+00
 -0.100000000000E+01 -0.000000000000E+00  0.000000000000E+00
 -0.000000000000E+00 -0.000000000000E+00  0.100000000000E+01
  0.497828088622E+01  0.497828088622E+01  0.000000000000E+00
 -0.100000000000E+01  0.000000000000E+00  0.000000000000E+00
  0.000000000000E+00 -0.100000000000E+01  0.000000000000E+00
  0.000000000000E+00 -0.000000000000E+00  0.100000000000E+01
  0.995656177243E+01  0.746742132933E+01  0.746742132933E+01
  0.100000000000E+01  0.000000000000E+00 -0.000000000000E+00
 -0.000000000000E+00 -0.100000000000E+01 -0.000000000000E+00
 -0.000000000000E+00 -0.000000000000E+00 -0.100000000000E+01
  0.000000000000E+00  0.000000000000E+00  0.000000000000E+00
  0.000000000000E+00 -0.100000000000E+01 -0.000000000000E+00
 -0.100000000000E+01  0.000000000000E+00 -0.000000000000E+00
 -0.000000000000E+00  0.000000000000E+00 -0.100000000000E+01
  0.497828088622E+01  0.497828088622E+01  0.000000000000E+00
 -0.100000000000E+01 -0.000000000000E+00 -0.000000000000E+00
  0.000000000000E+00  0.100000000000E+01 -0.000000000000E+00
  0.000000000000E+00  0.000000000000E+00 -0.100000000000E+01
  0.995656177243E+01  0.746742132933E+01  0.746742132933E+01
 -0.000000000000E+00  0.100000000000E+01 -0.000000000000E+00
  0.100000000000E+01 -0.000000000000E+00 -0.000000000000E+00
  0.000000000000E+00 -0.000000000000E+00 -0.100000000000E+01
  0.497828088622E+01  0.248914044311E+01  0.746742132933E+01
 -0.000000000000E+00  0.000000000000E+00  0.100000000000E+01
  0.100000000000E+01  0.000000000000E+00 -0.000000000000E+00
  0.000000000000E+00  0.100000000000E+01 -0.000000000000E+00
  0.497828088622E+01  0.248914044311E+01  0.746742132933E+01
  0.000000000000E+00  0.100000000000E+01 -0.000000000000E+00
  0.000000000000E+00 -0.000000000000E+00  0.100000000000E+01
  0.100000000000E+01 -0.000000000000E+00  0.000000000000E+00
  0.497828088622E+01  0.746742132933E+01  0.248914044311E+01
  0.000000000000E+00 -0.000000000000E+00  0.100000000000E+01
 -0.100000000000E+01 -0.000000000000E+00 -0.000000000000E+00
 -0.000000000000E+00 -0.100000000000E+01 -0.000000000000E+00
  0.497828088622E+01  0.497828088622E+01  0.000000000000E+00
  0.000000000000E+00 -0.100000000000E+01  0.000000000000E+00
  0.000000000000E+00  0.000000000000E+00 -0.100000000000E+01
  0.100000000000E+01  0.000000000000E+00 -0.000000000000E+00
  0.497828088622E+01  0.746742132933E+01  0.248914044311E+01
 -0.000000000000E+00 -0.000000000000E+00 -0.100000000000E+01
  0.100000000000E+01 -0.000000000000E+00  0.000000000000E+00
  0.000000000000E+00 -0.100000000000E+01  0.000000000000E+00
  0.497828088622E+01  0.248914044311E+01  0.746742132933E+01
 -0.000000000000E+00  0.100000000000E+01  0.000000000000E+00
 -0.000000000000E+00 -0.000000000000E+00 -0.100000000000E+01
 -0.100000000000E+01 -0.000000000000E+00 -0.000000000000E+00
  0.497828088622E+01  0.000000000000E+00  0.497828088622E+01
  0.000000000000E+00  0.000000000000E+00 -0.100000000000E+01
 -0.100000000000E+01  0.000000000000E+00  0.000000000000E+00
 -0.000000000000E+00  0.100000000000E+01  0.000000000000E+00
  0.497828088622E+01  0.497828088622E+01  0.000000000000E+00
 -0.000000000000E+00 -0.100000000000E+01 -0.000000000000E+00
 -0.000000000000E+00  0.000000000000E+00  0.100000000000E+01
 -0.100000000000E+01  0.000000000000E+00  0.000000000000E+00
  0.497828088622E+01  0.000000000000E+00  0.497828088622E+01
  0.000000000000E+00  0.000000000000E+00  0.100000000000E+01
  0.000000000000E+00 -0.100000000000E+01 -0.000000000000E+00
  0.100000000000E+01 -0.000000000000E+00 -0.000000000000E+00
  0.497828088622E+01  0.746742132933E+01  0.248914044311E+01
  0.100000000000E+01 -0.000000000000E+00 -0.000000000000E+00
 -0.000000000000E+00 -0.000000000000E+00  0.100000000000E+01
 -0.000000000000E+00 -0.100000000000E+01  0.000000000000E+00
  0.000000000000E+00  0.000000000000E+00  0.000000000000E+00
  0.100000000000E+01  0.000000000000E+00  0.000000000000E+00
 -0.000000000000E+00  0.000000000000E+00 -0.100000000000E+01
 -0.000000000000E+00  0.100000000000E+01 -0.000000000000E+00
  0.000000000000E+00  0.000000000000E+00  0.000000000000E+00
 -0.100000000000E+01  0.000000000000E+00 -0.000000000000E+00
  0.000000000000E+00  0.000000000000E+00  0.100000000000E+01
  0.000000000000E+00  0.100000000000E+01  0.000000000000E+00
  0.995656177243E+01  0.746742132933E+01  0.746742132933E+01
 -0.000000000000E+00 -0.000000000000E+00  0.100000000000E+01
 -0.000000000000E+00  0.100000000000E+01 -0.000000000000E+00
 -0.100000000000E+01  0.000000000000E+00 -0.000000000000E+00
  0.497828088622E+01  0.000000000000E+00  0.497828088622E+01
  0.000000000000E+00 -0.000000000000E+00 -0.100000000000E+01
  0.000000000000E+00  0.100000000000E+01  0.000000000000E+00
  0.100000000000E+01  0.000000000000E+00  0.000000000000E+00
  0.497828088622E+01  0.746742132933E+01  0.248914044311E+01
 -0.000000000000E+00  0.000000000000E+00 -0.100000000000E+01
 -0.000000000000E+00 -0.100000000000E+01  0.000000000000E+00
 -0.100000000000E+01 -0.000000000000E+00  0.000000000000E+00
  0.497828088622E+01  0.000000000000E+00  0.497828088622E+01
 -0.100000000000E+01 -0.000000000000E+00  0.000000000000E+00
  0.000000000000E+00 -0.000000000000E+00 -0.100000000000E+01
  0.000000000000E+00 -0.100000000000E+01 -0.000000000000E+00
  0.995656177243E+01  0.746742132933E+01  0.746742132933E+01
 -0.100000000000E+01  0.000000000000E+00 -0.000000000000E+00
  0.000000000000E+00 -0.100000000000E+01 -0.000000000000E+00
  0.000000000000E+00 -0.000000000000E+00 -0.100000000000E+01
  0.995656177243E+01  0.746742132933E+01  0.746742132933E+01
  0.000000000000E+00  0.100000000000E+01 -0.000000000000E+00
 -0.100000000000E+01 -0.000000000000E+00 -0.000000000000E+00
 -0.000000000000E+00 -0.000000000000E+00 -0.100000000000E+01
  0.497828088622E+01  0.497828088622E+01  0.000000000000E+00
 -0.000000000000E+00 -0.100000000000E+01 -0.000000000000E+00
  0.100000000000E+01  0.000000000000E+00 -0.000000000000E+00
  0.000000000000E+00  0.000000000000E+00 -0.100000000000E+01
  0.497828088622E+01  0.248914044311E+01  0.746742132933E+01
  0.100000000000E+01 -0.000000000000E+00 -0.000000000000E+00
 -0.000000000000E+00  0.100000000000E+01 -0.000000000000E+00
 -0.000000000000E+00  0.000000000000E+00 -0.100000000000E+01
  0.000000000000E+00  0.000000000000E+00  0.000000000000E+00
 -0.100000000000E+01 -0.000000000000E+00  0.000000000000E+00
  0.000000000000E+00  0.100000000000E+01  0.000000000000E+00
  0.000000000000E+00  0.000000000000E+00  0.100000000000E+01
  0.995656177243E+01  0.746742132933E+01  0.746742132933E+01
 -0.000000000000E+00  0.100000000000E+01  0.000000000000E+00
  0.100000000000E+01 -0.000000000000E+00  0.000000000000E+00
  0.000000000000E+00 -0.000000000000E+00  0.100000000000E+01
  0.497828088622E+01  0.248914044311E+01  0.746742132933E+01
  0.100000000000E+01  0.000000000000E+00  0.000000000000E+00
 -0.000000000000E+00 -0.100000000000E+01  0.000000000000E+00
 -0.000000000000E+00 -0.000000000000E+00  0.100000000000E+01
  0.000000000000E+00  0.000000000000E+00  0.000000000000E+00
  0.000000000000E+00 -0.100000000000E+01  0.000000000000E+00
 -0.100000000000E+01  0.000000000000E+00  0.000000000000E+00
 -0.000000000000E+00  0.000000000000E+00  0.100000000000E+01
  0.497828088622E+01  0.497828088622E+01  0.000000000000E+00
  0.000000000000E+00 -0.000000000000E+00 -0.100000000000E+01
 -0.100000000000E+01 -0.000000000000E+00  0.000000000000E+00
 -0.000000000000E+00 -0.100000000000E+01  0.000000000000E+00
  0.497828088622E+01  0.497828088622E+01  0.000000000000E+00
 -0.000000000000E+00 -0.100000000000E+01  0.000000000000E+00
 -0.000000000000E+00  0.000000000000E+00 -0.100000000000E+01
 -0.100000000000E+01  0.000000000000E+00 -0.000000000000E+00
  0.497828088622E+01  0.000000000000E+00  0.497828088622E+01
 -0.000000000000E+00  0.000000000000E+00 -0.100000000000E+01
  0.100000000000E+01  0.000000000000E+00  0.000000000000E+00
  0.000000000000E+00  0.100000000000E+01  0.000000000000E+00
  0.497828088622E+01  0.248914044311E+01  0.746742132933E+01
 -0.000000000000E+00  0.100000000000E+01 -0.000000000000E+00
 -0.000000000000E+00 -0.000000000000E+00  0.100000000000E+01
 -0.100000000000E+01 -0.000000000000E+00  0.000000000000E+00
  0.497828088622E+01  0.000000000000E+00  0.497828088622E+01
  0.000000000000E+00  0.000000000000E+00  0.100000000000E+01
 -0.100000000000E+01  0.000000000000E+00 -0.000000000000E+00
 -0.000000000000E+00  0.100000000000E+01 -0.000000000000E+00
  0.497828088622E+01  0.497828088622E+01  0.000000000000E+00
  0.000000000000E+00 -0.100000000000E+01 -0.000000000000E+00
  0.000000000000E+00  0.000000000000E+00  0.100000000000E+01
  0.100000000000E+01  0.000000000000E+00  0.000000000000E+00
  0.497828088622E+01  0.746742132933E+01  0.248914044311E+01
 -0.000000000000E+00 -0.000000000000E+00  0.100000000000E+01
  0.100000000000E+01 -0.000000000000E+00 -0.000000000000E+00
  0.000000000000E+00 -0.100000000000E+01 -0.000000000000E+00
  0.497828088622E+01  0.248914044311E+01  0.746742132933E+01
  0.000000000000E+00  0.100000000000E+01  0.000000000000E+00
  0.000000000000E+00 -0.000000000000E+00 -0.100000000000E+01
  0.100000000000E+01 -0.000000000000E+00 -0.000000000000E+00
  0.497828088622E+01  0.746742132933E+01  0.248914044311E+01
 -0.000000000000E+00 -0.000000000000E+00 -0.100000000000E+01
 -0.000000000000E+00  0.100000000000E+01  0.000000000000E+00
 -0.100000000000E+01  0.000000000000E+00  0.000000000000E+00
  0.497828088622E+01  0.000000000000E+00  0.497828088622E+01
 -0.100000000000E+01  0.000000000000E+00  0.000000000000E+00
  0.000000000000E+00  0.000000000000E+00 -0.100000000000E+01
  0.000000000000E+00  0.100000000000E+01 -0.000000000000E+00
  0.995656177243E+01  0.746742132933E+01  0.746742132933E+01
 -0.100000000000E+01 -0.000000000000E+00 -0.000000000000E+00
  0.000000000000E+00 -0.000000000000E+00  0.100000000000E+01
  0.000000000000E+00 -0.100000000000E+01  0.000000000000E+00
  0.995656177243E+01  0.746742132933E+01  0.746742132933E+01
  0.100000000000E+01 -0.000000000000E+00  0.000000000000E+00
 -0.000000000000E+00 -0.000000000000E+00 -0.100000000000E+01
 -0.000000000000E+00 -0.100000000000E+01 -0.000000000000E+00
  0.000000000000E+00  0.000000000000E+00  0.000000000000E+00
  0.000000000000E+00  0.000000000000E+00 -0.100000000000E+01
  0.000000000000E+00 -0.100000000000E+01  0.000000000000E+00
  0.100000000000E+01 -0.000000000000E+00  0.000000000000E+00
  0.497828088622E+01  0.746742132933E+01  0.248914044311E+01
 -0.000000000000E+00  0.000000000000E+00  0.100000000000E+01
 -0.000000000000E+00 -0.100000000000E+01 -0.000000000000E+00
 -0.100000000000E+01 -0.000000000000E+00 -0.000000000000E+00
  0.497828088622E+01  0.000000000000E+00  0.497828088622E+01
  0.000000000000E+00 -0.000000000000E+00  0.100000000000E+01
  0.000000000000E+00  0.100000000000E+01 -0.000000000000E+00
  0.100000000000E+01  0.000000000000E+00 -0.000000000000E+00
  0.497828088622E+01  0.746742132933E+01  0.248914044311E+01
  0.100000000000E+01  0.000000000000E+00 -0.000000000000E+00
 -0.000000000000E+00  0.000000000000E+00  0.100000000000E+01
 -0.000000000000E+00  0.100000000000E+01  0.000000000000E+00
  0.000000000000E+00  0.000000000000E+00  0.000000000000E+00
   54
    3     -0.085819442569      0.000000000000      0.000000000000
    3      2.640731897829      2.337548988388     -0.000000000000
    3     -2.489140443109     -2.403321000539      0.000000000000
    3      2.640731897829      0.000000000000      2.337548988388
    3      4.978280886217      2.337548988388      2.337548988388
   22     -0.080485927482     -2.408654515626      2.408654515626
    3     -2.489140443109      0.000000000000     -2.403321000539
   22     -0.080485927482      2.408654515626     -2.408654515626
   22     -4.897794958735     -2.408654515626     -2.408654515626
   22     -0.080485927482      2.408654515626      2.408654515626
   22      2.569626370591      5.058766813699      2.408654515626
    3     -2.489140443109      0.000000000000      2.403321000539
   22      2.569626370591      2.408654515626      5.058766813699
    3      4.978280886217      5.129872340938      5.129872340938
    3     -0.151591454721      0.000000000000      5.129872340938
    3     -2.489140443109      2.403321000539      0.000000000000
    3     -0.151591454721      5.129872340938      0.000000000000
    3     -4.892461443648     -0.000000000000      0.000000000000
   22     -0.080485927482     -2.408654515626     -2.408654515626
    3      2.640731897829     -0.000000000000     -2.337548988388
    3     -2.489140443109     -5.129872340938     -2.337548988388
    3      2.640731897829     -2.337548988388     -0.000000000000
   22      4.978280886217     -0.000000000000     -0.000000000000
    3     -0.151591454721     -5.129872340938     -0.000000000000
    3     -2.489140443109     -2.337548988388     -5.129872340938
    3     -0.151591454721     -0.000000000000     -5.129872340938
   22     -4.897794958735     -5.058766813699     -5.058766813699
   16      2.386250838837      2.592030047380      2.592030047380
   16      4.978280886217      4.925788274845      2.541633054481
   16      0.052492611372     -0.000000000000      2.541633054481
   16      4.978280886217      2.541633054481      4.925788274845
   16      7.570310933597      4.875391281946      4.875391281946
   16      2.436647831736     -0.000000000000      4.925788274845
   16      0.052492611372      2.541633054481     -0.000000000000
   16      2.436647831736      4.925788274845      0.000000000000
   16     -2.489140443109     -0.000000000000     -0.000000000000
   16      2.386250838837      4.875391281946      4.875391281946
   16      4.978280886217      7.467421329326      5.022502807680
   16      0.102889604272      2.592030047380      4.875391281946
   16      4.978280886217      5.022502807680      7.467421329326
   16      7.423199407863      7.467421329326      7.467421329326
   16      2.436647831736      2.541633054481      7.467421329326
   16      0.102889604272      4.875391281946      2.592030047380
   16      2.436647831736      7.467421329326      2.541633054481
   16     -2.489140443109      2.541633054481      2.541633054481
   16      2.533362364571     -0.000000000000     -0.000000000000
   16      4.978280886217      2.444918521646     -0.000000000000
   16      0.052492611372     -2.541633054481     -0.000000000000
   16      4.978280886217     -0.000000000000      2.444918521646
   16      7.570310933597      2.592030047380      2.592030047380
   16      2.386250838837     -2.592030047380      2.592030047380
   16      0.052492611372     -0.000000000000     -2.541633054481
   16      2.386250838837      2.592030047380     -2.592030047380
   16     -2.489140443109     -2.541633054481     -2.541633054481
  225   48
