   3   1   1 E -1.8527572278598E+04 DE-1.4E-08(  5)
  0.000000000000E+00  0.746725195207E+01  0.746725195207E+01
  0.746725195207E+01  0.000000000000E+00  0.746725195207E+01
  0.746725195207E+01  0.746725195207E+01  0.000000000000E+00
   48
  0.100000000000E+01 -0.000000000000E+00  0.000000000000E+00
 -0.000000000000E+00  0.100000000000E+01  0.000000000000E+00
 -0.000000000000E+00  0.000000000000E+00  0.100000000000E+01
  0.000000000000E+00  0.000000000000E+00  0.000000000000E+00
 -0.000000000000E+00 -0.100000000000E+01  0.000000000000E+00
  0.100000000000E+01  0.000000000000E+00  0.000000000000E+00
  0.000000000000E+00  0.000000000000E+00  0.100000000000E+01
  0.497816796804E+01  0.248908398402E+01  0.746725195207E+01
  0.000000000000E+00  0.100000000000E+01  0.000000000000E+00
 -0.100000000000E+01 -0.000000000000E+00  0.000000000000E+00
 -0.000000000000E+00 -0.000000000000E+00  0.100000000000E+01
  0.497816796804E+01  0.497816796804E+01  0.000000000000E+00
 -0.100000000000E+01  0.000000000000E+00  0.000000000000E+00
  0.000000000000E+00 -0.100000000000E+01  0.000000000000E+00
  0.000000000000E+00 -0.000000000000E+00  0.100000000000E+01
  0.995633593609E+01  0.746725195207E+01  0.746725195207E+01
  0.100000000000E+01  0.000000000000E+00 -0.000000000000E+00
 -0.000000000000E+00 -0.100000000000E+01 -0.000000000000E+00
 -0.000000000000E+00 -0.000000000000E+00 -0.100000000000E+01
  0.000000000000E+00  0.000000000000E+00  0.000000000000E+00
  0.000000000000E+00 -0.100000000000E+01 -0.000000000000E+00
 -0.100000000000E+01  0.000000000000E+00 -0.000000000000E+00
 -0.000000000000E+00  0.000000000000E+00 -0.100000000000E+01
  0.497816796804E+01  0.497816796804E+01  0.000000000000E+00
 -0.100000000000E+01 -0.000000000000E+00 -0.000000000000E+00
  0.000000000000E+00  0.100000000000E+01 -0.000000000000E+00
  0.000000000000E+00  0.000000000000E+00 -0.100000000000E+01
  0.995633593609E+01  0.746725195207E+01  0.746725195207E+01
 -0.000000000000E+00  0.100000000000E+01 -0.000000000000E+00
  0.100000000000E+01 -0.000000000000E+00 -0.000000000000E+00
  0.000000000000E+00 -0.000000000000E+00 -0.100000000000E+01
  0.497816796804E+01  0.248908398402E+01  0.746725195207E+01
 -0.000000000000E+00  0.000000000000E+00  0.100000000000E+01
  0.100000000000E+01  0.000000000000E+00 -0.000000000000E+00
  0.000000000000E+00  0.100000000000E+01 -0.000000000000E+00
  0.497816796804E+01  0.248908398402E+01  0.746725195207E+01
  0.000000000000E+00  0.100000000000E+01 -0.000000000000E+00
  0.000000000000E+00 -0.000000000000E+00  0.100000000000E+01
  0.100000000000E+01 -0.000000000000E+00  0.000000000000E+00
  0.497816796804E+01  0.746725195207E+01  0.248908398402E+01
  0.000000000000E+00 -0.000000000000E+00  0.100000000000E+01
 -0.100000000000E+01 -0.000000000000E+00 -0.000000000000E+00
 -0.000000000000E+00 -0.100000000000E+01 -0.000000000000E+00
  0.497816796804E+01  0.497816796804E+01  0.000000000000E+00
  0.000000000000E+00 -0.100000000000E+01  0.000000000000E+00
  0.000000000000E+00  0.000000000000E+00 -0.100000000000E+01
  0.100000000000E+01  0.000000000000E+00 -0.000000000000E+00
  0.497816796804E+01  0.746725195207E+01  0.248908398402E+01
 -0.000000000000E+00 -0.000000000000E+00 -0.100000000000E+01
  0.100000000000E+01 -0.000000000000E+00  0.000000000000E+00
  0.000000000000E+00 -0.100000000000E+01  0.000000000000E+00
  0.497816796804E+01  0.248908398402E+01  0.746725195207E+01
 -0.000000000000E+00  0.100000000000E+01  0.000000000000E+00
 -0.000000000000E+00 -0.000000000000E+00 -0.100000000000E+01
 -0.100000000000E+01 -0.000000000000E+00 -0.000000000000E+00
  0.497816796804E+01  0.000000000000E+00  0.497816796804E+01
  0.000000000000E+00  0.000000000000E+00 -0.100000000000E+01
 -0.100000000000E+01  0.000000000000E+00  0.000000000000E+00
 -0.000000000000E+00  0.100000000000E+01  0.000000000000E+00
  0.497816796804E+01  0.497816796804E+01  0.000000000000E+00
 -0.000000000000E+00 -0.100000000000E+01 -0.000000000000E+00
 -0.000000000000E+00  0.000000000000E+00  0.100000000000E+01
 -0.100000000000E+01  0.000000000000E+00  0.000000000000E+00
  0.497816796804E+01  0.000000000000E+00  0.497816796804E+01
  0.000000000000E+00  0.000000000000E+00  0.100000000000E+01
  0.000000000000E+00 -0.100000000000E+01 -0.000000000000E+00
  0.100000000000E+01 -0.000000000000E+00 -0.000000000000E+00
  0.497816796804E+01  0.746725195207E+01  0.248908398402E+01
  0.100000000000E+01 -0.000000000000E+00 -0.000000000000E+00
 -0.000000000000E+00 -0.000000000000E+00  0.100000000000E+01
 -0.000000000000E+00 -0.100000000000E+01  0.000000000000E+00
  0.000000000000E+00  0.000000000000E+00  0.000000000000E+00
  0.100000000000E+01  0.000000000000E+00  0.000000000000E+00
 -0.000000000000E+00  0.000000000000E+00 -0.100000000000E+01
 -0.000000000000E+00  0.100000000000E+01 -0.000000000000E+00
  0.000000000000E+00  0.000000000000E+00  0.000000000000E+00
 -0.100000000000E+01  0.000000000000E+00 -0.000000000000E+00
  0.000000000000E+00  0.000000000000E+00  0.100000000000E+01
  0.000000000000E+00  0.100000000000E+01  0.000000000000E+00
  0.995633593609E+01  0.746725195207E+01  0.746725195207E+01
 -0.000000000000E+00 -0.000000000000E+00  0.100000000000E+01
 -0.000000000000E+00  0.100000000000E+01 -0.000000000000E+00
 -0.100000000000E+01  0.000000000000E+00 -0.000000000000E+00
  0.497816796804E+01  0.000000000000E+00  0.497816796804E+01
  0.000000000000E+00 -0.000000000000E+00 -0.100000000000E+01
  0.000000000000E+00  0.100000000000E+01  0.000000000000E+00
  0.100000000000E+01  0.000000000000E+00  0.000000000000E+00
  0.497816796804E+01  0.746725195207E+01  0.248908398402E+01
 -0.000000000000E+00  0.000000000000E+00 -0.100000000000E+01
 -0.000000000000E+00 -0.100000000000E+01  0.000000000000E+00
 -0.100000000000E+01 -0.000000000000E+00  0.000000000000E+00
  0.497816796804E+01  0.000000000000E+00  0.497816796804E+01
 -0.100000000000E+01 -0.000000000000E+00  0.000000000000E+00
  0.000000000000E+00 -0.000000000000E+00 -0.100000000000E+01
  0.000000000000E+00 -0.100000000000E+01 -0.000000000000E+00
  0.995633593609E+01  0.746725195207E+01  0.746725195207E+01
 -0.100000000000E+01  0.000000000000E+00 -0.000000000000E+00
  0.000000000000E+00 -0.100000000000E+01 -0.000000000000E+00
  0.000000000000E+00 -0.000000000000E+00 -0.100000000000E+01
  0.995633593609E+01  0.746725195207E+01  0.746725195207E+01
  0.000000000000E+00  0.100000000000E+01 -0.000000000000E+00
 -0.100000000000E+01 -0.000000000000E+00 -0.000000000000E+00
 -0.000000000000E+00 -0.000000000000E+00 -0.100000000000E+01
  0.497816796804E+01  0.497816796804E+01  0.000000000000E+00
 -0.000000000000E+00 -0.100000000000E+01 -0.000000000000E+00
  0.100000000000E+01  0.000000000000E+00 -0.000000000000E+00
  0.000000000000E+00  0.000000000000E+00 -0.100000000000E+01
  0.497816796804E+01  0.248908398402E+01  0.746725195207E+01
  0.100000000000E+01 -0.000000000000E+00 -0.000000000000E+00
 -0.000000000000E+00  0.100000000000E+01 -0.000000000000E+00
 -0.000000000000E+00  0.000000000000E+00 -0.100000000000E+01
  0.000000000000E+00  0.000000000000E+00  0.000000000000E+00
 -0.100000000000E+01 -0.000000000000E+00  0.000000000000E+00
  0.000000000000E+00  0.100000000000E+01  0.000000000000E+00
  0.000000000000E+00  0.000000000000E+00  0.100000000000E+01
  0.995633593609E+01  0.746725195207E+01  0.746725195207E+01
 -0.000000000000E+00  0.100000000000E+01  0.000000000000E+00
  0.100000000000E+01 -0.000000000000E+00  0.000000000000E+00
  0.000000000000E+00 -0.000000000000E+00  0.100000000000E+01
  0.497816796804E+01  0.248908398402E+01  0.746725195207E+01
  0.100000000000E+01  0.000000000000E+00  0.000000000000E+00
 -0.000000000000E+00 -0.100000000000E+01  0.000000000000E+00
 -0.000000000000E+00 -0.000000000000E+00  0.100000000000E+01
  0.000000000000E+00  0.000000000000E+00  0.000000000000E+00
  0.000000000000E+00 -0.100000000000E+01  0.000000000000E+00
 -0.100000000000E+01  0.000000000000E+00  0.000000000000E+00
 -0.000000000000E+00  0.000000000000E+00  0.100000000000E+01
  0.497816796804E+01  0.497816796804E+01  0.000000000000E+00
  0.000000000000E+00 -0.000000000000E+00 -0.100000000000E+01
 -0.100000000000E+01 -0.000000000000E+00  0.000000000000E+00
 -0.000000000000E+00 -0.100000000000E+01  0.000000000000E+00
  0.497816796804E+01  0.497816796804E+01  0.000000000000E+00
 -0.000000000000E+00 -0.100000000000E+01  0.000000000000E+00
 -0.000000000000E+00  0.000000000000E+00 -0.100000000000E+01
 -0.100000000000E+01  0.000000000000E+00 -0.000000000000E+00
  0.497816796804E+01  0.000000000000E+00  0.497816796804E+01
 -0.000000000000E+00  0.000000000000E+00 -0.100000000000E+01
  0.100000000000E+01  0.000000000000E+00  0.000000000000E+00
  0.000000000000E+00  0.100000000000E+01  0.000000000000E+00
  0.497816796804E+01  0.248908398402E+01  0.746725195207E+01
 -0.000000000000E+00  0.100000000000E+01 -0.000000000000E+00
 -0.000000000000E+00 -0.000000000000E+00  0.100000000000E+01
 -0.100000000000E+01 -0.000000000000E+00  0.000000000000E+00
  0.497816796804E+01  0.000000000000E+00  0.497816796804E+01
  0.000000000000E+00  0.000000000000E+00  0.100000000000E+01
 -0.100000000000E+01  0.000000000000E+00 -0.000000000000E+00
 -0.000000000000E+00  0.100000000000E+01 -0.000000000000E+00
  0.497816796804E+01  0.497816796804E+01  0.000000000000E+00
  0.000000000000E+00 -0.100000000000E+01 -0.000000000000E+00
  0.000000000000E+00  0.000000000000E+00  0.100000000000E+01
  0.100000000000E+01  0.000000000000E+00  0.000000000000E+00
  0.497816796804E+01  0.746725195207E+01  0.248908398402E+01
 -0.000000000000E+00 -0.000000000000E+00  0.100000000000E+01
  0.100000000000E+01 -0.000000000000E+00 -0.000000000000E+00
  0.000000000000E+00 -0.100000000000E+01 -0.000000000000E+00
  0.497816796804E+01  0.248908398402E+01  0.746725195207E+01
  0.000000000000E+00  0.100000000000E+01  0.000000000000E+00
  0.000000000000E+00 -0.000000000000E+00 -0.100000000000E+01
  0.100000000000E+01 -0.000000000000E+00 -0.000000000000E+00
  0.497816796804E+01  0.746725195207E+01  0.248908398402E+01
 -0.000000000000E+00 -0.000000000000E+00 -0.100000000000E+01
 -0.000000000000E+00  0.100000000000E+01  0.000000000000E+00
 -0.100000000000E+01  0.000000000000E+00  0.000000000000E+00
  0.497816796804E+01  0.000000000000E+00  0.497816796804E+01
 -0.100000000000E+01  0.000000000000E+00  0.000000000000E+00
  0.000000000000E+00  0.000000000000E+00 -0.100000000000E+01
  0.000000000000E+00  0.100000000000E+01 -0.000000000000E+00
  0.995633593609E+01  0.746725195207E+01  0.746725195207E+01
 -0.100000000000E+01 -0.000000000000E+00 -0.000000000000E+00
  0.000000000000E+00 -0.000000000000E+00  0.100000000000E+01
  0.000000000000E+00 -0.100000000000E+01  0.000000000000E+00
  0.995633593609E+01  0.746725195207E+01  0.746725195207E+01
  0.100000000000E+01 -0.000000000000E+00  0.000000000000E+00
 -0.000000000000E+00 -0.000000000000E+00 -0.100000000000E+01
 -0.000000000000E+00 -0.100000000000E+01 -0.000000000000E+00
  0.000000000000E+00  0.000000000000E+00  0.000000000000E+00
  0.000000000000E+00  0.000000000000E+00 -0.100000000000E+01
  0.000000000000E+00 -0.100000000000E+01  0.000000000000E+00
  0.100000000000E+01 -0.000000000000E+00  0.000000000000E+00
  0.497816796804E+01  0.746725195207E+01  0.248908398402E+01
 -0.000000000000E+00  0.000000000000E+00  0.100000000000E+01
 -0.000000000000E+00 -0.100000000000E+01 -0.000000000000E+00
 -0.100000000000E+01 -0.000000000000E+00 -0.000000000000E+00
  0.497816796804E+01  0.000000000000E+00  0.497816796804E+01
  0.000000000000E+00 -0.000000000000E+00  0.100000000000E+01
  0.000000000000E+00  0.100000000000E+01 -0.000000000000E+00
  0.100000000000E+01  0.000000000000E+00 -0.000000000000E+00
  0.497816796804E+01  0.746725195207E+01  0.248908398402E+01
  0.100000000000E+01  0.000000000000E+00 -0.000000000000E+00
 -0.000000000000E+00  0.000000000000E+00  0.100000000000E+01
 -0.000000000000E+00  0.100000000000E+01  0.000000000000E+00
  0.000000000000E+00  0.000000000000E+00  0.000000000000E+00
   54
    3     -0.085588205126      0.000000000000      0.000000000000
    3      2.640692002661      2.337475965383     -0.000000000000
    3     -2.489083984022     -2.403495778896      0.000000000000
    3      2.640692002661      0.000000000000      2.337475965383
    3      4.978167968044      2.337475965383      2.337475965383
   22     -0.080464746204     -2.408619237818      2.408619237818
    3     -2.489083984022      0.000000000000     -2.403495778896
   22     -0.080464746204      2.408619237818     -2.408619237818
   22     -4.897703221839     -2.408619237818     -2.408619237818
   22     -0.080464746204      2.408619237818      2.408619237818
   22      2.569548730226      5.058632714248      2.408619237818
    3     -2.489083984022      0.000000000000      2.403495778896
   22      2.569548730226      2.408619237818      5.058632714248
    3      4.978167968044      5.129775986683      5.129775986683
    3     -0.151608018639      0.000000000000      5.129775986683
    3     -2.489083984022      2.403495778896      0.000000000000
    3     -0.151608018639      5.129775986683      0.000000000000
    3     -4.892579762918     -0.000000000000      0.000000000000
   22     -0.080464746204     -2.408619237818     -2.408619237818
    3      2.640692002661     -0.000000000000     -2.337475965383
    3     -2.489083984022     -5.129775986683     -2.337475965383
    3      2.640692002661     -2.337475965383     -0.000000000000
   22      4.978167968044     -0.000000000000     -0.000000000000
    3     -0.151608018639     -5.129775986683     -0.000000000000
    3     -2.489083984022     -2.337475965383     -5.129775986683
    3     -0.151608018639     -0.000000000000     -5.129775986683
   22     -4.897703221839     -5.058632714248     -5.058632714248
   16      2.386309320892      2.591858647151      2.591858647151
   16      4.978167968044      4.926136832897      2.541115119168
   16      0.052031135146     -0.000000000000      2.541115119168
   16      4.978167968044      2.541115119168      4.926136832897
   16      7.570026615195      4.875393304914      4.875393304914
   16      2.437052848875     -0.000000000000      4.926136832897
   16      0.052031135146      2.541115119168     -0.000000000000
   16      2.437052848875      4.926136832897      0.000000000000
   16     -2.489083984022     -0.000000000000     -0.000000000000
   16      2.386309320892      4.875393304914      4.875393304914
   16      4.978167968044      7.467251952065      5.021915132769
   16      0.102774663129      2.591858647151      4.875393304914
   16      4.978167968044      5.021915132769      7.467251952065
   16      7.423504787340      7.467251952065      7.467251952065
   16      2.437052848875      2.541115119168      7.467251952065
   16      0.102774663129      4.875393304914      2.591858647151
   16      2.437052848875      7.467251952065      2.541115119168
   16     -2.489083984022      2.541115119168      2.541115119168
   16      2.532831148747     -0.000000000000     -0.000000000000
   16      4.978167968044      2.445336819296     -0.000000000000
   16      0.052031135146     -2.541115119168     -0.000000000000
   16      4.978167968044     -0.000000000000      2.445336819296
   16      7.570026615195      2.591858647151      2.591858647151
   16      2.386309320892     -2.591858647151      2.591858647151
   16      0.052031135146     -0.000000000000     -2.541115119168
   16      2.386309320892      2.591858647151     -2.591858647151
   16     -2.489083984022     -2.541115119168     -2.541115119168
  225   48
