   3   1   1 E -1.8527572280767E+04 DE-1.6E-08(  5)
  0.000000000000E+00  0.746738268427E+01  0.746738268427E+01
  0.746738268427E+01  0.000000000000E+00  0.746738268427E+01
  0.746738268427E+01  0.746738268427E+01  0.000000000000E+00
   48
  0.100000000000E+01 -0.000000000000E+00  0.000000000000E+00
 -0.000000000000E+00  0.100000000000E+01  0.000000000000E+00
 -0.000000000000E+00  0.000000000000E+00  0.100000000000E+01
  0.000000000000E+00  0.000000000000E+00  0.000000000000E+00
 -0.000000000000E+00 -0.100000000000E+01  0.000000000000E+00
  0.100000000000E+01  0.000000000000E+00  0.000000000000E+00
  0.000000000000E+00  0.000000000000E+00  0.100000000000E+01
  0.497825512284E+01  0.248912756142E+01  0.746738268427E+01
  0.000000000000E+00  0.100000000000E+01  0.000000000000E+00
 -0.100000000000E+01 -0.000000000000E+00  0.000000000000E+00
 -0.000000000000E+00 -0.000000000000E+00  0.100000000000E+01
  0.497825512284E+01  0.497825512284E+01  0.000000000000E+00
 -0.100000000000E+01  0.000000000000E+00  0.000000000000E+00
  0.000000000000E+00 -0.100000000000E+01  0.000000000000E+00
  0.000000000000E+00 -0.000000000000E+00  0.100000000000E+01
  0.995651024569E+01  0.746738268427E+01  0.746738268427E+01
  0.100000000000E+01  0.000000000000E+00 -0.000000000000E+00
 -0.000000000000E+00 -0.100000000000E+01 -0.000000000000E+00
 -0.000000000000E+00 -0.000000000000E+00 -0.100000000000E+01
  0.000000000000E+00  0.000000000000E+00  0.000000000000E+00
  0.000000000000E+00 -0.100000000000E+01 -0.000000000000E+00
 -0.100000000000E+01  0.000000000000E+00 -0.000000000000E+00
 -0.000000000000E+00  0.000000000000E+00 -0.100000000000E+01
  0.497825512284E+01  0.497825512284E+01  0.000000000000E+00
 -0.100000000000E+01 -0.000000000000E+00 -0.000000000000E+00
  0.000000000000E+00  0.100000000000E+01 -0.000000000000E+00
  0.000000000000E+00  0.000000000000E+00 -0.100000000000E+01
  0.995651024569E+01  0.746738268427E+01  0.746738268427E+01
 -0.000000000000E+00  0.100000000000E+01 -0.000000000000E+00
  0.100000000000E+01 -0.000000000000E+00 -0.000000000000E+00
  0.000000000000E+00 -0.000000000000E+00 -0.100000000000E+01
  0.497825512284E+01  0.248912756142E+01  0.746738268427E+01
 -0.000000000000E+00  0.000000000000E+00  0.100000000000E+01
  0.100000000000E+01  0.000000000000E+00 -0.000000000000E+00
  0.000000000000E+00  0.100000000000E+01 -0.000000000000E+00
  0.497825512284E+01  0.248912756142E+01  0.746738268427E+01
  0.000000000000E+00  0.100000000000E+01 -0.000000000000E+00
  0.000000000000E+00 -0.000000000000E+00  0.100000000000E+01
  0.100000000000E+01 -0.000000000000E+00  0.000000000000E+00
  0.497825512284E+01  0.746738268427E+01  0.248912756142E+01
  0.000000000000E+00 -0.000000000000E+00  0.100000000000E+01
 -0.100000000000E+01 -0.000000000000E+00 -0.000000000000E+00
 -0.000000000000E+00 -0.100000000000E+01 -0.000000000000E+00
  0.497825512284E+01  0.497825512284E+01  0.000000000000E+00
  0.000000000000E+00 -0.100000000000E+01  0.000000000000E+00
  0.000000000000E+00  0.000000000000E+00 -0.100000000000E+01
  0.100000000000E+01  0.000000000000E+00 -0.000000000000E+00
  0.497825512284E+01  0.746738268427E+01  0.248912756142E+01
 -0.000000000000E+00 -0.000000000000E+00 -0.100000000000E+01
  0.100000000000E+01 -0.000000000000E+00  0.000000000000E+00
  0.000000000000E+00 -0.100000000000E+01  0.000000000000E+00
  0.497825512284E+01  0.248912756142E+01  0.746738268427E+01
 -0.000000000000E+00  0.100000000000E+01  0.000000000000E+00
 -0.000000000000E+00 -0.000000000000E+00 -0.100000000000E+01
 -0.100000000000E+01 -0.000000000000E+00 -0.000000000000E+00
  0.497825512284E+01  0.000000000000E+00  0.497825512284E+01
  0.000000000000E+00  0.000000000000E+00 -0.100000000000E+01
 -0.100000000000E+01  0.000000000000E+00  0.000000000000E+00
 -0.000000000000E+00  0.100000000000E+01  0.000000000000E+00
  0.497825512284E+01  0.497825512284E+01  0.000000000000E+00
 -0.000000000000E+00 -0.100000000000E+01 -0.000000000000E+00
 -0.000000000000E+00  0.000000000000E+00  0.100000000000E+01
 -0.100000000000E+01  0.000000000000E+00  0.000000000000E+00
  0.497825512284E+01  0.000000000000E+00  0.497825512284E+01
  0.000000000000E+00  0.000000000000E+00  0.100000000000E+01
  0.000000000000E+00 -0.100000000000E+01 -0.000000000000E+00
  0.100000000000E+01 -0.000000000000E+00 -0.000000000000E+00
  0.497825512284E+01  0.746738268427E+01  0.248912756142E+01
  0.100000000000E+01 -0.000000000000E+00 -0.000000000000E+00
 -0.000000000000E+00 -0.000000000000E+00  0.100000000000E+01
 -0.000000000000E+00 -0.100000000000E+01  0.000000000000E+00
  0.000000000000E+00  0.000000000000E+00  0.000000000000E+00
  0.100000000000E+01  0.000000000000E+00  0.000000000000E+00
 -0.000000000000E+00  0.000000000000E+00 -0.100000000000E+01
 -0.000000000000E+00  0.100000000000E+01 -0.000000000000E+00
  0.000000000000E+00  0.000000000000E+00  0.000000000000E+00
 -0.100000000000E+01  0.000000000000E+00 -0.000000000000E+00
  0.000000000000E+00  0.000000000000E+00  0.100000000000E+01
  0.000000000000E+00  0.100000000000E+01  0.000000000000E+00
  0.995651024569E+01  0.746738268427E+01  0.746738268427E+01
 -0.000000000000E+00 -0.000000000000E+00  0.100000000000E+01
 -0.000000000000E+00  0.100000000000E+01 -0.000000000000E+00
 -0.100000000000E+01  0.000000000000E+00 -0.000000000000E+00
  0.497825512284E+01  0.000000000000E+00  0.497825512284E+01
  0.000000000000E+00 -0.000000000000E+00 -0.100000000000E+01
  0.000000000000E+00  0.100000000000E+01  0.000000000000E+00
  0.100000000000E+01  0.000000000000E+00  0.000000000000E+00
  0.497825512284E+01  0.746738268427E+01  0.248912756142E+01
 -0.000000000000E+00  0.000000000000E+00 -0.100000000000E+01
 -0.000000000000E+00 -0.100000000000E+01  0.000000000000E+00
 -0.100000000000E+01 -0.000000000000E+00  0.000000000000E+00
  0.497825512284E+01  0.000000000000E+00  0.497825512284E+01
 -0.100000000000E+01 -0.000000000000E+00  0.000000000000E+00
  0.000000000000E+00 -0.000000000000E+00 -0.100000000000E+01
  0.000000000000E+00 -0.100000000000E+01 -0.000000000000E+00
  0.995651024569E+01  0.746738268427E+01  0.746738268427E+01
 -0.100000000000E+01  0.000000000000E+00 -0.000000000000E+00
  0.000000000000E+00 -0.100000000000E+01 -0.000000000000E+00
  0.000000000000E+00 -0.000000000000E+00 -0.100000000000E+01
  0.995651024569E+01  0.746738268427E+01  0.746738268427E+01
  0.000000000000E+00  0.100000000000E+01 -0.000000000000E+00
 -0.100000000000E+01 -0.000000000000E+00 -0.000000000000E+00
 -0.000000000000E+00 -0.000000000000E+00 -0.100000000000E+01
  0.497825512284E+01  0.497825512284E+01  0.000000000000E+00
 -0.000000000000E+00 -0.100000000000E+01 -0.000000000000E+00
  0.100000000000E+01  0.000000000000E+00 -0.000000000000E+00
  0.000000000000E+00  0.000000000000E+00 -0.100000000000E+01
  0.497825512284E+01  0.248912756142E+01  0.746738268427E+01
  0.100000000000E+01 -0.000000000000E+00 -0.000000000000E+00
 -0.000000000000E+00  0.100000000000E+01 -0.000000000000E+00
 -0.000000000000E+00  0.000000000000E+00 -0.100000000000E+01
  0.000000000000E+00  0.000000000000E+00  0.000000000000E+00
 -0.100000000000E+01 -0.000000000000E+00  0.000000000000E+00
  0.000000000000E+00  0.100000000000E+01  0.000000000000E+00
  0.000000000000E+00  0.000000000000E+00  0.100000000000E+01
  0.995651024569E+01  0.746738268427E+01  0.746738268427E+01
 -0.000000000000E+00  0.100000000000E+01  0.000000000000E+00
  0.100000000000E+01 -0.000000000000E+00  0.000000000000E+00
  0.000000000000E+00 -0.000000000000E+00  0.100000000000E+01
  0.497825512284E+01  0.248912756142E+01  0.746738268427E+01
  0.100000000000E+01  0.000000000000E+00  0.000000000000E+00
 -0.000000000000E+00 -0.100000000000E+01  0.000000000000E+00
 -0.000000000000E+00 -0.000000000000E+00  0.100000000000E+01
  0.000000000000E+00  0.000000000000E+00  0.000000000000E+00
  0.000000000000E+00 -0.100000000000E+01  0.000000000000E+00
 -0.100000000000E+01  0.000000000000E+00  0.000000000000E+00
 -0.000000000000E+00  0.000000000000E+00  0.100000000000E+01
  0.497825512284E+01  0.497825512284E+01  0.000000000000E+00
  0.000000000000E+00 -0.000000000000E+00 -0.100000000000E+01
 -0.100000000000E+01 -0.000000000000E+00  0.000000000000E+00
 -0.000000000000E+00 -0.100000000000E+01  0.000000000000E+00
  0.497825512284E+01  0.497825512284E+01  0.000000000000E+00
 -0.000000000000E+00 -0.100000000000E+01  0.000000000000E+00
 -0.000000000000E+00  0.000000000000E+00 -0.100000000000E+01
 -0.100000000000E+01  0.000000000000E+00 -0.000000000000E+00
  0.497825512284E+01  0.000000000000E+00  0.497825512284E+01
 -0.000000000000E+00  0.000000000000E+00 -0.100000000000E+01
  0.100000000000E+01  0.000000000000E+00  0.000000000000E+00
  0.000000000000E+00  0.100000000000E+01  0.000000000000E+00
  0.497825512284E+01  0.248912756142E+01  0.746738268427E+01
 -0.000000000000E+00  0.100000000000E+01 -0.000000000000E+00
 -0.000000000000E+00 -0.000000000000E+00  0.100000000000E+01
 -0.100000000000E+01 -0.000000000000E+00  0.000000000000E+00
  0.497825512284E+01  0.000000000000E+00  0.497825512284E+01
  0.000000000000E+00  0.000000000000E+00  0.100000000000E+01
 -0.100000000000E+01  0.000000000000E+00 -0.000000000000E+00
 -0.000000000000E+00  0.100000000000E+01 -0.000000000000E+00
  0.497825512284E+01  0.497825512284E+01  0.000000000000E+00
  0.000000000000E+00 -0.100000000000E+01 -0.000000000000E+00
  0.000000000000E+00  0.000000000000E+00  0.100000000000E+01
  0.100000000000E+01  0.000000000000E+00  0.000000000000E+00
  0.497825512284E+01  0.746738268427E+01  0.248912756142E+01
 -0.000000000000E+00 -0.000000000000E+00  0.100000000000E+01
  0.100000000000E+01 -0.000000000000E+00 -0.000000000000E+00
  0.000000000000E+00 -0.100000000000E+01 -0.000000000000E+00
  0.497825512284E+01  0.248912756142E+01  0.746738268427E+01
  0.000000000000E+00  0.100000000000E+01  0.000000000000E+00
  0.000000000000E+00 -0.000000000000E+00 -0.100000000000E+01
  0.100000000000E+01 -0.000000000000E+00 -0.000000000000E+00
  0.497825512284E+01  0.746738268427E+01  0.248912756142E+01
 -0.000000000000E+00 -0.000000000000E+00 -0.100000000000E+01
 -0.000000000000E+00  0.100000000000E+01  0.000000000000E+00
 -0.100000000000E+01  0.000000000000E+00  0.000000000000E+00
  0.497825512284E+01  0.000000000000E+00  0.497825512284E+01
 -0.100000000000E+01  0.000000000000E+00  0.000000000000E+00
  0.000000000000E+00  0.000000000000E+00 -0.100000000000E+01
  0.000000000000E+00  0.100000000000E+01 -0.000000000000E+00
  0.995651024569E+01  0.746738268427E+01  0.746738268427E+01
 -0.100000000000E+01 -0.000000000000E+00 -0.000000000000E+00
  0.000000000000E+00 -0.000000000000E+00  0.100000000000E+01
  0.000000000000E+00 -0.100000000000E+01  0.000000000000E+00
  0.995651024569E+01  0.746738268427E+01  0.746738268427E+01
  0.100000000000E+01 -0.000000000000E+00  0.000000000000E+00
 -0.000000000000E+00 -0.000000000000E+00 -0.100000000000E+01
 -0.000000000000E+00 -0.100000000000E+01 -0.000000000000E+00
  0.000000000000E+00  0.000000000000E+00  0.000000000000E+00
  0.000000000000E+00  0.000000000000E+00 -0.100000000000E+01
  0.000000000000E+00 -0.100000000000E+01  0.000000000000E+00
  0.100000000000E+01 -0.000000000000E+00  0.000000000000E+00
  0.497825512284E+01  0.746738268427E+01  0.248912756142E+01
 -0.000000000000E+00  0.000000000000E+00  0.100000000000E+01
 -0.000000000000E+00 -0.100000000000E+01 -0.000000000000E+00
 -0.100000000000E+01 -0.000000000000E+00 -0.000000000000E+00
  0.497825512284E+01  0.000000000000E+00  0.497825512284E+01
  0.000000000000E+00 -0.000000000000E+00  0.100000000000E+01
  0.000000000000E+00  0.100000000000E+01 -0.000000000000E+00
  0.100000000000E+01  0.000000000000E+00 -0.000000000000E+00
  0.497825512284E+01  0.746738268427E+01  0.248912756142E+01
  0.100000000000E+01  0.000000000000E+00 -0.000000000000E+00
 -0.000000000000E+00  0.000000000000E+00  0.100000000000E+01
 -0.000000000000E+00  0.100000000000E+01  0.000000000000E+00
  0.000000000000E+00  0.000000000000E+00  0.000000000000E+00
   54
    3     -0.085761553516      0.000000000000      0.000000000000
    3      2.640725189234      2.337529933611     -0.000000000000
    3     -2.489127561422     -2.403366007907      0.000000000000
    3      2.640725189234      0.000000000000      2.337529933611
    3      4.978255122844      2.337529933611      2.337529933611
   22     -0.080478408334     -2.408649153088      2.408649153088
    3     -2.489127561422      0.000000000000     -2.403366007907
   22     -0.080478408334      2.408649153088     -2.408649153088
   22     -4.897776714510     -2.408649153088     -2.408649153088
   22     -0.080478408334      2.408649153088      2.408649153088
   22      2.569605969756      5.058733531178      2.408649153088
    3     -2.489127561422      0.000000000000      2.403366007907
   22      2.569605969756      2.408649153088      5.058733531178
    3      4.978255122844      5.129852750656      5.129852750656
    3     -0.151597627811      0.000000000000      5.129852750656
    3     -2.489127561422      2.403366007907      0.000000000000
    3     -0.151597627811      5.129852750656      0.000000000000
    3     -4.892493569329     -0.000000000000      0.000000000000
   22     -0.080478408334     -2.408649153088     -2.408649153088
    3      2.640725189234     -0.000000000000     -2.337529933611
    3     -2.489127561422     -5.129852750656     -2.337529933611
    3      2.640725189234     -2.337529933611     -0.000000000000
   22      4.978255122844     -0.000000000000     -0.000000000000
    3     -0.151597627811     -5.129852750656     -0.000000000000
    3     -2.489127561422     -2.337529933611     -5.129852750656
    3     -0.151597627811     -0.000000000000     -5.129852750656
   22     -4.897776714510     -5.058733531178     -5.058733531178
   16      2.386269243779      2.591985879065      2.591985879065
   16      4.978255122844      4.925880418578      2.541502265688
   16      0.052374704266     -0.000000000000      2.541502265688
   16      4.978255122844      2.541502265688      4.925880418578
   16      7.570241001910      4.875396805201      4.875396805201
   16      2.436752857156     -0.000000000000      4.925880418578
   16      0.052374704266      2.541502265688     -0.000000000000
   16      2.436752857156      4.925880418578      0.000000000000
   16     -2.489127561422     -0.000000000000     -0.000000000000
   16      2.386269243779      4.875396805201      4.875396805201
   16      4.978255122844      7.467382684267      5.022340798100
   16      0.102858317643      2.591985879065      4.875396805201
   16      4.978255122844      5.022340798100      7.467382684267
   16      7.423297009011      7.467382684267      7.467382684267
   16      2.436752857156      2.541502265688      7.467382684267
   16      0.102858317643      4.875396805201      2.591985879065
   16      2.436752857156      7.467382684267      2.541502265688
   16     -2.489127561422      2.541502265688      2.541502265688
   16      2.533213236678     -0.000000000000     -0.000000000000
   16      4.978255122844      2.445041886166     -0.000000000000
   16      0.052374704266     -2.541502265688     -0.000000000000
   16      4.978255122844     -0.000000000000      2.445041886166
   16      7.570241001910      2.591985879065      2.591985879065
   16      2.386269243779     -2.591985879065      2.591985879065
   16      0.052374704266     -0.000000000000     -2.541502265688
   16      2.386269243779      2.591985879065     -2.591985879065
   16     -2.489127561422     -2.541502265688     -2.541502265688
  225   48
