   3   1   1 E -1.8527572279987E+04 DE-8.2E-07(  4)
  0.000000000000E+00  0.746730112742E+01  0.746730112742E+01
  0.746730112742E+01  0.000000000000E+00  0.746730112742E+01
  0.746730112742E+01  0.746730112742E+01  0.000000000000E+00
   48
  0.100000000000E+01 -0.000000000000E+00  0.000000000000E+00
 -0.000000000000E+00  0.100000000000E+01  0.000000000000E+00
 -0.000000000000E+00  0.000000000000E+00  0.100000000000E+01
  0.000000000000E+00  0.000000000000E+00  0.000000000000E+00
 -0.000000000000E+00 -0.100000000000E+01  0.000000000000E+00
  0.100000000000E+01  0.000000000000E+00  0.000000000000E+00
  0.000000000000E+00  0.000000000000E+00  0.100000000000E+01
  0.497820075161E+01  0.248910037581E+01  0.746730112742E+01
  0.000000000000E+00  0.100000000000E+01  0.000000000000E+00
 -0.100000000000E+01 -0.000000000000E+00  0.000000000000E+00
 -0.000000000000E+00 -0.000000000000E+00  0.100000000000E+01
  0.497820075161E+01  0.497820075161E+01  0.000000000000E+00
 -0.100000000000E+01  0.000000000000E+00  0.000000000000E+00
  0.000000000000E+00 -0.100000000000E+01  0.000000000000E+00
  0.000000000000E+00 -0.000000000000E+00  0.100000000000E+01
  0.995640150323E+01  0.746730112742E+01  0.746730112742E+01
  0.100000000000E+01  0.000000000000E+00 -0.000000000000E+00
 -0.000000000000E+00 -0.100000000000E+01 -0.000000000000E+00
 -0.000000000000E+00 -0.000000000000E+00 -0.100000000000E+01
  0.000000000000E+00  0.000000000000E+00  0.000000000000E+00
  0.000000000000E+00 -0.100000000000E+01 -0.000000000000E+00
 -0.100000000000E+01  0.000000000000E+00 -0.000000000000E+00
 -0.000000000000E+00  0.000000000000E+00 -0.100000000000E+01
  0.497820075161E+01  0.497820075161E+01  0.000000000000E+00
 -0.100000000000E+01 -0.000000000000E+00 -0.000000000000E+00
  0.000000000000E+00  0.100000000000E+01 -0.000000000000E+00
  0.000000000000E+00  0.000000000000E+00 -0.100000000000E+01
  0.995640150323E+01  0.746730112742E+01  0.746730112742E+01
 -0.000000000000E+00  0.100000000000E+01 -0.000000000000E+00
  0.100000000000E+01 -0.000000000000E+00 -0.000000000000E+00
  0.000000000000E+00 -0.000000000000E+00 -0.100000000000E+01
  0.497820075161E+01  0.248910037581E+01  0.746730112742E+01
 -0.000000000000E+00  0.000000000000E+00  0.100000000000E+01
  0.100000000000E+01  0.000000000000E+00 -0.000000000000E+00
  0.000000000000E+00  0.100000000000E+01 -0.000000000000E+00
  0.497820075161E+01  0.248910037581E+01  0.746730112742E+01
  0.000000000000E+00  0.100000000000E+01 -0.000000000000E+00
  0.000000000000E+00 -0.000000000000E+00  0.100000000000E+01
  0.100000000000E+01 -0.000000000000E+00  0.000000000000E+00
  0.497820075161E+01  0.746730112742E+01  0.248910037581E+01
  0.000000000000E+00 -0.000000000000E+00  0.100000000000E+01
 -0.100000000000E+01 -0.000000000000E+00 -0.000000000000E+00
 -0.000000000000E+00 -0.100000000000E+01 -0.000000000000E+00
  0.497820075161E+01  0.497820075161E+01  0.000000000000E+00
  0.000000000000E+00 -0.100000000000E+01  0.000000000000E+00
  0.000000000000E+00  0.000000000000E+00 -0.100000000000E+01
  0.100000000000E+01  0.000000000000E+00 -0.000000000000E+00
  0.497820075161E+01  0.746730112742E+01  0.248910037581E+01
 -0.000000000000E+00 -0.000000000000E+00 -0.100000000000E+01
  0.100000000000E+01 -0.000000000000E+00  0.000000000000E+00
  0.000000000000E+00 -0.100000000000E+01  0.000000000000E+00
  0.497820075161E+01  0.248910037581E+01  0.746730112742E+01
 -0.000000000000E+00  0.100000000000E+01  0.000000000000E+00
 -0.000000000000E+00 -0.000000000000E+00 -0.100000000000E+01
 -0.100000000000E+01 -0.000000000000E+00 -0.000000000000E+00
  0.497820075161E+01  0.000000000000E+00  0.497820075161E+01
  0.000000000000E+00  0.000000000000E+00 -0.100000000000E+01
 -0.100000000000E+01  0.000000000000E+00  0.000000000000E+00
 -0.000000000000E+00  0.100000000000E+01  0.000000000000E+00
  0.497820075161E+01  0.497820075161E+01  0.000000000000E+00
 -0.000000000000E+00 -0.100000000000E+01 -0.000000000000E+00
 -0.000000000000E+00  0.000000000000E+00  0.100000000000E+01
 -0.100000000000E+01  0.000000000000E+00  0.000000000000E+00
  0.497820075161E+01  0.000000000000E+00  0.497820075161E+01
  0.000000000000E+00  0.000000000000E+00  0.100000000000E+01
  0.000000000000E+00 -0.100000000000E+01 -0.000000000000E+00
  0.100000000000E+01 -0.000000000000E+00 -0.000000000000E+00
  0.497820075161E+01  0.746730112742E+01  0.248910037581E+01
  0.100000000000E+01 -0.000000000000E+00 -0.000000000000E+00
 -0.000000000000E+00 -0.000000000000E+00  0.100000000000E+01
 -0.000000000000E+00 -0.100000000000E+01  0.000000000000E+00
  0.000000000000E+00  0.000000000000E+00  0.000000000000E+00
  0.100000000000E+01  0.000000000000E+00  0.000000000000E+00
 -0.000000000000E+00  0.000000000000E+00 -0.100000000000E+01
 -0.000000000000E+00  0.100000000000E+01 -0.000000000000E+00
  0.000000000000E+00  0.000000000000E+00  0.000000000000E+00
 -0.100000000000E+01  0.000000000000E+00 -0.000000000000E+00
  0.000000000000E+00  0.000000000000E+00  0.100000000000E+01
  0.000000000000E+00  0.100000000000E+01  0.000000000000E+00
  0.995640150323E+01  0.746730112742E+01  0.746730112742E+01
 -0.000000000000E+00 -0.000000000000E+00  0.100000000000E+01
 -0.000000000000E+00  0.100000000000E+01 -0.000000000000E+00
 -0.100000000000E+01  0.000000000000E+00 -0.000000000000E+00
  0.497820075161E+01  0.000000000000E+00  0.497820075161E+01
  0.000000000000E+00 -0.000000000000E+00 -0.100000000000E+01
  0.000000000000E+00  0.100000000000E+01  0.000000000000E+00
  0.100000000000E+01  0.000000000000E+00  0.000000000000E+00
  0.497820075161E+01  0.746730112742E+01  0.248910037581E+01
 -0.000000000000E+00  0.000000000000E+00 -0.100000000000E+01
 -0.000000000000E+00 -0.100000000000E+01  0.000000000000E+00
 -0.100000000000E+01 -0.000000000000E+00  0.000000000000E+00
  0.497820075161E+01  0.000000000000E+00  0.497820075161E+01
 -0.100000000000E+01 -0.000000000000E+00  0.000000000000E+00
  0.000000000000E+00 -0.000000000000E+00 -0.100000000000E+01
  0.000000000000E+00 -0.100000000000E+01 -0.000000000000E+00
  0.995640150323E+01  0.746730112742E+01  0.746730112742E+01
 -0.100000000000E+01  0.000000000000E+00 -0.000000000000E+00
  0.000000000000E+00 -0.100000000000E+01 -0.000000000000E+00
  0.000000000000E+00 -0.000000000000E+00 -0.100000000000E+01
  0.995640150323E+01  0.746730112742E+01  0.746730112742E+01
  0.000000000000E+00  0.100000000000E+01 -0.000000000000E+00
 -0.100000000000E+01 -0.000000000000E+00 -0.000000000000E+00
 -0.000000000000E+00 -0.000000000000E+00 -0.100000000000E+01
  0.497820075161E+01  0.497820075161E+01  0.000000000000E+00
 -0.000000000000E+00 -0.100000000000E+01 -0.000000000000E+00
  0.100000000000E+01  0.000000000000E+00 -0.000000000000E+00
  0.000000000000E+00  0.000000000000E+00 -0.100000000000E+01
  0.497820075161E+01  0.248910037581E+01  0.746730112742E+01
  0.100000000000E+01 -0.000000000000E+00 -0.000000000000E+00
 -0.000000000000E+00  0.100000000000E+01 -0.000000000000E+00
 -0.000000000000E+00  0.000000000000E+00 -0.100000000000E+01
  0.000000000000E+00  0.000000000000E+00  0.000000000000E+00
 -0.100000000000E+01 -0.000000000000E+00  0.000000000000E+00
  0.000000000000E+00  0.100000000000E+01  0.000000000000E+00
  0.000000000000E+00  0.000000000000E+00  0.100000000000E+01
  0.995640150323E+01  0.746730112742E+01  0.746730112742E+01
 -0.000000000000E+00  0.100000000000E+01  0.000000000000E+00
  0.100000000000E+01 -0.000000000000E+00  0.000000000000E+00
  0.000000000000E+00 -0.000000000000E+00  0.100000000000E+01
  0.497820075161E+01  0.248910037581E+01  0.746730112742E+01
  0.100000000000E+01  0.000000000000E+00  0.000000000000E+00
 -0.000000000000E+00 -0.100000000000E+01  0.000000000000E+00
 -0.000000000000E+00 -0.000000000000E+00  0.100000000000E+01
  0.000000000000E+00  0.000000000000E+00  0.000000000000E+00
  0.000000000000E+00 -0.100000000000E+01  0.000000000000E+00
 -0.100000000000E+01  0.000000000000E+00  0.000000000000E+00
 -0.000000000000E+00  0.000000000000E+00  0.100000000000E+01
  0.497820075161E+01  0.497820075161E+01  0.000000000000E+00
  0.000000000000E+00 -0.000000000000E+00 -0.100000000000E+01
 -0.100000000000E+01 -0.000000000000E+00  0.000000000000E+00
 -0.000000000000E+00 -0.100000000000E+01  0.000000000000E+00
  0.497820075161E+01  0.497820075161E+01  0.000000000000E+00
 -0.000000000000E+00 -0.100000000000E+01  0.000000000000E+00
 -0.000000000000E+00  0.000000000000E+00 -0.100000000000E+01
 -0.100000000000E+01  0.000000000000E+00 -0.000000000000E+00
  0.497820075161E+01  0.000000000000E+00  0.497820075161E+01
 -0.000000000000E+00  0.000000000000E+00 -0.100000000000E+01
  0.100000000000E+01  0.000000000000E+00  0.000000000000E+00
  0.000000000000E+00  0.100000000000E+01  0.000000000000E+00
  0.497820075161E+01  0.248910037581E+01  0.746730112742E+01
 -0.000000000000E+00  0.100000000000E+01 -0.000000000000E+00
 -0.000000000000E+00 -0.000000000000E+00  0.100000000000E+01
 -0.100000000000E+01 -0.000000000000E+00  0.000000000000E+00
  0.497820075161E+01  0.000000000000E+00  0.497820075161E+01
  0.000000000000E+00  0.000000000000E+00  0.100000000000E+01
 -0.100000000000E+01  0.000000000000E+00 -0.000000000000E+00
 -0.000000000000E+00  0.100000000000E+01 -0.000000000000E+00
  0.497820075161E+01  0.497820075161E+01  0.000000000000E+00
  0.000000000000E+00 -0.100000000000E+01 -0.000000000000E+00
  0.000000000000E+00  0.000000000000E+00  0.100000000000E+01
  0.100000000000E+01  0.000000000000E+00  0.000000000000E+00
  0.497820075161E+01  0.746730112742E+01  0.248910037581E+01
 -0.000000000000E+00 -0.000000000000E+00  0.100000000000E+01
  0.100000000000E+01 -0.000000000000E+00 -0.000000000000E+00
  0.000000000000E+00 -0.100000000000E+01 -0.000000000000E+00
  0.497820075161E+01  0.248910037581E+01  0.746730112742E+01
  0.000000000000E+00  0.100000000000E+01  0.000000000000E+00
  0.000000000000E+00 -0.000000000000E+00 -0.100000000000E+01
  0.100000000000E+01 -0.000000000000E+00 -0.000000000000E+00
  0.497820075161E+01  0.746730112742E+01  0.248910037581E+01
 -0.000000000000E+00 -0.000000000000E+00 -0.100000000000E+01
 -0.000000000000E+00  0.100000000000E+01  0.000000000000E+00
 -0.100000000000E+01  0.000000000000E+00  0.000000000000E+00
  0.497820075161E+01  0.000000000000E+00  0.497820075161E+01
 -0.100000000000E+01  0.000000000000E+00  0.000000000000E+00
  0.000000000000E+00  0.000000000000E+00 -0.100000000000E+01
  0.000000000000E+00  0.100000000000E+01 -0.000000000000E+00
  0.995640150323E+01  0.746730112742E+01  0.746730112742E+01
 -0.100000000000E+01 -0.000000000000E+00 -0.000000000000E+00
  0.000000000000E+00 -0.000000000000E+00  0.100000000000E+01
  0.000000000000E+00 -0.100000000000E+01  0.000000000000E+00
  0.995640150323E+01  0.746730112742E+01  0.746730112742E+01
  0.100000000000E+01 -0.000000000000E+00  0.000000000000E+00
 -0.000000000000E+00 -0.000000000000E+00 -0.100000000000E+01
 -0.000000000000E+00 -0.100000000000E+01 -0.000000000000E+00
  0.000000000000E+00  0.000000000000E+00  0.000000000000E+00
  0.000000000000E+00  0.000000000000E+00 -0.100000000000E+01
  0.000000000000E+00 -0.100000000000E+01  0.000000000000E+00
  0.100000000000E+01 -0.000000000000E+00  0.000000000000E+00
  0.497820075161E+01  0.746730112742E+01  0.248910037581E+01
 -0.000000000000E+00  0.000000000000E+00  0.100000000000E+01
 -0.000000000000E+00 -0.100000000000E+01 -0.000000000000E+00
 -0.100000000000E+01 -0.000000000000E+00 -0.000000000000E+00
  0.497820075161E+01  0.000000000000E+00  0.497820075161E+01
  0.000000000000E+00 -0.000000000000E+00  0.100000000000E+01
  0.000000000000E+00  0.100000000000E+01 -0.000000000000E+00
  0.100000000000E+01  0.000000000000E+00 -0.000000000000E+00
  0.497820075161E+01  0.746730112742E+01  0.248910037581E+01
  0.100000000000E+01  0.000000000000E+00 -0.000000000000E+00
 -0.000000000000E+00  0.000000000000E+00  0.100000000000E+01
 -0.000000000000E+00  0.100000000000E+01  0.000000000000E+00
  0.000000000000E+00  0.000000000000E+00  0.000000000000E+00
   54
    3     -0.085649741843      0.000000000000      0.000000000000
    3      2.640708629972      2.337492121642     -0.000000000000
    3     -2.489100375807     -2.403450633964      0.000000000000
    3      2.640708629972      0.000000000000      2.337492121642
    3      4.978200751615      2.337492121642      2.337492121642
   22     -0.080468236635     -2.408632139173      2.408632139173
    3     -2.489100375807      0.000000000000     -2.403450633964
   22     -0.080468236635      2.408632139173     -2.408632139173
   22     -4.897732514980     -2.408632139173     -2.408632139173
   22     -0.080468236635      2.408632139173      2.408632139173
   22      2.569568612442      5.058668988249      2.408632139173
    3     -2.489100375807      0.000000000000      2.403450633964
   22      2.569568612442      2.408632139173      5.058668988249
    3      4.978200751615      5.129809005780      5.129809005780
    3     -0.151608254165      0.000000000000      5.129809005780
    3     -2.489100375807      2.403450633964      0.000000000000
    3     -0.151608254165      5.129809005780      0.000000000000
    3     -4.892551009771     -0.000000000000      0.000000000000
   22     -0.080468236635     -2.408632139173     -2.408632139173
    3      2.640708629972     -0.000000000000     -2.337492121642
    3     -2.489100375807     -5.129809005780     -2.337492121642
    3      2.640708629972     -2.337492121642     -0.000000000000
   22      4.978200751615     -0.000000000000     -0.000000000000
    3     -0.151608254165     -5.129809005780     -0.000000000000
    3     -2.489100375807     -2.337492121642     -5.129809005780
    3     -0.151608254165     -0.000000000000     -5.129809005780
   22     -4.897732514980     -5.058668988249     -5.058668988249
   16      2.386293210480      2.591907541135      2.591907541135
   16      4.978200751615      4.926047080114      2.541254047308
   16      0.052153671501     -0.000000000000      2.541254047308
   16      4.978200751615      2.541254047308      4.926047080114
   16      7.570108292749      4.875393586288      4.875393586288
   16      2.436946704307     -0.000000000000      4.926047080114
   16      0.052153671501      2.541254047308     -0.000000000000
   16      2.436946704307      4.926047080114      0.000000000000
   16     -2.489100375807     -0.000000000000     -0.000000000000
   16      2.386293210480      4.875393586288      4.875393586288
   16      4.978200751615      7.467301127422      5.022055276624
   16      0.102807165327      2.591907541135      4.875393586288
   16      4.978200751615      5.022055276624      7.467301127422
   16      7.423446602413      7.467301127422      7.467301127422
   16      2.436946704307      2.541254047308      7.467301127422
   16      0.102807165327      4.875393586288      2.591907541135
   16      2.436946704307      7.467301127422      2.541254047308
   16     -2.489100375807      2.541254047308      2.541254047308
   16      2.532954900817     -0.000000000000     -0.000000000000
   16      4.978200751615      2.445245850798     -0.000000000000
   16      0.052153671501     -2.541254047308     -0.000000000000
   16      4.978200751615     -0.000000000000      2.445245850798
   16      7.570108292749      2.591907541135      2.591907541135
   16      2.386293210480     -2.591907541135      2.591907541135
   16      0.052153671501     -0.000000000000     -2.541254047308
   16      2.386293210480      2.591907541135     -2.591907541135
   16     -2.489100375807     -2.541254047308     -2.541254047308
  225   48
