   3   1   1 E -1.8527572280096E+04 DE 5.1E-08(  6)
  0.000000000000E+00  0.746734428216E+01  0.746734428216E+01
  0.746734428216E+01  0.000000000000E+00  0.746734428216E+01
  0.746734428216E+01  0.746734428216E+01  0.000000000000E+00
   48
  0.100000000000E+01 -0.000000000000E+00  0.000000000000E+00
 -0.000000000000E+00  0.100000000000E+01  0.000000000000E+00
 -0.000000000000E+00  0.000000000000E+00  0.100000000000E+01
  0.000000000000E+00  0.000000000000E+00  0.000000000000E+00
 -0.000000000000E+00 -0.100000000000E+01  0.000000000000E+00
  0.100000000000E+01  0.000000000000E+00  0.000000000000E+00
  0.000000000000E+00  0.000000000000E+00  0.100000000000E+01
  0.497822952144E+01  0.248911476072E+01  0.746734428216E+01
  0.000000000000E+00  0.100000000000E+01  0.000000000000E+00
 -0.100000000000E+01 -0.000000000000E+00  0.000000000000E+00
 -0.000000000000E+00 -0.000000000000E+00  0.100000000000E+01
  0.497822952144E+01  0.497822952144E+01  0.000000000000E+00
 -0.100000000000E+01  0.000000000000E+00  0.000000000000E+00
  0.000000000000E+00 -0.100000000000E+01  0.000000000000E+00
  0.000000000000E+00 -0.000000000000E+00  0.100000000000E+01
  0.995645904288E+01  0.746734428216E+01  0.746734428216E+01
  0.100000000000E+01  0.000000000000E+00 -0.000000000000E+00
 -0.000000000000E+00 -0.100000000000E+01 -0.000000000000E+00
 -0.000000000000E+00 -0.000000000000E+00 -0.100000000000E+01
  0.000000000000E+00  0.000000000000E+00  0.000000000000E+00
  0.000000000000E+00 -0.100000000000E+01 -0.000000000000E+00
 -0.100000000000E+01  0.000000000000E+00 -0.000000000000E+00
 -0.000000000000E+00  0.000000000000E+00 -0.100000000000E+01
  0.497822952144E+01  0.497822952144E+01  0.000000000000E+00
 -0.100000000000E+01 -0.000000000000E+00 -0.000000000000E+00
  0.000000000000E+00  0.100000000000E+01 -0.000000000000E+00
  0.000000000000E+00  0.000000000000E+00 -0.100000000000E+01
  0.995645904288E+01  0.746734428216E+01  0.746734428216E+01
 -0.000000000000E+00  0.100000000000E+01 -0.000000000000E+00
  0.100000000000E+01 -0.000000000000E+00 -0.000000000000E+00
  0.000000000000E+00 -0.000000000000E+00 -0.100000000000E+01
  0.497822952144E+01  0.248911476072E+01  0.746734428216E+01
 -0.000000000000E+00  0.000000000000E+00  0.100000000000E+01
  0.100000000000E+01  0.000000000000E+00 -0.000000000000E+00
  0.000000000000E+00  0.100000000000E+01 -0.000000000000E+00
  0.497822952144E+01  0.248911476072E+01  0.746734428216E+01
  0.000000000000E+00  0.100000000000E+01 -0.000000000000E+00
  0.000000000000E+00 -0.000000000000E+00  0.100000000000E+01
  0.100000000000E+01 -0.000000000000E+00  0.000000000000E+00
  0.497822952144E+01  0.746734428216E+01  0.248911476072E+01
  0.000000000000E+00 -0.000000000000E+00  0.100000000000E+01
 -0.100000000000E+01 -0.000000000000E+00 -0.000000000000E+00
 -0.000000000000E+00 -0.100000000000E+01 -0.000000000000E+00
  0.497822952144E+01  0.497822952144E+01  0.000000000000E+00
  0.000000000000E+00 -0.100000000000E+01  0.000000000000E+00
  0.000000000000E+00  0.000000000000E+00 -0.100000000000E+01
  0.100000000000E+01  0.000000000000E+00 -0.000000000000E+00
  0.497822952144E+01  0.746734428216E+01  0.248911476072E+01
 -0.000000000000E+00 -0.000000000000E+00 -0.100000000000E+01
  0.100000000000E+01 -0.000000000000E+00  0.000000000000E+00
  0.000000000000E+00 -0.100000000000E+01  0.000000000000E+00
  0.497822952144E+01  0.248911476072E+01  0.746734428216E+01
 -0.000000000000E+00  0.100000000000E+01  0.000000000000E+00
 -0.000000000000E+00 -0.000000000000E+00 -0.100000000000E+01
 -0.100000000000E+01 -0.000000000000E+00 -0.000000000000E+00
  0.497822952144E+01  0.000000000000E+00  0.497822952144E+01
  0.000000000000E+00  0.000000000000E+00 -0.100000000000E+01
 -0.100000000000E+01  0.000000000000E+00  0.000000000000E+00
 -0.000000000000E+00  0.100000000000E+01  0.000000000000E+00
  0.497822952144E+01  0.497822952144E+01  0.000000000000E+00
 -0.000000000000E+00 -0.100000000000E+01 -0.000000000000E+00
 -0.000000000000E+00  0.000000000000E+00  0.100000000000E+01
 -0.100000000000E+01  0.000000000000E+00  0.000000000000E+00
  0.497822952144E+01  0.000000000000E+00  0.497822952144E+01
  0.000000000000E+00  0.000000000000E+00  0.100000000000E+01
  0.000000000000E+00 -0.100000000000E+01 -0.000000000000E+00
  0.100000000000E+01 -0.000000000000E+00 -0.000000000000E+00
  0.497822952144E+01  0.746734428216E+01  0.248911476072E+01
  0.100000000000E+01 -0.000000000000E+00 -0.000000000000E+00
 -0.000000000000E+00 -0.000000000000E+00  0.100000000000E+01
 -0.000000000000E+00 -0.100000000000E+01  0.000000000000E+00
  0.000000000000E+00  0.000000000000E+00  0.000000000000E+00
  0.100000000000E+01  0.000000000000E+00  0.000000000000E+00
 -0.000000000000E+00  0.000000000000E+00 -0.100000000000E+01
 -0.000000000000E+00  0.100000000000E+01 -0.000000000000E+00
  0.000000000000E+00  0.000000000000E+00  0.000000000000E+00
 -0.100000000000E+01  0.000000000000E+00 -0.000000000000E+00
  0.000000000000E+00  0.000000000000E+00  0.100000000000E+01
  0.000000000000E+00  0.100000000000E+01  0.000000000000E+00
  0.995645904288E+01  0.746734428216E+01  0.746734428216E+01
 -0.000000000000E+00 -0.000000000000E+00  0.100000000000E+01
 -0.000000000000E+00  0.100000000000E+01 -0.000000000000E+00
 -0.100000000000E+01  0.000000000000E+00 -0.000000000000E+00
  0.497822952144E+01  0.000000000000E+00  0.497822952144E+01
  0.000000000000E+00 -0.000000000000E+00 -0.100000000000E+01
  0.000000000000E+00  0.100000000000E+01  0.000000000000E+00
  0.100000000000E+01  0.000000000000E+00  0.000000000000E+00
  0.497822952144E+01  0.746734428216E+01  0.248911476072E+01
 -0.000000000000E+00  0.000000000000E+00 -0.100000000000E+01
 -0.000000000000E+00 -0.100000000000E+01  0.000000000000E+00
 -0.100000000000E+01 -0.000000000000E+00  0.000000000000E+00
  0.497822952144E+01  0.000000000000E+00  0.497822952144E+01
 -0.100000000000E+01 -0.000000000000E+00  0.000000000000E+00
  0.000000000000E+00 -0.000000000000E+00 -0.100000000000E+01
  0.000000000000E+00 -0.100000000000E+01 -0.000000000000E+00
  0.995645904288E+01  0.746734428216E+01  0.746734428216E+01
 -0.100000000000E+01  0.000000000000E+00 -0.000000000000E+00
  0.000000000000E+00 -0.100000000000E+01 -0.000000000000E+00
  0.000000000000E+00 -0.000000000000E+00 -0.100000000000E+01
  0.995645904288E+01  0.746734428216E+01  0.746734428216E+01
  0.000000000000E+00  0.100000000000E+01 -0.000000000000E+00
 -0.100000000000E+01 -0.000000000000E+00 -0.000000000000E+00
 -0.000000000000E+00 -0.000000000000E+00 -0.100000000000E+01
  0.497822952144E+01  0.497822952144E+01  0.000000000000E+00
 -0.000000000000E+00 -0.100000000000E+01 -0.000000000000E+00
  0.100000000000E+01  0.000000000000E+00 -0.000000000000E+00
  0.000000000000E+00  0.000000000000E+00 -0.100000000000E+01
  0.497822952144E+01  0.248911476072E+01  0.746734428216E+01
  0.100000000000E+01 -0.000000000000E+00 -0.000000000000E+00
 -0.000000000000E+00  0.100000000000E+01 -0.000000000000E+00
 -0.000000000000E+00  0.000000000000E+00 -0.100000000000E+01
  0.000000000000E+00  0.000000000000E+00  0.000000000000E+00
 -0.100000000000E+01 -0.000000000000E+00  0.000000000000E+00
  0.000000000000E+00  0.100000000000E+01  0.000000000000E+00
  0.000000000000E+00  0.000000000000E+00  0.100000000000E+01
  0.995645904288E+01  0.746734428216E+01  0.746734428216E+01
 -0.000000000000E+00  0.100000000000E+01  0.000000000000E+00
  0.100000000000E+01 -0.000000000000E+00  0.000000000000E+00
  0.000000000000E+00 -0.000000000000E+00  0.100000000000E+01
  0.497822952144E+01  0.248911476072E+01  0.746734428216E+01
  0.100000000000E+01  0.000000000000E+00  0.000000000000E+00
 -0.000000000000E+00 -0.100000000000E+01  0.000000000000E+00
 -0.000000000000E+00 -0.000000000000E+00  0.100000000000E+01
  0.000000000000E+00  0.000000000000E+00  0.000000000000E+00
  0.000000000000E+00 -0.100000000000E+01  0.000000000000E+00
 -0.100000000000E+01  0.000000000000E+00  0.000000000000E+00
 -0.000000000000E+00  0.000000000000E+00  0.100000000000E+01
  0.497822952144E+01  0.497822952144E+01  0.000000000000E+00
  0.000000000000E+00 -0.000000000000E+00 -0.100000000000E+01
 -0.100000000000E+01 -0.000000000000E+00  0.000000000000E+00
 -0.000000000000E+00 -0.100000000000E+01  0.000000000000E+00
  0.497822952144E+01  0.497822952144E+01  0.000000000000E+00
 -0.000000000000E+00 -0.100000000000E+01  0.000000000000E+00
 -0.000000000000E+00  0.000000000000E+00 -0.100000000000E+01
 -0.100000000000E+01  0.000000000000E+00 -0.000000000000E+00
  0.497822952144E+01  0.000000000000E+00  0.497822952144E+01
 -0.000000000000E+00  0.000000000000E+00 -0.100000000000E+01
  0.100000000000E+01  0.000000000000E+00  0.000000000000E+00
  0.000000000000E+00  0.100000000000E+01  0.000000000000E+00
  0.497822952144E+01  0.248911476072E+01  0.746734428216E+01
 -0.000000000000E+00  0.100000000000E+01 -0.000000000000E+00
 -0.000000000000E+00 -0.000000000000E+00  0.100000000000E+01
 -0.100000000000E+01 -0.000000000000E+00  0.000000000000E+00
  0.497822952144E+01  0.000000000000E+00  0.497822952144E+01
  0.000000000000E+00  0.000000000000E+00  0.100000000000E+01
 -0.100000000000E+01  0.000000000000E+00 -0.000000000000E+00
 -0.000000000000E+00  0.100000000000E+01 -0.000000000000E+00
  0.497822952144E+01  0.497822952144E+01  0.000000000000E+00
  0.000000000000E+00 -0.100000000000E+01 -0.000000000000E+00
  0.000000000000E+00  0.000000000000E+00  0.100000000000E+01
  0.100000000000E+01  0.000000000000E+00  0.000000000000E+00
  0.497822952144E+01  0.746734428216E+01  0.248911476072E+01
 -0.000000000000E+00 -0.000000000000E+00  0.100000000000E+01
  0.100000000000E+01 -0.000000000000E+00 -0.000000000000E+00
  0.000000000000E+00 -0.100000000000E+01 -0.000000000000E+00
  0.497822952144E+01  0.248911476072E+01  0.746734428216E+01
  0.000000000000E+00  0.100000000000E+01  0.000000000000E+00
  0.000000000000E+00 -0.000000000000E+00 -0.100000000000E+01
  0.100000000000E+01 -0.000000000000E+00 -0.000000000000E+00
  0.497822952144E+01  0.746734428216E+01  0.248911476072E+01
 -0.000000000000E+00 -0.000000000000E+00 -0.100000000000E+01
 -0.000000000000E+00  0.100000000000E+01  0.000000000000E+00
 -0.100000000000E+01  0.000000000000E+00  0.000000000000E+00
  0.497822952144E+01  0.000000000000E+00  0.497822952144E+01
 -0.100000000000E+01  0.000000000000E+00  0.000000000000E+00
  0.000000000000E+00  0.000000000000E+00 -0.100000000000E+01
  0.000000000000E+00  0.100000000000E+01 -0.000000000000E+00
  0.995645904288E+01  0.746734428216E+01  0.746734428216E+01
 -0.100000000000E+01 -0.000000000000E+00 -0.000000000000E+00
  0.000000000000E+00 -0.000000000000E+00  0.100000000000E+01
  0.000000000000E+00 -0.100000000000E+01  0.000000000000E+00
  0.995645904288E+01  0.746734428216E+01  0.746734428216E+01
  0.100000000000E+01 -0.000000000000E+00  0.000000000000E+00
 -0.000000000000E+00 -0.000000000000E+00 -0.100000000000E+01
 -0.000000000000E+00 -0.100000000000E+01 -0.000000000000E+00
  0.000000000000E+00  0.000000000000E+00  0.000000000000E+00
  0.000000000000E+00  0.000000000000E+00 -0.100000000000E+01
  0.000000000000E+00 -0.100000000000E+01  0.000000000000E+00
  0.100000000000E+01 -0.000000000000E+00  0.000000000000E+00
  0.497822952144E+01  0.746734428216E+01  0.248911476072E+01
 -0.000000000000E+00  0.000000000000E+00  0.100000000000E+01
 -0.000000000000E+00 -0.100000000000E+01 -0.000000000000E+00
 -0.100000000000E+01 -0.000000000000E+00 -0.000000000000E+00
  0.497822952144E+01  0.000000000000E+00  0.497822952144E+01
  0.000000000000E+00 -0.000000000000E+00  0.100000000000E+01
  0.000000000000E+00  0.100000000000E+01 -0.000000000000E+00
  0.100000000000E+01  0.000000000000E+00 -0.000000000000E+00
  0.497822952144E+01  0.746734428216E+01  0.248911476072E+01
  0.100000000000E+01  0.000000000000E+00 -0.000000000000E+00
 -0.000000000000E+00  0.000000000000E+00  0.100000000000E+01
 -0.000000000000E+00  0.100000000000E+01  0.000000000000E+00
  0.000000000000E+00  0.000000000000E+00  0.000000000000E+00
   54
    3     -0.085704788175      0.000000000000      0.000000000000
    3      2.640713771464      2.337515749977     -0.000000000000
    3     -2.489114760720     -2.403409972545      0.000000000000
    3      2.640713771464      0.000000000000      2.337515749977
    3      4.978229521441      2.337515749977      2.337515749977
   22     -0.080471087902     -2.408643672818      2.408643672818
    3     -2.489114760720      0.000000000000     -2.403409972545
   22     -0.080471087902      2.408643672818     -2.408643672818
   22     -4.897758433539     -2.408643672818     -2.408643672818
   22     -0.080471087902      2.408643672818      2.408643672818
   22      2.569585848623      5.058700609343      2.408643672818
    3     -2.489114760720      0.000000000000      2.403409972545
   22      2.569585848623      2.408643672818      5.058700609343
    3      4.978229521441      5.129828532184      5.129828532184
    3     -0.151599010743      0.000000000000      5.129828532184
    3     -2.489114760720      2.403409972545      0.000000000000
    3     -0.151599010743      5.129828532184      0.000000000000
    3     -4.892524733266     -0.000000000000      0.000000000000
   22     -0.080471087902     -2.408643672818     -2.408643672818
    3      2.640713771464     -0.000000000000     -2.337515749977
    3     -2.489114760720     -5.129828532184     -2.337515749977
    3      2.640713771464     -2.337515749977     -0.000000000000
   22      4.978229521441     -0.000000000000     -0.000000000000
    3     -0.151599010743     -5.129828532184     -0.000000000000
    3     -2.489114760720     -2.337515749977     -5.129828532184
    3     -0.151599010743     -0.000000000000     -5.129828532184
   22     -4.897758433539     -5.058700609343     -5.058700609343
   16      2.386283118392      2.591946403049      2.591946403049
   16      4.978229521441      4.925965021818      2.541379260343
   16      0.052264499623     -0.000000000000      2.541379260343
   16      4.978229521441      2.541379260343      4.925965021818
   16      7.570175924490      4.875397879112      4.875397879112
   16      2.436850261097     -0.000000000000      4.925965021818
   16      0.052264499623      2.541379260343     -0.000000000000
   16      2.436850261097      4.925965021818      0.000000000000
   16     -2.489114760720     -0.000000000000     -0.000000000000
   16      2.386283118392      4.875397879112      4.875397879112
   16      4.978229521441      7.467344282161      5.022202849282
   16      0.102831642329      2.591946403049      4.875397879112
   16      4.978229521441      5.022202849282      7.467344282161
   16      7.423370954321      7.467344282161      7.467344282161
   16      2.436850261097      2.541379260343      7.467344282161
   16      0.102831642329      4.875397879112      2.591946403049
   16      2.436850261097      7.467344282161      2.541379260343
   16     -2.489114760720      2.541379260343      2.541379260343
   16      2.533088088561     -0.000000000000     -0.000000000000
   16      4.978229521441      2.445141432880     -0.000000000000
   16      0.052264499623     -2.541379260343     -0.000000000000
   16      4.978229521441     -0.000000000000      2.445141432880
   16      7.570175924490      2.591946403049      2.591946403049
   16      2.386283118392     -2.591946403049      2.591946403049
   16      0.052264499623     -0.000000000000     -2.541379260343
   16      2.386283118392      2.591946403049     -2.591946403049
   16     -2.489114760720     -2.541379260343     -2.541379260343
  225   48
