   3   1   1 E -1.8527572280222E+04 DE-1.2E-09(  5)
  0.000000000000E+00  0.746742224829E+01  0.746742224829E+01
  0.746742224829E+01  0.000000000000E+00  0.746742224829E+01
  0.746742224829E+01  0.746742224829E+01  0.000000000000E+00
   48
  0.100000000000E+01 -0.000000000000E+00  0.000000000000E+00
 -0.000000000000E+00  0.100000000000E+01  0.000000000000E+00
 -0.000000000000E+00  0.000000000000E+00  0.100000000000E+01
  0.000000000000E+00  0.000000000000E+00  0.000000000000E+00
 -0.000000000000E+00 -0.100000000000E+01  0.000000000000E+00
  0.100000000000E+01  0.000000000000E+00  0.000000000000E+00
  0.000000000000E+00  0.000000000000E+00  0.100000000000E+01
  0.497828149886E+01  0.248914074943E+01  0.746742224829E+01
  0.000000000000E+00  0.100000000000E+01  0.000000000000E+00
 -0.100000000000E+01 -0.000000000000E+00  0.000000000000E+00
 -0.000000000000E+00 -0.000000000000E+00  0.100000000000E+01
  0.497828149886E+01  0.497828149886E+01  0.000000000000E+00
 -0.100000000000E+01  0.000000000000E+00  0.000000000000E+00
  0.000000000000E+00 -0.100000000000E+01  0.000000000000E+00
  0.000000000000E+00 -0.000000000000E+00  0.100000000000E+01
  0.995656299772E+01  0.746742224829E+01  0.746742224829E+01
  0.100000000000E+01  0.000000000000E+00 -0.000000000000E+00
 -0.000000000000E+00 -0.100000000000E+01 -0.000000000000E+00
 -0.000000000000E+00 -0.000000000000E+00 -0.100000000000E+01
  0.000000000000E+00  0.000000000000E+00  0.000000000000E+00
  0.000000000000E+00 -0.100000000000E+01 -0.000000000000E+00
 -0.100000000000E+01  0.000000000000E+00 -0.000000000000E+00
 -0.000000000000E+00  0.000000000000E+00 -0.100000000000E+01
  0.497828149886E+01  0.497828149886E+01  0.000000000000E+00
 -0.100000000000E+01 -0.000000000000E+00 -0.000000000000E+00
  0.000000000000E+00  0.100000000000E+01 -0.000000000000E+00
  0.000000000000E+00  0.000000000000E+00 -0.100000000000E+01
  0.995656299772E+01  0.746742224829E+01  0.746742224829E+01
 -0.000000000000E+00  0.100000000000E+01 -0.000000000000E+00
  0.100000000000E+01 -0.000000000000E+00 -0.000000000000E+00
  0.000000000000E+00 -0.000000000000E+00 -0.100000000000E+01
  0.497828149886E+01  0.248914074943E+01  0.746742224829E+01
 -0.000000000000E+00  0.000000000000E+00  0.100000000000E+01
  0.100000000000E+01  0.000000000000E+00 -0.000000000000E+00
  0.000000000000E+00  0.100000000000E+01 -0.000000000000E+00
  0.497828149886E+01  0.248914074943E+01  0.746742224829E+01
  0.000000000000E+00  0.100000000000E+01 -0.000000000000E+00
  0.000000000000E+00 -0.000000000000E+00  0.100000000000E+01
  0.100000000000E+01 -0.000000000000E+00  0.000000000000E+00
  0.497828149886E+01  0.746742224829E+01  0.248914074943E+01
  0.000000000000E+00 -0.000000000000E+00  0.100000000000E+01
 -0.100000000000E+01 -0.000000000000E+00 -0.000000000000E+00
 -0.000000000000E+00 -0.100000000000E+01 -0.000000000000E+00
  0.497828149886E+01  0.497828149886E+01  0.000000000000E+00
  0.000000000000E+00 -0.100000000000E+01  0.000000000000E+00
  0.000000000000E+00  0.000000000000E+00 -0.100000000000E+01
  0.100000000000E+01  0.000000000000E+00 -0.000000000000E+00
  0.497828149886E+01  0.746742224829E+01  0.248914074943E+01
 -0.000000000000E+00 -0.000000000000E+00 -0.100000000000E+01
  0.100000000000E+01 -0.000000000000E+00  0.000000000000E+00
  0.000000000000E+00 -0.100000000000E+01  0.000000000000E+00
  0.497828149886E+01  0.248914074943E+01  0.746742224829E+01
 -0.000000000000E+00  0.100000000000E+01  0.000000000000E+00
 -0.000000000000E+00 -0.000000000000E+00 -0.100000000000E+01
 -0.100000000000E+01 -0.000000000000E+00 -0.000000000000E+00
  0.497828149886E+01  0.000000000000E+00  0.497828149886E+01
  0.000000000000E+00  0.000000000000E+00 -0.100000000000E+01
 -0.100000000000E+01  0.000000000000E+00  0.000000000000E+00
 -0.000000000000E+00  0.100000000000E+01  0.000000000000E+00
  0.497828149886E+01  0.497828149886E+01  0.000000000000E+00
 -0.000000000000E+00 -0.100000000000E+01 -0.000000000000E+00
 -0.000000000000E+00  0.000000000000E+00  0.100000000000E+01
 -0.100000000000E+01  0.000000000000E+00  0.000000000000E+00
  0.497828149886E+01  0.000000000000E+00  0.497828149886E+01
  0.000000000000E+00  0.000000000000E+00  0.100000000000E+01
  0.000000000000E+00 -0.100000000000E+01 -0.000000000000E+00
  0.100000000000E+01 -0.000000000000E+00 -0.000000000000E+00
  0.497828149886E+01  0.746742224829E+01  0.248914074943E+01
  0.100000000000E+01 -0.000000000000E+00 -0.000000000000E+00
 -0.000000000000E+00 -0.000000000000E+00  0.100000000000E+01
 -0.000000000000E+00 -0.100000000000E+01  0.000000000000E+00
  0.000000000000E+00  0.000000000000E+00  0.000000000000E+00
  0.100000000000E+01  0.000000000000E+00  0.000000000000E+00
 -0.000000000000E+00  0.000000000000E+00 -0.100000000000E+01
 -0.000000000000E+00  0.100000000000E+01 -0.000000000000E+00
  0.000000000000E+00  0.000000000000E+00  0.000000000000E+00
 -0.100000000000E+01  0.000000000000E+00 -0.000000000000E+00
  0.000000000000E+00  0.000000000000E+00  0.100000000000E+01
  0.000000000000E+00  0.100000000000E+01  0.000000000000E+00
  0.995656299772E+01  0.746742224829E+01  0.746742224829E+01
 -0.000000000000E+00 -0.000000000000E+00  0.100000000000E+01
 -0.000000000000E+00  0.100000000000E+01 -0.000000000000E+00
 -0.100000000000E+01  0.000000000000E+00 -0.000000000000E+00
  0.497828149886E+01  0.000000000000E+00  0.497828149886E+01
  0.000000000000E+00 -0.000000000000E+00 -0.100000000000E+01
  0.000000000000E+00  0.100000000000E+01  0.000000000000E+00
  0.100000000000E+01  0.000000000000E+00  0.000000000000E+00
  0.497828149886E+01  0.746742224829E+01  0.248914074943E+01
 -0.000000000000E+00  0.000000000000E+00 -0.100000000000E+01
 -0.000000000000E+00 -0.100000000000E+01  0.000000000000E+00
 -0.100000000000E+01 -0.000000000000E+00  0.000000000000E+00
  0.497828149886E+01  0.000000000000E+00  0.497828149886E+01
 -0.100000000000E+01 -0.000000000000E+00  0.000000000000E+00
  0.000000000000E+00 -0.000000000000E+00 -0.100000000000E+01
  0.000000000000E+00 -0.100000000000E+01 -0.000000000000E+00
  0.995656299772E+01  0.746742224829E+01  0.746742224829E+01
 -0.100000000000E+01  0.000000000000E+00 -0.000000000000E+00
  0.000000000000E+00 -0.100000000000E+01 -0.000000000000E+00
  0.000000000000E+00 -0.000000000000E+00 -0.100000000000E+01
  0.995656299772E+01  0.746742224829E+01  0.746742224829E+01
  0.000000000000E+00  0.100000000000E+01 -0.000000000000E+00
 -0.100000000000E+01 -0.000000000000E+00 -0.000000000000E+00
 -0.000000000000E+00 -0.000000000000E+00 -0.100000000000E+01
  0.497828149886E+01  0.497828149886E+01  0.000000000000E+00
 -0.000000000000E+00 -0.100000000000E+01 -0.000000000000E+00
  0.100000000000E+01  0.000000000000E+00 -0.000000000000E+00
  0.000000000000E+00  0.000000000000E+00 -0.100000000000E+01
  0.497828149886E+01  0.248914074943E+01  0.746742224829E+01
  0.100000000000E+01 -0.000000000000E+00 -0.000000000000E+00
 -0.000000000000E+00  0.100000000000E+01 -0.000000000000E+00
 -0.000000000000E+00  0.000000000000E+00 -0.100000000000E+01
  0.000000000000E+00  0.000000000000E+00  0.000000000000E+00
 -0.100000000000E+01 -0.000000000000E+00  0.000000000000E+00
  0.000000000000E+00  0.100000000000E+01  0.000000000000E+00
  0.000000000000E+00  0.000000000000E+00  0.100000000000E+01
  0.995656299772E+01  0.746742224829E+01  0.746742224829E+01
 -0.000000000000E+00  0.100000000000E+01  0.000000000000E+00
  0.100000000000E+01 -0.000000000000E+00  0.000000000000E+00
  0.000000000000E+00 -0.000000000000E+00  0.100000000000E+01
  0.497828149886E+01  0.248914074943E+01  0.746742224829E+01
  0.100000000000E+01  0.000000000000E+00  0.000000000000E+00
 -0.000000000000E+00 -0.100000000000E+01  0.000000000000E+00
 -0.000000000000E+00 -0.000000000000E+00  0.100000000000E+01
  0.000000000000E+00  0.000000000000E+00  0.000000000000E+00
  0.000000000000E+00 -0.100000000000E+01  0.000000000000E+00
 -0.100000000000E+01  0.000000000000E+00  0.000000000000E+00
 -0.000000000000E+00  0.000000000000E+00  0.100000000000E+01
  0.497828149886E+01  0.497828149886E+01  0.000000000000E+00
  0.000000000000E+00 -0.000000000000E+00 -0.100000000000E+01
 -0.100000000000E+01 -0.000000000000E+00  0.000000000000E+00
 -0.000000000000E+00 -0.100000000000E+01  0.000000000000E+00
  0.497828149886E+01  0.497828149886E+01  0.000000000000E+00
 -0.000000000000E+00 -0.100000000000E+01  0.000000000000E+00
 -0.000000000000E+00  0.000000000000E+00 -0.100000000000E+01
 -0.100000000000E+01  0.000000000000E+00 -0.000000000000E+00
  0.497828149886E+01  0.000000000000E+00  0.497828149886E+01
 -0.000000000000E+00  0.000000000000E+00 -0.100000000000E+01
  0.100000000000E+01  0.000000000000E+00  0.000000000000E+00
  0.000000000000E+00  0.100000000000E+01  0.000000000000E+00
  0.497828149886E+01  0.248914074943E+01  0.746742224829E+01
 -0.000000000000E+00  0.100000000000E+01 -0.000000000000E+00
 -0.000000000000E+00 -0.000000000000E+00  0.100000000000E+01
 -0.100000000000E+01 -0.000000000000E+00  0.000000000000E+00
  0.497828149886E+01  0.000000000000E+00  0.497828149886E+01
  0.000000000000E+00  0.000000000000E+00  0.100000000000E+01
 -0.100000000000E+01  0.000000000000E+00 -0.000000000000E+00
 -0.000000000000E+00  0.100000000000E+01 -0.000000000000E+00
  0.497828149886E+01  0.497828149886E+01  0.000000000000E+00
  0.000000000000E+00 -0.100000000000E+01 -0.000000000000E+00
  0.000000000000E+00  0.000000000000E+00  0.100000000000E+01
  0.100000000000E+01  0.000000000000E+00  0.000000000000E+00
  0.497828149886E+01  0.746742224829E+01  0.248914074943E+01
 -0.000000000000E+00 -0.000000000000E+00  0.100000000000E+01
  0.100000000000E+01 -0.000000000000E+00 -0.000000000000E+00
  0.000000000000E+00 -0.100000000000E+01 -0.000000000000E+00
  0.497828149886E+01  0.248914074943E+01  0.746742224829E+01
  0.000000000000E+00  0.100000000000E+01  0.000000000000E+00
  0.000000000000E+00 -0.000000000000E+00 -0.100000000000E+01
  0.100000000000E+01 -0.000000000000E+00 -0.000000000000E+00
  0.497828149886E+01  0.746742224829E+01  0.248914074943E+01
 -0.000000000000E+00 -0.000000000000E+00 -0.100000000000E+01
 -0.000000000000E+00  0.100000000000E+01  0.000000000000E+00
 -0.100000000000E+01  0.000000000000E+00  0.000000000000E+00
  0.497828149886E+01  0.000000000000E+00  0.497828149886E+01
 -0.100000000000E+01  0.000000000000E+00  0.000000000000E+00
  0.000000000000E+00  0.000000000000E+00 -0.100000000000E+01
  0.000000000000E+00  0.100000000000E+01 -0.000000000000E+00
  0.995656299772E+01  0.746742224829E+01  0.746742224829E+01
 -0.100000000000E+01 -0.000000000000E+00 -0.000000000000E+00
  0.000000000000E+00 -0.000000000000E+00  0.100000000000E+01
  0.000000000000E+00 -0.100000000000E+01  0.000000000000E+00
  0.995656299772E+01  0.746742224829E+01  0.746742224829E+01
  0.100000000000E+01 -0.000000000000E+00  0.000000000000E+00
 -0.000000000000E+00 -0.000000000000E+00 -0.100000000000E+01
 -0.000000000000E+00 -0.100000000000E+01 -0.000000000000E+00
  0.000000000000E+00  0.000000000000E+00  0.000000000000E+00
  0.000000000000E+00  0.000000000000E+00 -0.100000000000E+01
  0.000000000000E+00 -0.100000000000E+01  0.000000000000E+00
  0.100000000000E+01 -0.000000000000E+00  0.000000000000E+00
  0.497828149886E+01  0.746742224829E+01  0.248914074943E+01
 -0.000000000000E+00  0.000000000000E+00  0.100000000000E+01
 -0.000000000000E+00 -0.100000000000E+01 -0.000000000000E+00
 -0.100000000000E+01 -0.000000000000E+00 -0.000000000000E+00
  0.497828149886E+01  0.000000000000E+00  0.497828149886E+01
  0.000000000000E+00 -0.000000000000E+00  0.100000000000E+01
  0.000000000000E+00  0.100000000000E+01 -0.000000000000E+00
  0.100000000000E+01  0.000000000000E+00 -0.000000000000E+00
  0.497828149886E+01  0.746742224829E+01  0.248914074943E+01
  0.100000000000E+01  0.000000000000E+00 -0.000000000000E+00
 -0.000000000000E+00  0.000000000000E+00  0.100000000000E+01
 -0.000000000000E+00  0.100000000000E+01  0.000000000000E+00
  0.000000000000E+00  0.000000000000E+00  0.000000000000E+00
   54
    3     -0.085820694040      0.000000000000      0.000000000000
    3      2.640731931090      2.337549567769     -0.000000000000
    3     -2.489140749430     -2.403320055390      0.000000000000
    3      2.640731931090      0.000000000000      2.337549567769
    3      4.978281498859      2.337549567769      2.337549567769
   22     -0.080485991215     -2.408654758215      2.408654758215
    3     -2.489140749430      0.000000000000     -2.403320055390
   22     -0.080485991215      2.408654758215     -2.408654758215
   22     -4.897795507644     -2.408654758215     -2.408654758215
   22     -0.080485991215      2.408654758215      2.408654758215
   22      2.569626740645      5.058767490074      2.408654758215
    3     -2.489140749430      0.000000000000      2.403320055390
   22      2.569626740645      2.408654758215      5.058767490074
    3      4.978281498859      5.129872680520      5.129872680520
    3     -0.151591181661      0.000000000000      5.129872680520
    3     -2.489140749430      2.403320055390      0.000000000000
    3     -0.151591181661      5.129872680520      0.000000000000
    3     -4.892460804819     -0.000000000000      0.000000000000
   22     -0.080485991215     -2.408654758215     -2.408654758215
    3      2.640731931090     -0.000000000000     -2.337549567769
    3     -2.489140749430     -5.129872680520     -2.337549567769
    3      2.640731931090     -2.337549567769     -0.000000000000
   22      4.978281498859     -0.000000000000     -0.000000000000
    3     -0.151591181661     -5.129872680520     -0.000000000000
    3     -2.489140749430     -2.337549567769     -5.129872680520
    3     -0.151591181661     -0.000000000000     -5.129872680520
   22     -4.897795507644     -5.058767490074     -5.058767490074
   16      2.386250434588      2.592031064272      2.592031064272
   16      4.978281498859      4.925786079061      2.541636169228
   16      0.052495419798     -0.000000000000      2.541636169228
   16      4.978281498859      2.541636169228      4.925786079061
   16      7.570312563131      4.875391184017      4.875391184017
   16      2.436645329632     -0.000000000000      4.925786079061
   16      0.052495419798      2.541636169228     -0.000000000000
   16      2.436645329632      4.925786079061      0.000000000000
   16     -2.489140749430     -0.000000000000     -0.000000000000
   16      2.386250434588      4.875391184017      4.875391184017
   16      4.978281498859      7.467422248289      5.022507033135
   16      0.102890314842      2.592031064272      4.875391184017
   16      4.978281498859      5.022507033135      7.467422248289
   16      7.423196714013      7.467422248289      7.467422248289
   16      2.436645329632      2.541636169228      7.467422248289
   16      0.102890314842      4.875391184017      2.592031064272
   16      2.436645329632      7.467422248289      2.541636169228
   16     -2.489140749430      2.541636169228      2.541636169228
   16      2.533366283705     -0.000000000000     -0.000000000000
   16      4.978281498859      2.444915215154     -0.000000000000
   16      0.052495419798     -2.541636169228     -0.000000000000
   16      4.978281498859     -0.000000000000      2.444915215154
   16      7.570312563131      2.592031064272      2.592031064272
   16      2.386250434588     -2.592031064272      2.592031064272
   16      0.052495419798     -0.000000000000     -2.541636169228
   16      2.386250434588      2.592031064272     -2.592031064272
   16     -2.489140749430     -2.541636169228     -2.541636169228
  225   48
