   3   1   1 E -1.8527529329049E+04 DE-7.3E-11( 29)
  0.000000000000E+00  0.753838908164E+01  0.753838908164E+01
  0.753838908164E+01  0.000000000000E+00  0.753838908164E+01
  0.753838908164E+01  0.753838908164E+01  0.000000000000E+00
   48
  0.100000000000E+01 -0.000000000000E+00  0.000000000000E+00
 -0.000000000000E+00  0.100000000000E+01  0.000000000000E+00
 -0.000000000000E+00  0.000000000000E+00  0.100000000000E+01
  0.000000000000E+00  0.000000000000E+00  0.000000000000E+00
 -0.000000000000E+00 -0.100000000000E+01  0.000000000000E+00
  0.100000000000E+01  0.000000000000E+00  0.000000000000E+00
  0.000000000000E+00  0.000000000000E+00  0.100000000000E+01
  0.502559272109E+01  0.251279636055E+01  0.753838908164E+01
  0.000000000000E+00  0.100000000000E+01  0.000000000000E+00
 -0.100000000000E+01 -0.000000000000E+00  0.000000000000E+00
 -0.000000000000E+00 -0.000000000000E+00  0.100000000000E+01
  0.502559272109E+01  0.502559272109E+01  0.000000000000E+00
 -0.100000000000E+01  0.000000000000E+00  0.000000000000E+00
  0.000000000000E+00 -0.100000000000E+01  0.000000000000E+00
  0.000000000000E+00 -0.000000000000E+00  0.100000000000E+01
  0.100511854422E+02  0.753838908164E+01  0.753838908164E+01
  0.100000000000E+01  0.000000000000E+00 -0.000000000000E+00
 -0.000000000000E+00 -0.100000000000E+01 -0.000000000000E+00
 -0.000000000000E+00 -0.000000000000E+00 -0.100000000000E+01
  0.000000000000E+00  0.000000000000E+00  0.000000000000E+00
  0.000000000000E+00 -0.100000000000E+01 -0.000000000000E+00
 -0.100000000000E+01  0.000000000000E+00 -0.000000000000E+00
 -0.000000000000E+00  0.000000000000E+00 -0.100000000000E+01
  0.502559272109E+01  0.502559272109E+01  0.000000000000E+00
 -0.100000000000E+01 -0.000000000000E+00 -0.000000000000E+00
  0.000000000000E+00  0.100000000000E+01 -0.000000000000E+00
  0.000000000000E+00  0.000000000000E+00 -0.100000000000E+01
  0.100511854422E+02  0.753838908164E+01  0.753838908164E+01
 -0.000000000000E+00  0.100000000000E+01 -0.000000000000E+00
  0.100000000000E+01 -0.000000000000E+00 -0.000000000000E+00
  0.000000000000E+00 -0.000000000000E+00 -0.100000000000E+01
  0.502559272109E+01  0.251279636055E+01  0.753838908164E+01
 -0.000000000000E+00  0.000000000000E+00  0.100000000000E+01
  0.100000000000E+01  0.000000000000E+00 -0.000000000000E+00
  0.000000000000E+00  0.100000000000E+01 -0.000000000000E+00
  0.502559272109E+01  0.251279636055E+01  0.753838908164E+01
  0.000000000000E+00  0.100000000000E+01 -0.000000000000E+00
  0.000000000000E+00 -0.000000000000E+00  0.100000000000E+01
  0.100000000000E+01 -0.000000000000E+00  0.000000000000E+00
  0.502559272109E+01  0.753838908164E+01  0.251279636055E+01
  0.000000000000E+00 -0.000000000000E+00  0.100000000000E+01
 -0.100000000000E+01 -0.000000000000E+00 -0.000000000000E+00
 -0.000000000000E+00 -0.100000000000E+01 -0.000000000000E+00
  0.502559272109E+01  0.502559272109E+01  0.000000000000E+00
  0.000000000000E+00 -0.100000000000E+01  0.000000000000E+00
  0.000000000000E+00  0.000000000000E+00 -0.100000000000E+01
  0.100000000000E+01  0.000000000000E+00 -0.000000000000E+00
  0.502559272109E+01  0.753838908164E+01  0.251279636055E+01
 -0.000000000000E+00 -0.000000000000E+00 -0.100000000000E+01
  0.100000000000E+01 -0.000000000000E+00  0.000000000000E+00
  0.000000000000E+00 -0.100000000000E+01  0.000000000000E+00
  0.502559272109E+01  0.251279636055E+01  0.753838908164E+01
 -0.000000000000E+00  0.100000000000E+01  0.000000000000E+00
 -0.000000000000E+00 -0.000000000000E+00 -0.100000000000E+01
 -0.100000000000E+01 -0.000000000000E+00 -0.000000000000E+00
  0.502559272109E+01  0.000000000000E+00  0.502559272109E+01
  0.000000000000E+00  0.000000000000E+00 -0.100000000000E+01
 -0.100000000000E+01  0.000000000000E+00  0.000000000000E+00
 -0.000000000000E+00  0.100000000000E+01  0.000000000000E+00
  0.502559272109E+01  0.502559272109E+01  0.000000000000E+00
 -0.000000000000E+00 -0.100000000000E+01 -0.000000000000E+00
 -0.000000000000E+00  0.000000000000E+00  0.100000000000E+01
 -0.100000000000E+01  0.000000000000E+00  0.000000000000E+00
  0.502559272109E+01  0.000000000000E+00  0.502559272109E+01
  0.000000000000E+00  0.000000000000E+00  0.100000000000E+01
  0.000000000000E+00 -0.100000000000E+01 -0.000000000000E+00
  0.100000000000E+01 -0.000000000000E+00 -0.000000000000E+00
  0.502559272109E+01  0.753838908164E+01  0.251279636055E+01
  0.100000000000E+01 -0.000000000000E+00 -0.000000000000E+00
 -0.000000000000E+00 -0.000000000000E+00  0.100000000000E+01
 -0.000000000000E+00 -0.100000000000E+01  0.000000000000E+00
  0.000000000000E+00  0.000000000000E+00  0.000000000000E+00
  0.100000000000E+01  0.000000000000E+00  0.000000000000E+00
 -0.000000000000E+00  0.000000000000E+00 -0.100000000000E+01
 -0.000000000000E+00  0.100000000000E+01 -0.000000000000E+00
  0.000000000000E+00  0.000000000000E+00  0.000000000000E+00
 -0.100000000000E+01  0.000000000000E+00 -0.000000000000E+00
  0.000000000000E+00  0.000000000000E+00  0.100000000000E+01
  0.000000000000E+00  0.100000000000E+01  0.000000000000E+00
  0.100511854422E+02  0.753838908164E+01  0.753838908164E+01
 -0.000000000000E+00 -0.000000000000E+00  0.100000000000E+01
 -0.000000000000E+00  0.100000000000E+01 -0.000000000000E+00
 -0.100000000000E+01  0.000000000000E+00 -0.000000000000E+00
  0.502559272109E+01  0.000000000000E+00  0.502559272109E+01
  0.000000000000E+00 -0.000000000000E+00 -0.100000000000E+01
  0.000000000000E+00  0.100000000000E+01  0.000000000000E+00
  0.100000000000E+01  0.000000000000E+00  0.000000000000E+00
  0.502559272109E+01  0.753838908164E+01  0.251279636055E+01
 -0.000000000000E+00  0.000000000000E+00 -0.100000000000E+01
 -0.000000000000E+00 -0.100000000000E+01  0.000000000000E+00
 -0.100000000000E+01 -0.000000000000E+00  0.000000000000E+00
  0.502559272109E+01  0.000000000000E+00  0.502559272109E+01
 -0.100000000000E+01 -0.000000000000E+00  0.000000000000E+00
  0.000000000000E+00 -0.000000000000E+00 -0.100000000000E+01
  0.000000000000E+00 -0.100000000000E+01 -0.000000000000E+00
  0.100511854422E+02  0.753838908164E+01  0.753838908164E+01
 -0.100000000000E+01  0.000000000000E+00 -0.000000000000E+00
  0.000000000000E+00 -0.100000000000E+01 -0.000000000000E+00
  0.000000000000E+00 -0.000000000000E+00 -0.100000000000E+01
  0.100511854422E+02  0.753838908164E+01  0.753838908164E+01
  0.000000000000E+00  0.100000000000E+01 -0.000000000000E+00
 -0.100000000000E+01 -0.000000000000E+00 -0.000000000000E+00
 -0.000000000000E+00 -0.000000000000E+00 -0.100000000000E+01
  0.502559272109E+01  0.502559272109E+01  0.000000000000E+00
 -0.000000000000E+00 -0.100000000000E+01 -0.000000000000E+00
  0.100000000000E+01  0.000000000000E+00 -0.000000000000E+00
  0.000000000000E+00  0.000000000000E+00 -0.100000000000E+01
  0.502559272109E+01  0.251279636055E+01  0.753838908164E+01
  0.100000000000E+01 -0.000000000000E+00 -0.000000000000E+00
 -0.000000000000E+00  0.100000000000E+01 -0.000000000000E+00
 -0.000000000000E+00  0.000000000000E+00 -0.100000000000E+01
  0.000000000000E+00  0.000000000000E+00  0.000000000000E+00
 -0.100000000000E+01 -0.000000000000E+00  0.000000000000E+00
  0.000000000000E+00  0.100000000000E+01  0.000000000000E+00
  0.000000000000E+00  0.000000000000E+00  0.100000000000E+01
  0.100511854422E+02  0.753838908164E+01  0.753838908164E+01
 -0.000000000000E+00  0.100000000000E+01  0.000000000000E+00
  0.100000000000E+01 -0.000000000000E+00  0.000000000000E+00
  0.000000000000E+00 -0.000000000000E+00  0.100000000000E+01
  0.502559272109E+01  0.251279636055E+01  0.753838908164E+01
  0.100000000000E+01  0.000000000000E+00  0.000000000000E+00
 -0.000000000000E+00 -0.100000000000E+01  0.000000000000E+00
 -0.000000000000E+00 -0.000000000000E+00  0.100000000000E+01
  0.000000000000E+00  0.000000000000E+00  0.000000000000E+00
  0.000000000000E+00 -0.100000000000E+01  0.000000000000E+00
 -0.100000000000E+01  0.000000000000E+00  0.000000000000E+00
 -0.000000000000E+00  0.000000000000E+00  0.100000000000E+01
  0.502559272109E+01  0.502559272109E+01  0.000000000000E+00
  0.000000000000E+00 -0.000000000000E+00 -0.100000000000E+01
 -0.100000000000E+01 -0.000000000000E+00  0.000000000000E+00
 -0.000000000000E+00 -0.100000000000E+01  0.000000000000E+00
  0.502559272109E+01  0.502559272109E+01  0.000000000000E+00
 -0.000000000000E+00 -0.100000000000E+01  0.000000000000E+00
 -0.000000000000E+00  0.000000000000E+00 -0.100000000000E+01
 -0.100000000000E+01  0.000000000000E+00 -0.000000000000E+00
  0.502559272109E+01  0.000000000000E+00  0.502559272109E+01
 -0.000000000000E+00  0.000000000000E+00 -0.100000000000E+01
  0.100000000000E+01  0.000000000000E+00  0.000000000000E+00
  0.000000000000E+00  0.100000000000E+01  0.000000000000E+00
  0.502559272109E+01  0.251279636055E+01  0.753838908164E+01
 -0.000000000000E+00  0.100000000000E+01 -0.000000000000E+00
 -0.000000000000E+00 -0.000000000000E+00  0.100000000000E+01
 -0.100000000000E+01 -0.000000000000E+00  0.000000000000E+00
  0.502559272109E+01  0.000000000000E+00  0.502559272109E+01
  0.000000000000E+00  0.000000000000E+00  0.100000000000E+01
 -0.100000000000E+01  0.000000000000E+00 -0.000000000000E+00
 -0.000000000000E+00  0.100000000000E+01 -0.000000000000E+00
  0.502559272109E+01  0.502559272109E+01  0.000000000000E+00
  0.000000000000E+00 -0.100000000000E+01 -0.000000000000E+00
  0.000000000000E+00  0.000000000000E+00  0.100000000000E+01
  0.100000000000E+01  0.000000000000E+00  0.000000000000E+00
  0.502559272109E+01  0.753838908164E+01  0.251279636055E+01
 -0.000000000000E+00 -0.000000000000E+00  0.100000000000E+01
  0.100000000000E+01 -0.000000000000E+00 -0.000000000000E+00
  0.000000000000E+00 -0.100000000000E+01 -0.000000000000E+00
  0.502559272109E+01  0.251279636055E+01  0.753838908164E+01
  0.000000000000E+00  0.100000000000E+01  0.000000000000E+00
  0.000000000000E+00 -0.000000000000E+00 -0.100000000000E+01
  0.100000000000E+01 -0.000000000000E+00 -0.000000000000E+00
  0.502559272109E+01  0.753838908164E+01  0.251279636055E+01
 -0.000000000000E+00 -0.000000000000E+00 -0.100000000000E+01
 -0.000000000000E+00  0.100000000000E+01  0.000000000000E+00
 -0.100000000000E+01  0.000000000000E+00  0.000000000000E+00
  0.502559272109E+01  0.000000000000E+00  0.502559272109E+01
 -0.100000000000E+01  0.000000000000E+00  0.000000000000E+00
  0.000000000000E+00  0.000000000000E+00 -0.100000000000E+01
  0.000000000000E+00  0.100000000000E+01 -0.000000000000E+00
  0.100511854422E+02  0.753838908164E+01  0.753838908164E+01
 -0.100000000000E+01 -0.000000000000E+00 -0.000000000000E+00
  0.000000000000E+00 -0.000000000000E+00  0.100000000000E+01
  0.000000000000E+00 -0.100000000000E+01  0.000000000000E+00
  0.100511854422E+02  0.753838908164E+01  0.753838908164E+01
  0.100000000000E+01 -0.000000000000E+00  0.000000000000E+00
 -0.000000000000E+00 -0.000000000000E+00 -0.100000000000E+01
 -0.000000000000E+00 -0.100000000000E+01 -0.000000000000E+00
  0.000000000000E+00  0.000000000000E+00  0.000000000000E+00
  0.000000000000E+00  0.000000000000E+00 -0.100000000000E+01
  0.000000000000E+00 -0.100000000000E+01  0.000000000000E+00
  0.100000000000E+01 -0.000000000000E+00  0.000000000000E+00
  0.502559272109E+01  0.753838908164E+01  0.251279636055E+01
 -0.000000000000E+00  0.000000000000E+00  0.100000000000E+01
 -0.000000000000E+00 -0.100000000000E+01 -0.000000000000E+00
 -0.100000000000E+01 -0.000000000000E+00 -0.000000000000E+00
  0.502559272109E+01  0.000000000000E+00  0.502559272109E+01
  0.000000000000E+00 -0.000000000000E+00  0.100000000000E+01
  0.000000000000E+00  0.100000000000E+01 -0.000000000000E+00
  0.100000000000E+01  0.000000000000E+00 -0.000000000000E+00
  0.502559272109E+01  0.753838908164E+01  0.251279636055E+01
  0.100000000000E+01  0.000000000000E+00 -0.000000000000E+00
 -0.000000000000E+00  0.000000000000E+00  0.100000000000E+01
 -0.000000000000E+00  0.100000000000E+01  0.000000000000E+00
  0.000000000000E+00  0.000000000000E+00  0.000000000000E+00
   54
    3     -0.009715389970      0.000000000000      0.000000000000
    3      2.541987500157      2.483605220933     -0.000000000000
    3     -2.512796360545     -2.503080970575      0.000000000000
    3      2.541987500157      0.000000000000      2.483605220933
    3      5.025592721091      2.483605220933      2.483605220933
   22     -0.058499662367     -2.454296698178      2.454296698178
    3     -2.512796360545      0.000000000000     -2.503080970575
   22     -0.058499662367      2.454296698178     -2.454296698178
   22     -4.967093058723     -2.454296698178     -2.454296698178
   22     -0.058499662367      2.454296698178      2.454296698178
   22      2.571296022913      5.084092383458      2.454296698178
    3     -2.512796360545      0.000000000000      2.503080970575
   22      2.571296022913      2.454296698178      5.084092383458
    3      5.025592721091      5.054783860702      5.054783860702
    3     -0.029191139612      0.000000000000      5.054783860702
    3     -2.512796360545      2.503080970575      0.000000000000
    3     -0.029191139612      5.054783860702      0.000000000000
    3     -5.015877331120     -0.000000000000      0.000000000000
   22     -0.058499662367     -2.454296698178     -2.454296698178
    3      2.541987500157     -0.000000000000     -2.483605220933
    3     -2.512796360545     -5.054783860702     -2.483605220933
    3      2.541987500157     -2.483605220933     -0.000000000000
   22      5.025592721091     -0.000000000000     -0.000000000000
    3     -0.029191139612     -5.054783860702     -0.000000000000
    3     -2.512796360545     -2.483605220933     -5.054783860702
    3     -0.029191139612     -0.000000000000     -5.054783860702
   22     -4.967093058723     -5.084092383458     -5.084092383458
   16      2.424900169475      2.600692551616      2.600692551616
   16      5.025592721091      5.018296392715      2.520092688921
   16      0.007296328375     -0.000000000000      2.520092688921
   16      5.025592721091      2.520092688921      5.018296392715
   16      7.626285272706      4.937696530020      4.937696530020
   16      2.505500032170     -0.000000000000      5.018296392715
   16      0.007296328375      2.520092688921     -0.000000000000
   16      2.505500032170      5.018296392715      0.000000000000
   16     -2.512796360545     -0.000000000000     -0.000000000000
   16      2.424900169475      4.937696530020      4.937696530020
   16      5.025592721091      7.538389081636      5.110605885039
   16      0.087896191070      2.600692551616      4.937696530020
   16      5.025592721091      5.110605885039      7.538389081636
   16      7.453375917687      7.538389081636      7.538389081636
   16      2.505500032170      2.520092688921      7.538389081636
   16      0.087896191070      4.937696530020      2.600692551616
   16      2.505500032170      7.538389081636      2.520092688921
   16     -2.512796360545      2.520092688921      2.520092688921
   16      2.597809524494     -0.000000000000     -0.000000000000
   16      5.025592721091      2.427783196596     -0.000000000000
   16      0.007296328375     -2.520092688921     -0.000000000000
   16      5.025592721091     -0.000000000000      2.427783196596
   16      7.626285272706      2.600692551616      2.600692551616
   16      2.424900169475     -2.600692551616      2.600692551616
   16      0.007296328375     -0.000000000000     -2.520092688921
   16      2.424900169475      2.600692551616     -2.600692551616
   16     -2.512796360545     -2.520092688921     -2.520092688921
  225   48
