   3   1   1 E -1.8527572279517E+04 DE-9.2E-09(  7)
  0.000000000000E+00  0.746721377376E+01  0.746721377376E+01
  0.746721377376E+01  0.000000000000E+00  0.746721377376E+01
  0.746721377376E+01  0.746721377376E+01  0.000000000000E+00
   48
  0.100000000000E+01 -0.000000000000E+00  0.000000000000E+00
 -0.000000000000E+00  0.100000000000E+01  0.000000000000E+00
 -0.000000000000E+00  0.000000000000E+00  0.100000000000E+01
  0.000000000000E+00  0.000000000000E+00  0.000000000000E+00
 -0.000000000000E+00 -0.100000000000E+01  0.000000000000E+00
  0.100000000000E+01  0.000000000000E+00  0.000000000000E+00
  0.000000000000E+00  0.000000000000E+00  0.100000000000E+01
  0.497814251584E+01  0.248907125792E+01  0.746721377376E+01
  0.000000000000E+00  0.100000000000E+01  0.000000000000E+00
 -0.100000000000E+01 -0.000000000000E+00  0.000000000000E+00
 -0.000000000000E+00 -0.000000000000E+00  0.100000000000E+01
  0.497814251584E+01  0.497814251584E+01  0.000000000000E+00
 -0.100000000000E+01  0.000000000000E+00  0.000000000000E+00
  0.000000000000E+00 -0.100000000000E+01  0.000000000000E+00
  0.000000000000E+00 -0.000000000000E+00  0.100000000000E+01
  0.995628503168E+01  0.746721377376E+01  0.746721377376E+01
  0.100000000000E+01  0.000000000000E+00 -0.000000000000E+00
 -0.000000000000E+00 -0.100000000000E+01 -0.000000000000E+00
 -0.000000000000E+00 -0.000000000000E+00 -0.100000000000E+01
  0.000000000000E+00  0.000000000000E+00  0.000000000000E+00
  0.000000000000E+00 -0.100000000000E+01 -0.000000000000E+00
 -0.100000000000E+01  0.000000000000E+00 -0.000000000000E+00
 -0.000000000000E+00  0.000000000000E+00 -0.100000000000E+01
  0.497814251584E+01  0.497814251584E+01  0.000000000000E+00
 -0.100000000000E+01 -0.000000000000E+00 -0.000000000000E+00
  0.000000000000E+00  0.100000000000E+01 -0.000000000000E+00
  0.000000000000E+00  0.000000000000E+00 -0.100000000000E+01
  0.995628503168E+01  0.746721377376E+01  0.746721377376E+01
 -0.000000000000E+00  0.100000000000E+01 -0.000000000000E+00
  0.100000000000E+01 -0.000000000000E+00 -0.000000000000E+00
  0.000000000000E+00 -0.000000000000E+00 -0.100000000000E+01
  0.497814251584E+01  0.248907125792E+01  0.746721377376E+01
 -0.000000000000E+00  0.000000000000E+00  0.100000000000E+01
  0.100000000000E+01  0.000000000000E+00 -0.000000000000E+00
  0.000000000000E+00  0.100000000000E+01 -0.000000000000E+00
  0.497814251584E+01  0.248907125792E+01  0.746721377376E+01
  0.000000000000E+00  0.100000000000E+01 -0.000000000000E+00
  0.000000000000E+00 -0.000000000000E+00  0.100000000000E+01
  0.100000000000E+01 -0.000000000000E+00  0.000000000000E+00
  0.497814251584E+01  0.746721377376E+01  0.248907125792E+01
  0.000000000000E+00 -0.000000000000E+00  0.100000000000E+01
 -0.100000000000E+01 -0.000000000000E+00 -0.000000000000E+00
 -0.000000000000E+00 -0.100000000000E+01 -0.000000000000E+00
  0.497814251584E+01  0.497814251584E+01  0.000000000000E+00
  0.000000000000E+00 -0.100000000000E+01  0.000000000000E+00
  0.000000000000E+00  0.000000000000E+00 -0.100000000000E+01
  0.100000000000E+01  0.000000000000E+00 -0.000000000000E+00
  0.497814251584E+01  0.746721377376E+01  0.248907125792E+01
 -0.000000000000E+00 -0.000000000000E+00 -0.100000000000E+01
  0.100000000000E+01 -0.000000000000E+00  0.000000000000E+00
  0.000000000000E+00 -0.100000000000E+01  0.000000000000E+00
  0.497814251584E+01  0.248907125792E+01  0.746721377376E+01
 -0.000000000000E+00  0.100000000000E+01  0.000000000000E+00
 -0.000000000000E+00 -0.000000000000E+00 -0.100000000000E+01
 -0.100000000000E+01 -0.000000000000E+00 -0.000000000000E+00
  0.497814251584E+01  0.000000000000E+00  0.497814251584E+01
  0.000000000000E+00  0.000000000000E+00 -0.100000000000E+01
 -0.100000000000E+01  0.000000000000E+00  0.000000000000E+00
 -0.000000000000E+00  0.100000000000E+01  0.000000000000E+00
  0.497814251584E+01  0.497814251584E+01  0.000000000000E+00
 -0.000000000000E+00 -0.100000000000E+01 -0.000000000000E+00
 -0.000000000000E+00  0.000000000000E+00  0.100000000000E+01
 -0.100000000000E+01  0.000000000000E+00  0.000000000000E+00
  0.497814251584E+01  0.000000000000E+00  0.497814251584E+01
  0.000000000000E+00  0.000000000000E+00  0.100000000000E+01
  0.000000000000E+00 -0.100000000000E+01 -0.000000000000E+00
  0.100000000000E+01 -0.000000000000E+00 -0.000000000000E+00
  0.497814251584E+01  0.746721377376E+01  0.248907125792E+01
  0.100000000000E+01 -0.000000000000E+00 -0.000000000000E+00
 -0.000000000000E+00 -0.000000000000E+00  0.100000000000E+01
 -0.000000000000E+00 -0.100000000000E+01  0.000000000000E+00
  0.000000000000E+00  0.000000000000E+00  0.000000000000E+00
  0.100000000000E+01  0.000000000000E+00  0.000000000000E+00
 -0.000000000000E+00  0.000000000000E+00 -0.100000000000E+01
 -0.000000000000E+00  0.100000000000E+01 -0.000000000000E+00
  0.000000000000E+00  0.000000000000E+00  0.000000000000E+00
 -0.100000000000E+01  0.000000000000E+00 -0.000000000000E+00
  0.000000000000E+00  0.000000000000E+00  0.100000000000E+01
  0.000000000000E+00  0.100000000000E+01  0.000000000000E+00
  0.995628503168E+01  0.746721377376E+01  0.746721377376E+01
 -0.000000000000E+00 -0.000000000000E+00  0.100000000000E+01
 -0.000000000000E+00  0.100000000000E+01 -0.000000000000E+00
 -0.100000000000E+01  0.000000000000E+00 -0.000000000000E+00
  0.497814251584E+01  0.000000000000E+00  0.497814251584E+01
  0.000000000000E+00 -0.000000000000E+00 -0.100000000000E+01
  0.000000000000E+00  0.100000000000E+01  0.000000000000E+00
  0.100000000000E+01  0.000000000000E+00  0.000000000000E+00
  0.497814251584E+01  0.746721377376E+01  0.248907125792E+01
 -0.000000000000E+00  0.000000000000E+00 -0.100000000000E+01
 -0.000000000000E+00 -0.100000000000E+01  0.000000000000E+00
 -0.100000000000E+01 -0.000000000000E+00  0.000000000000E+00
  0.497814251584E+01  0.000000000000E+00  0.497814251584E+01
 -0.100000000000E+01 -0.000000000000E+00  0.000000000000E+00
  0.000000000000E+00 -0.000000000000E+00 -0.100000000000E+01
  0.000000000000E+00 -0.100000000000E+01 -0.000000000000E+00
  0.995628503168E+01  0.746721377376E+01  0.746721377376E+01
 -0.100000000000E+01  0.000000000000E+00 -0.000000000000E+00
  0.000000000000E+00 -0.100000000000E+01 -0.000000000000E+00
  0.000000000000E+00 -0.000000000000E+00 -0.100000000000E+01
  0.995628503168E+01  0.746721377376E+01  0.746721377376E+01
  0.000000000000E+00  0.100000000000E+01 -0.000000000000E+00
 -0.100000000000E+01 -0.000000000000E+00 -0.000000000000E+00
 -0.000000000000E+00 -0.000000000000E+00 -0.100000000000E+01
  0.497814251584E+01  0.497814251584E+01  0.000000000000E+00
 -0.000000000000E+00 -0.100000000000E+01 -0.000000000000E+00
  0.100000000000E+01  0.000000000000E+00 -0.000000000000E+00
  0.000000000000E+00  0.000000000000E+00 -0.100000000000E+01
  0.497814251584E+01  0.248907125792E+01  0.746721377376E+01
  0.100000000000E+01 -0.000000000000E+00 -0.000000000000E+00
 -0.000000000000E+00  0.100000000000E+01 -0.000000000000E+00
 -0.000000000000E+00  0.000000000000E+00 -0.100000000000E+01
  0.000000000000E+00  0.000000000000E+00  0.000000000000E+00
 -0.100000000000E+01 -0.000000000000E+00  0.000000000000E+00
  0.000000000000E+00  0.100000000000E+01  0.000000000000E+00
  0.000000000000E+00  0.000000000000E+00  0.100000000000E+01
  0.995628503168E+01  0.746721377376E+01  0.746721377376E+01
 -0.000000000000E+00  0.100000000000E+01  0.000000000000E+00
  0.100000000000E+01 -0.000000000000E+00  0.000000000000E+00
  0.000000000000E+00 -0.000000000000E+00  0.100000000000E+01
  0.497814251584E+01  0.248907125792E+01  0.746721377376E+01
  0.100000000000E+01  0.000000000000E+00  0.000000000000E+00
 -0.000000000000E+00 -0.100000000000E+01  0.000000000000E+00
 -0.000000000000E+00 -0.000000000000E+00  0.100000000000E+01
  0.000000000000E+00  0.000000000000E+00  0.000000000000E+00
  0.000000000000E+00 -0.100000000000E+01  0.000000000000E+00
 -0.100000000000E+01  0.000000000000E+00  0.000000000000E+00
 -0.000000000000E+00  0.000000000000E+00  0.100000000000E+01
  0.497814251584E+01  0.497814251584E+01  0.000000000000E+00
  0.000000000000E+00 -0.000000000000E+00 -0.100000000000E+01
 -0.100000000000E+01 -0.000000000000E+00  0.000000000000E+00
 -0.000000000000E+00 -0.100000000000E+01  0.000000000000E+00
  0.497814251584E+01  0.497814251584E+01  0.000000000000E+00
 -0.000000000000E+00 -0.100000000000E+01  0.000000000000E+00
 -0.000000000000E+00  0.000000000000E+00 -0.100000000000E+01
 -0.100000000000E+01  0.000000000000E+00 -0.000000000000E+00
  0.497814251584E+01  0.000000000000E+00  0.497814251584E+01
 -0.000000000000E+00  0.000000000000E+00 -0.100000000000E+01
  0.100000000000E+01  0.000000000000E+00  0.000000000000E+00
  0.000000000000E+00  0.100000000000E+01  0.000000000000E+00
  0.497814251584E+01  0.248907125792E+01  0.746721377376E+01
 -0.000000000000E+00  0.100000000000E+01 -0.000000000000E+00
 -0.000000000000E+00 -0.000000000000E+00  0.100000000000E+01
 -0.100000000000E+01 -0.000000000000E+00  0.000000000000E+00
  0.497814251584E+01  0.000000000000E+00  0.497814251584E+01
  0.000000000000E+00  0.000000000000E+00  0.100000000000E+01
 -0.100000000000E+01  0.000000000000E+00 -0.000000000000E+00
 -0.000000000000E+00  0.100000000000E+01 -0.000000000000E+00
  0.497814251584E+01  0.497814251584E+01  0.000000000000E+00
  0.000000000000E+00 -0.100000000000E+01 -0.000000000000E+00
  0.000000000000E+00  0.000000000000E+00  0.100000000000E+01
  0.100000000000E+01  0.000000000000E+00  0.000000000000E+00
  0.497814251584E+01  0.746721377376E+01  0.248907125792E+01
 -0.000000000000E+00 -0.000000000000E+00  0.100000000000E+01
  0.100000000000E+01 -0.000000000000E+00 -0.000000000000E+00
  0.000000000000E+00 -0.100000000000E+01 -0.000000000000E+00
  0.497814251584E+01  0.248907125792E+01  0.746721377376E+01
  0.000000000000E+00  0.100000000000E+01  0.000000000000E+00
  0.000000000000E+00 -0.000000000000E+00 -0.100000000000E+01
  0.100000000000E+01 -0.000000000000E+00 -0.000000000000E+00
  0.497814251584E+01  0.746721377376E+01  0.248907125792E+01
 -0.000000000000E+00 -0.000000000000E+00 -0.100000000000E+01
 -0.000000000000E+00  0.100000000000E+01  0.000000000000E+00
 -0.100000000000E+01  0.000000000000E+00  0.000000000000E+00
  0.497814251584E+01  0.000000000000E+00  0.497814251584E+01
 -0.100000000000E+01  0.000000000000E+00  0.000000000000E+00
  0.000000000000E+00  0.000000000000E+00 -0.100000000000E+01
  0.000000000000E+00  0.100000000000E+01 -0.000000000000E+00
  0.995628503168E+01  0.746721377376E+01  0.746721377376E+01
 -0.100000000000E+01 -0.000000000000E+00 -0.000000000000E+00
  0.000000000000E+00 -0.000000000000E+00  0.100000000000E+01
  0.000000000000E+00 -0.100000000000E+01  0.000000000000E+00
  0.995628503168E+01  0.746721377376E+01  0.746721377376E+01
  0.100000000000E+01 -0.000000000000E+00  0.000000000000E+00
 -0.000000000000E+00 -0.000000000000E+00 -0.100000000000E+01
 -0.000000000000E+00 -0.100000000000E+01 -0.000000000000E+00
  0.000000000000E+00  0.000000000000E+00  0.000000000000E+00
  0.000000000000E+00  0.000000000000E+00 -0.100000000000E+01
  0.000000000000E+00 -0.100000000000E+01  0.000000000000E+00
  0.100000000000E+01 -0.000000000000E+00  0.000000000000E+00
  0.497814251584E+01  0.746721377376E+01  0.248907125792E+01
 -0.000000000000E+00  0.000000000000E+00  0.100000000000E+01
 -0.000000000000E+00 -0.100000000000E+01 -0.000000000000E+00
 -0.100000000000E+01 -0.000000000000E+00 -0.000000000000E+00
  0.497814251584E+01  0.000000000000E+00  0.497814251584E+01
  0.000000000000E+00 -0.000000000000E+00  0.100000000000E+01
  0.000000000000E+00  0.100000000000E+01 -0.000000000000E+00
  0.100000000000E+01  0.000000000000E+00 -0.000000000000E+00
  0.497814251584E+01  0.746721377376E+01  0.248907125792E+01
  0.100000000000E+01  0.000000000000E+00 -0.000000000000E+00
 -0.000000000000E+00  0.000000000000E+00  0.100000000000E+01
 -0.000000000000E+00  0.100000000000E+01  0.000000000000E+00
  0.000000000000E+00  0.000000000000E+00  0.000000000000E+00
   54
    3     -0.085544544371      0.000000000000      0.000000000000
    3      2.640678509873      2.337464005969     -0.000000000000
    3     -2.489071257921     -2.403526713550      0.000000000000
    3      2.640678509873      0.000000000000      2.337464005969
    3      4.978142515842      2.337464005969      2.337464005969
   22     -0.080463011894     -2.408608246027      2.408608246027
    3     -2.489071257921      0.000000000000     -2.403526713550
   22     -0.080463011894      2.408608246027     -2.408608246027
   22     -4.897679503948     -2.408608246027     -2.408608246027
   22     -0.080463011894      2.408608246027      2.408608246027
   22      2.569534269815      5.058605527735      2.408608246027
    3     -2.489071257921      0.000000000000      2.403526713550
   22      2.569534269815      2.408608246027      5.058605527735
    3      4.978142515842      5.129749767794      5.129749767794
    3     -0.151607251952      0.000000000000      5.129749767794
    3     -2.489071257921      2.403526713550      0.000000000000
    3     -0.151607251952      5.129749767794      0.000000000000
    3     -4.892597971471     -0.000000000000      0.000000000000
   22     -0.080463011894     -2.408608246027     -2.408608246027
    3      2.640678509873     -0.000000000000     -2.337464005969
    3     -2.489071257921     -5.129749767794     -2.337464005969
    3      2.640678509873     -2.337464005969     -0.000000000000
   22      4.978142515842     -0.000000000000     -0.000000000000
    3     -0.151607251952     -5.129749767794     -0.000000000000
    3     -2.489071257921     -2.337464005969     -5.129749767794
    3     -0.151607251952     -0.000000000000     -5.129749767794
   22     -4.897679503948     -5.058605527735     -5.058605527735
   16      2.386319174734      2.591823341108      2.591823341108
   16      4.978142515842      4.926197032250      2.541016741513
   16      0.051945483592     -0.000000000000      2.541016741513
   16      4.978142515842      2.541016741513      4.926197032250
   16      7.569965856949      4.875390432655      4.875390432655
   16      2.437125774329     -0.000000000000      4.926197032250
   16      0.051945483592      2.541016741513     -0.000000000000
   16      2.437125774329      4.926197032250      0.000000000000
   16     -2.489071257921     -0.000000000000     -0.000000000000
   16      2.386319174734      4.875390432655      4.875390432655
   16      4.978142515842      7.467213773762      5.021817851985
   16      0.102752083187      2.591823341108      4.875390432655
   16      4.978142515842      5.021817851985      7.467213773762
   16      7.423538437619      7.467213773762      7.467213773762
   16      2.437125774329      2.541016741513      7.467213773762
   16      0.102752083187      4.875390432655      2.591823341108
   16      2.437125774329      7.467213773762      2.541016741513
   16     -2.489071257921      2.541016741513      2.541016741513
   16      2.532746594064     -0.000000000000     -0.000000000000
   16      4.978142515842      2.445395921778     -0.000000000000
   16      0.051945483592     -2.541016741513     -0.000000000000
   16      4.978142515842     -0.000000000000      2.445395921778
   16      7.569965856949      2.591823341108      2.591823341108
   16      2.386319174734     -2.591823341108      2.591823341108
   16      0.051945483592     -0.000000000000     -2.541016741513
   16      2.386319174734      2.591823341108     -2.591823341108
   16     -2.489071257921     -2.541016741513     -2.541016741513
  225   48
