   3   1   1 E -1.8527572073921E+04 DE-4.9E-09( 12)
  0.000000000000E+00  0.746606197869E+01  0.746606197869E+01
  0.746606197869E+01  0.000000000000E+00  0.746606197869E+01
  0.746606197869E+01  0.746606197869E+01  0.000000000000E+00
   48
  0.100000000000E+01 -0.000000000000E+00  0.000000000000E+00
 -0.000000000000E+00  0.100000000000E+01  0.000000000000E+00
 -0.000000000000E+00  0.000000000000E+00  0.100000000000E+01
  0.000000000000E+00  0.000000000000E+00  0.000000000000E+00
 -0.000000000000E+00 -0.100000000000E+01  0.000000000000E+00
  0.100000000000E+01  0.000000000000E+00  0.000000000000E+00
  0.000000000000E+00  0.000000000000E+00  0.100000000000E+01
  0.497737465246E+01  0.248868732623E+01  0.746606197869E+01
  0.000000000000E+00  0.100000000000E+01  0.000000000000E+00
 -0.100000000000E+01 -0.000000000000E+00  0.000000000000E+00
 -0.000000000000E+00 -0.000000000000E+00  0.100000000000E+01
  0.497737465246E+01  0.497737465246E+01  0.000000000000E+00
 -0.100000000000E+01  0.000000000000E+00  0.000000000000E+00
  0.000000000000E+00 -0.100000000000E+01  0.000000000000E+00
  0.000000000000E+00 -0.000000000000E+00  0.100000000000E+01
  0.995474930492E+01  0.746606197869E+01  0.746606197869E+01
  0.100000000000E+01  0.000000000000E+00 -0.000000000000E+00
 -0.000000000000E+00 -0.100000000000E+01 -0.000000000000E+00
 -0.000000000000E+00 -0.000000000000E+00 -0.100000000000E+01
  0.000000000000E+00  0.000000000000E+00  0.000000000000E+00
  0.000000000000E+00 -0.100000000000E+01 -0.000000000000E+00
 -0.100000000000E+01  0.000000000000E+00 -0.000000000000E+00
 -0.000000000000E+00  0.000000000000E+00 -0.100000000000E+01
  0.497737465246E+01  0.497737465246E+01  0.000000000000E+00
 -0.100000000000E+01 -0.000000000000E+00 -0.000000000000E+00
  0.000000000000E+00  0.100000000000E+01 -0.000000000000E+00
  0.000000000000E+00  0.000000000000E+00 -0.100000000000E+01
  0.995474930492E+01  0.746606197869E+01  0.746606197869E+01
 -0.000000000000E+00  0.100000000000E+01 -0.000000000000E+00
  0.100000000000E+01 -0.000000000000E+00 -0.000000000000E+00
  0.000000000000E+00 -0.000000000000E+00 -0.100000000000E+01
  0.497737465246E+01  0.248868732623E+01  0.746606197869E+01
 -0.000000000000E+00  0.000000000000E+00  0.100000000000E+01
  0.100000000000E+01  0.000000000000E+00 -0.000000000000E+00
  0.000000000000E+00  0.100000000000E+01 -0.000000000000E+00
  0.497737465246E+01  0.248868732623E+01  0.746606197869E+01
  0.000000000000E+00  0.100000000000E+01 -0.000000000000E+00
  0.000000000000E+00 -0.000000000000E+00  0.100000000000E+01
  0.100000000000E+01 -0.000000000000E+00  0.000000000000E+00
  0.497737465246E+01  0.746606197869E+01  0.248868732623E+01
  0.000000000000E+00 -0.000000000000E+00  0.100000000000E+01
 -0.100000000000E+01 -0.000000000000E+00 -0.000000000000E+00
 -0.000000000000E+00 -0.100000000000E+01 -0.000000000000E+00
  0.497737465246E+01  0.497737465246E+01  0.000000000000E+00
  0.000000000000E+00 -0.100000000000E+01  0.000000000000E+00
  0.000000000000E+00  0.000000000000E+00 -0.100000000000E+01
  0.100000000000E+01  0.000000000000E+00 -0.000000000000E+00
  0.497737465246E+01  0.746606197869E+01  0.248868732623E+01
 -0.000000000000E+00 -0.000000000000E+00 -0.100000000000E+01
  0.100000000000E+01 -0.000000000000E+00  0.000000000000E+00
  0.000000000000E+00 -0.100000000000E+01  0.000000000000E+00
  0.497737465246E+01  0.248868732623E+01  0.746606197869E+01
 -0.000000000000E+00  0.100000000000E+01  0.000000000000E+00
 -0.000000000000E+00 -0.000000000000E+00 -0.100000000000E+01
 -0.100000000000E+01 -0.000000000000E+00 -0.000000000000E+00
  0.497737465246E+01  0.000000000000E+00  0.497737465246E+01
  0.000000000000E+00  0.000000000000E+00 -0.100000000000E+01
 -0.100000000000E+01  0.000000000000E+00  0.000000000000E+00
 -0.000000000000E+00  0.100000000000E+01  0.000000000000E+00
  0.497737465246E+01  0.497737465246E+01  0.000000000000E+00
 -0.000000000000E+00 -0.100000000000E+01 -0.000000000000E+00
 -0.000000000000E+00  0.000000000000E+00  0.100000000000E+01
 -0.100000000000E+01  0.000000000000E+00  0.000000000000E+00
  0.497737465246E+01  0.000000000000E+00  0.497737465246E+01
  0.000000000000E+00  0.000000000000E+00  0.100000000000E+01
  0.000000000000E+00 -0.100000000000E+01 -0.000000000000E+00
  0.100000000000E+01 -0.000000000000E+00 -0.000000000000E+00
  0.497737465246E+01  0.746606197869E+01  0.248868732623E+01
  0.100000000000E+01 -0.000000000000E+00 -0.000000000000E+00
 -0.000000000000E+00 -0.000000000000E+00  0.100000000000E+01
 -0.000000000000E+00 -0.100000000000E+01  0.000000000000E+00
  0.000000000000E+00  0.000000000000E+00  0.000000000000E+00
  0.100000000000E+01  0.000000000000E+00  0.000000000000E+00
 -0.000000000000E+00  0.000000000000E+00 -0.100000000000E+01
 -0.000000000000E+00  0.100000000000E+01 -0.000000000000E+00
  0.000000000000E+00  0.000000000000E+00  0.000000000000E+00
 -0.100000000000E+01  0.000000000000E+00 -0.000000000000E+00
  0.000000000000E+00  0.000000000000E+00  0.100000000000E+01
  0.000000000000E+00  0.100000000000E+01  0.000000000000E+00
  0.995474930492E+01  0.746606197869E+01  0.746606197869E+01
 -0.000000000000E+00 -0.000000000000E+00  0.100000000000E+01
 -0.000000000000E+00  0.100000000000E+01 -0.000000000000E+00
 -0.100000000000E+01  0.000000000000E+00 -0.000000000000E+00
  0.497737465246E+01  0.000000000000E+00  0.497737465246E+01
  0.000000000000E+00 -0.000000000000E+00 -0.100000000000E+01
  0.000000000000E+00  0.100000000000E+01  0.000000000000E+00
  0.100000000000E+01  0.000000000000E+00  0.000000000000E+00
  0.497737465246E+01  0.746606197869E+01  0.248868732623E+01
 -0.000000000000E+00  0.000000000000E+00 -0.100000000000E+01
 -0.000000000000E+00 -0.100000000000E+01  0.000000000000E+00
 -0.100000000000E+01 -0.000000000000E+00  0.000000000000E+00
  0.497737465246E+01  0.000000000000E+00  0.497737465246E+01
 -0.100000000000E+01 -0.000000000000E+00  0.000000000000E+00
  0.000000000000E+00 -0.000000000000E+00 -0.100000000000E+01
  0.000000000000E+00 -0.100000000000E+01 -0.000000000000E+00
  0.995474930492E+01  0.746606197869E+01  0.746606197869E+01
 -0.100000000000E+01  0.000000000000E+00 -0.000000000000E+00
  0.000000000000E+00 -0.100000000000E+01 -0.000000000000E+00
  0.000000000000E+00 -0.000000000000E+00 -0.100000000000E+01
  0.995474930492E+01  0.746606197869E+01  0.746606197869E+01
  0.000000000000E+00  0.100000000000E+01 -0.000000000000E+00
 -0.100000000000E+01 -0.000000000000E+00 -0.000000000000E+00
 -0.000000000000E+00 -0.000000000000E+00 -0.100000000000E+01
  0.497737465246E+01  0.497737465246E+01  0.000000000000E+00
 -0.000000000000E+00 -0.100000000000E+01 -0.000000000000E+00
  0.100000000000E+01  0.000000000000E+00 -0.000000000000E+00
  0.000000000000E+00  0.000000000000E+00 -0.100000000000E+01
  0.497737465246E+01  0.248868732623E+01  0.746606197869E+01
  0.100000000000E+01 -0.000000000000E+00 -0.000000000000E+00
 -0.000000000000E+00  0.100000000000E+01 -0.000000000000E+00
 -0.000000000000E+00  0.000000000000E+00 -0.100000000000E+01
  0.000000000000E+00  0.000000000000E+00  0.000000000000E+00
 -0.100000000000E+01 -0.000000000000E+00  0.000000000000E+00
  0.000000000000E+00  0.100000000000E+01  0.000000000000E+00
  0.000000000000E+00  0.000000000000E+00  0.100000000000E+01
  0.995474930492E+01  0.746606197869E+01  0.746606197869E+01
 -0.000000000000E+00  0.100000000000E+01  0.000000000000E+00
  0.100000000000E+01 -0.000000000000E+00  0.000000000000E+00
  0.000000000000E+00 -0.000000000000E+00  0.100000000000E+01
  0.497737465246E+01  0.248868732623E+01  0.746606197869E+01
  0.100000000000E+01  0.000000000000E+00  0.000000000000E+00
 -0.000000000000E+00 -0.100000000000E+01  0.000000000000E+00
 -0.000000000000E+00 -0.000000000000E+00  0.100000000000E+01
  0.000000000000E+00  0.000000000000E+00  0.000000000000E+00
  0.000000000000E+00 -0.100000000000E+01  0.000000000000E+00
 -0.100000000000E+01  0.000000000000E+00  0.000000000000E+00
 -0.000000000000E+00  0.000000000000E+00  0.100000000000E+01
  0.497737465246E+01  0.497737465246E+01  0.000000000000E+00
  0.000000000000E+00 -0.000000000000E+00 -0.100000000000E+01
 -0.100000000000E+01 -0.000000000000E+00  0.000000000000E+00
 -0.000000000000E+00 -0.100000000000E+01  0.000000000000E+00
  0.497737465246E+01  0.497737465246E+01  0.000000000000E+00
 -0.000000000000E+00 -0.100000000000E+01  0.000000000000E+00
 -0.000000000000E+00  0.000000000000E+00 -0.100000000000E+01
 -0.100000000000E+01  0.000000000000E+00 -0.000000000000E+00
  0.497737465246E+01  0.000000000000E+00  0.497737465246E+01
 -0.000000000000E+00  0.000000000000E+00 -0.100000000000E+01
  0.100000000000E+01  0.000000000000E+00  0.000000000000E+00
  0.000000000000E+00  0.100000000000E+01  0.000000000000E+00
  0.497737465246E+01  0.248868732623E+01  0.746606197869E+01
 -0.000000000000E+00  0.100000000000E+01 -0.000000000000E+00
 -0.000000000000E+00 -0.000000000000E+00  0.100000000000E+01
 -0.100000000000E+01 -0.000000000000E+00  0.000000000000E+00
  0.497737465246E+01  0.000000000000E+00  0.497737465246E+01
  0.000000000000E+00  0.000000000000E+00  0.100000000000E+01
 -0.100000000000E+01  0.000000000000E+00 -0.000000000000E+00
 -0.000000000000E+00  0.100000000000E+01 -0.000000000000E+00
  0.497737465246E+01  0.497737465246E+01  0.000000000000E+00
  0.000000000000E+00 -0.100000000000E+01 -0.000000000000E+00
  0.000000000000E+00  0.000000000000E+00  0.100000000000E+01
  0.100000000000E+01  0.000000000000E+00  0.000000000000E+00
  0.497737465246E+01  0.746606197869E+01  0.248868732623E+01
 -0.000000000000E+00 -0.000000000000E+00  0.100000000000E+01
  0.100000000000E+01 -0.000000000000E+00 -0.000000000000E+00
  0.000000000000E+00 -0.100000000000E+01 -0.000000000000E+00
  0.497737465246E+01  0.248868732623E+01  0.746606197869E+01
  0.000000000000E+00  0.100000000000E+01  0.000000000000E+00
  0.000000000000E+00 -0.000000000000E+00 -0.100000000000E+01
  0.100000000000E+01 -0.000000000000E+00 -0.000000000000E+00
  0.497737465246E+01  0.746606197869E+01  0.248868732623E+01
 -0.000000000000E+00 -0.000000000000E+00 -0.100000000000E+01
 -0.000000000000E+00  0.100000000000E+01  0.000000000000E+00
 -0.100000000000E+01  0.000000000000E+00  0.000000000000E+00
  0.497737465246E+01  0.000000000000E+00  0.497737465246E+01
 -0.100000000000E+01  0.000000000000E+00  0.000000000000E+00
  0.000000000000E+00  0.000000000000E+00 -0.100000000000E+01
  0.000000000000E+00  0.100000000000E+01 -0.000000000000E+00
  0.995474930492E+01  0.746606197869E+01  0.746606197869E+01
 -0.100000000000E+01 -0.000000000000E+00 -0.000000000000E+00
  0.000000000000E+00 -0.000000000000E+00  0.100000000000E+01
  0.000000000000E+00 -0.100000000000E+01  0.000000000000E+00
  0.995474930492E+01  0.746606197869E+01  0.746606197869E+01
  0.100000000000E+01 -0.000000000000E+00  0.000000000000E+00
 -0.000000000000E+00 -0.000000000000E+00 -0.100000000000E+01
 -0.000000000000E+00 -0.100000000000E+01 -0.000000000000E+00
  0.000000000000E+00  0.000000000000E+00  0.000000000000E+00
  0.000000000000E+00  0.000000000000E+00 -0.100000000000E+01
  0.000000000000E+00 -0.100000000000E+01  0.000000000000E+00
  0.100000000000E+01 -0.000000000000E+00  0.000000000000E+00
  0.497737465246E+01  0.746606197869E+01  0.248868732623E+01
 -0.000000000000E+00  0.000000000000E+00  0.100000000000E+01
 -0.000000000000E+00 -0.100000000000E+01 -0.000000000000E+00
 -0.100000000000E+01 -0.000000000000E+00 -0.000000000000E+00
  0.497737465246E+01  0.000000000000E+00  0.497737465246E+01
  0.000000000000E+00 -0.000000000000E+00  0.100000000000E+01
  0.000000000000E+00  0.100000000000E+01 -0.000000000000E+00
  0.100000000000E+01  0.000000000000E+00 -0.000000000000E+00
  0.497737465246E+01  0.746606197869E+01  0.248868732623E+01
  0.100000000000E+01  0.000000000000E+00 -0.000000000000E+00
 -0.000000000000E+00  0.000000000000E+00  0.100000000000E+01
 -0.000000000000E+00  0.100000000000E+01  0.000000000000E+00
  0.000000000000E+00  0.000000000000E+00  0.000000000000E+00
   54
    3     -0.078028765420      0.000000000000      0.000000000000
    3      2.637091074920      2.340283577542     -0.000000000000
    3     -2.488687326231     -2.410658560811      0.000000000000
    3      2.637091074920      0.000000000000      2.340283577542
    3      4.977374652462      2.340283577542      2.340283577542
   22     -0.082173851029     -2.406513475202      2.406513475202
    3     -2.488687326231      0.000000000000     -2.410658560811
   22     -0.082173851029      2.406513475202     -2.406513475202
   22     -4.895200801433     -2.406513475202     -2.406513475202
   22     -0.082173851029      2.406513475202      2.406513475202
   22      2.570861177261      5.059548503492      2.406513475202
    3     -2.488687326231      0.000000000000      2.410658560811
   22      2.570861177261      2.406513475202      5.059548503492
    3      4.977374652462      5.125778401151      5.125778401151
    3     -0.148403748689      0.000000000000      5.125778401151
    3     -2.488687326231      2.410658560811      0.000000000000
    3     -0.148403748689      5.125778401151      0.000000000000
    3     -4.899345887042     -0.000000000000      0.000000000000
   22     -0.082173851029     -2.406513475202     -2.406513475202
    3      2.637091074920     -0.000000000000     -2.340283577542
    3     -2.488687326231     -5.125778401151     -2.340283577542
    3      2.637091074920     -2.340283577542     -0.000000000000
   22      4.977374652462     -0.000000000000     -0.000000000000
    3     -0.148403748689     -5.125778401151     -0.000000000000
    3     -2.488687326231     -2.340283577542     -5.125778401151
    3     -0.148403748689     -0.000000000000     -5.125778401151
   22     -4.895200801433     -5.059548503492     -5.059548503492
   16      2.387141748592      2.590232903870      2.590232903870
   16      4.977374652462      4.919091324476      2.546970654218
   16      0.058283327987     -0.000000000000      2.546970654218
   16      4.977374652462      2.546970654218      4.919091324476
   16      7.567607556333      4.875829074824      4.875829074824
   16      2.430403998244     -0.000000000000      4.919091324476
   16      0.058283327987      2.546970654218     -0.000000000000
   16      2.430403998244      4.919091324476      0.000000000000
   16     -2.488687326231     -0.000000000000     -0.000000000000
   16      2.387141748592      4.875829074824      4.875829074824
   16      4.977374652462      7.466061978694      5.020075934559
   16      0.101545577639      2.590232903870      4.875829074824
   16      4.977374652462      5.020075934559      7.466061978694
   16      7.423360696597      7.466061978694      7.466061978694
   16      2.430403998244      2.546970654218      7.466061978694
   16      0.101545577639      4.875829074824      2.590232903870
   16      2.430403998244      7.466061978694      2.546970654218
   16     -2.488687326231      2.546970654218      2.546970654218
   16      2.531388608328     -0.000000000000     -0.000000000000
   16      4.977374652462      2.445986044135     -0.000000000000
   16      0.058283327987     -2.546970654218     -0.000000000000
   16      4.977374652462     -0.000000000000      2.445986044135
   16      7.567607556333      2.590232903870      2.590232903870
   16      2.387141748592     -2.590232903870      2.590232903870
   16      0.058283327987     -0.000000000000     -2.546970654218
   16      2.387141748592      2.590232903870     -2.590232903870
   16     -2.488687326231     -2.546970654218     -2.546970654218
  225   48
