   3   1   1 E -1.8527561108183E+04 DE-2.6E-08( 12)
  0.000000000000E+00  0.742005269838E+01  0.742005269838E+01
  0.742005269838E+01  0.000000000000E+00  0.742005269838E+01
  0.742005269838E+01  0.742005269838E+01  0.000000000000E+00
   48
  0.100000000000E+01 -0.000000000000E+00  0.000000000000E+00
 -0.000000000000E+00  0.100000000000E+01  0.000000000000E+00
 -0.000000000000E+00  0.000000000000E+00  0.100000000000E+01
  0.000000000000E+00  0.000000000000E+00  0.000000000000E+00
 -0.000000000000E+00 -0.100000000000E+01  0.000000000000E+00
  0.100000000000E+01  0.000000000000E+00  0.000000000000E+00
  0.000000000000E+00  0.000000000000E+00  0.100000000000E+01
  0.494670179892E+01  0.247335089946E+01  0.742005269838E+01
  0.000000000000E+00  0.100000000000E+01  0.000000000000E+00
 -0.100000000000E+01 -0.000000000000E+00  0.000000000000E+00
 -0.000000000000E+00 -0.000000000000E+00  0.100000000000E+01
  0.494670179892E+01  0.494670179892E+01  0.000000000000E+00
 -0.100000000000E+01  0.000000000000E+00  0.000000000000E+00
  0.000000000000E+00 -0.100000000000E+01  0.000000000000E+00
  0.000000000000E+00 -0.000000000000E+00  0.100000000000E+01
  0.989340359784E+01  0.742005269838E+01  0.742005269838E+01
  0.100000000000E+01  0.000000000000E+00 -0.000000000000E+00
 -0.000000000000E+00 -0.100000000000E+01 -0.000000000000E+00
 -0.000000000000E+00 -0.000000000000E+00 -0.100000000000E+01
  0.000000000000E+00  0.000000000000E+00  0.000000000000E+00
  0.000000000000E+00 -0.100000000000E+01 -0.000000000000E+00
 -0.100000000000E+01  0.000000000000E+00 -0.000000000000E+00
 -0.000000000000E+00  0.000000000000E+00 -0.100000000000E+01
  0.494670179892E+01  0.494670179892E+01  0.000000000000E+00
 -0.100000000000E+01 -0.000000000000E+00 -0.000000000000E+00
  0.000000000000E+00  0.100000000000E+01 -0.000000000000E+00
  0.000000000000E+00  0.000000000000E+00 -0.100000000000E+01
  0.989340359784E+01  0.742005269838E+01  0.742005269838E+01
 -0.000000000000E+00  0.100000000000E+01 -0.000000000000E+00
  0.100000000000E+01 -0.000000000000E+00 -0.000000000000E+00
  0.000000000000E+00 -0.000000000000E+00 -0.100000000000E+01
  0.494670179892E+01  0.247335089946E+01  0.742005269838E+01
 -0.000000000000E+00  0.000000000000E+00  0.100000000000E+01
  0.100000000000E+01  0.000000000000E+00 -0.000000000000E+00
  0.000000000000E+00  0.100000000000E+01 -0.000000000000E+00
  0.494670179892E+01  0.247335089946E+01  0.742005269838E+01
  0.000000000000E+00  0.100000000000E+01 -0.000000000000E+00
  0.000000000000E+00 -0.000000000000E+00  0.100000000000E+01
  0.100000000000E+01 -0.000000000000E+00  0.000000000000E+00
  0.494670179892E+01  0.742005269838E+01  0.247335089946E+01
  0.000000000000E+00 -0.000000000000E+00  0.100000000000E+01
 -0.100000000000E+01 -0.000000000000E+00 -0.000000000000E+00
 -0.000000000000E+00 -0.100000000000E+01 -0.000000000000E+00
  0.494670179892E+01  0.494670179892E+01  0.000000000000E+00
  0.000000000000E+00 -0.100000000000E+01  0.000000000000E+00
  0.000000000000E+00  0.000000000000E+00 -0.100000000000E+01
  0.100000000000E+01  0.000000000000E+00 -0.000000000000E+00
  0.494670179892E+01  0.742005269838E+01  0.247335089946E+01
 -0.000000000000E+00 -0.000000000000E+00 -0.100000000000E+01
  0.100000000000E+01 -0.000000000000E+00  0.000000000000E+00
  0.000000000000E+00 -0.100000000000E+01  0.000000000000E+00
  0.494670179892E+01  0.247335089946E+01  0.742005269838E+01
 -0.000000000000E+00  0.100000000000E+01  0.000000000000E+00
 -0.000000000000E+00 -0.000000000000E+00 -0.100000000000E+01
 -0.100000000000E+01 -0.000000000000E+00 -0.000000000000E+00
  0.494670179892E+01  0.000000000000E+00  0.494670179892E+01
  0.000000000000E+00  0.000000000000E+00 -0.100000000000E+01
 -0.100000000000E+01  0.000000000000E+00  0.000000000000E+00
 -0.000000000000E+00  0.100000000000E+01  0.000000000000E+00
  0.494670179892E+01  0.494670179892E+01  0.000000000000E+00
 -0.000000000000E+00 -0.100000000000E+01 -0.000000000000E+00
 -0.000000000000E+00  0.000000000000E+00  0.100000000000E+01
 -0.100000000000E+01  0.000000000000E+00  0.000000000000E+00
  0.494670179892E+01  0.000000000000E+00  0.494670179892E+01
  0.000000000000E+00  0.000000000000E+00  0.100000000000E+01
  0.000000000000E+00 -0.100000000000E+01 -0.000000000000E+00
  0.100000000000E+01 -0.000000000000E+00 -0.000000000000E+00
  0.494670179892E+01  0.742005269838E+01  0.247335089946E+01
  0.100000000000E+01 -0.000000000000E+00 -0.000000000000E+00
 -0.000000000000E+00 -0.000000000000E+00  0.100000000000E+01
 -0.000000000000E+00 -0.100000000000E+01  0.000000000000E+00
  0.000000000000E+00  0.000000000000E+00  0.000000000000E+00
  0.100000000000E+01  0.000000000000E+00  0.000000000000E+00
 -0.000000000000E+00  0.000000000000E+00 -0.100000000000E+01
 -0.000000000000E+00  0.100000000000E+01 -0.000000000000E+00
  0.000000000000E+00  0.000000000000E+00  0.000000000000E+00
 -0.100000000000E+01  0.000000000000E+00 -0.000000000000E+00
  0.000000000000E+00  0.000000000000E+00  0.100000000000E+01
  0.000000000000E+00  0.100000000000E+01  0.000000000000E+00
  0.989340359784E+01  0.742005269838E+01  0.742005269838E+01
 -0.000000000000E+00 -0.000000000000E+00  0.100000000000E+01
 -0.000000000000E+00  0.100000000000E+01 -0.000000000000E+00
 -0.100000000000E+01  0.000000000000E+00 -0.000000000000E+00
  0.494670179892E+01  0.000000000000E+00  0.494670179892E+01
  0.000000000000E+00 -0.000000000000E+00 -0.100000000000E+01
  0.000000000000E+00  0.100000000000E+01  0.000000000000E+00
  0.100000000000E+01  0.000000000000E+00  0.000000000000E+00
  0.494670179892E+01  0.742005269838E+01  0.247335089946E+01
 -0.000000000000E+00  0.000000000000E+00 -0.100000000000E+01
 -0.000000000000E+00 -0.100000000000E+01  0.000000000000E+00
 -0.100000000000E+01 -0.000000000000E+00  0.000000000000E+00
  0.494670179892E+01  0.000000000000E+00  0.494670179892E+01
 -0.100000000000E+01 -0.000000000000E+00  0.000000000000E+00
  0.000000000000E+00 -0.000000000000E+00 -0.100000000000E+01
  0.000000000000E+00 -0.100000000000E+01 -0.000000000000E+00
  0.989340359784E+01  0.742005269838E+01  0.742005269838E+01
 -0.100000000000E+01  0.000000000000E+00 -0.000000000000E+00
  0.000000000000E+00 -0.100000000000E+01 -0.000000000000E+00
  0.000000000000E+00 -0.000000000000E+00 -0.100000000000E+01
  0.989340359784E+01  0.742005269838E+01  0.742005269838E+01
  0.000000000000E+00  0.100000000000E+01 -0.000000000000E+00
 -0.100000000000E+01 -0.000000000000E+00 -0.000000000000E+00
 -0.000000000000E+00 -0.000000000000E+00 -0.100000000000E+01
  0.494670179892E+01  0.494670179892E+01  0.000000000000E+00
 -0.000000000000E+00 -0.100000000000E+01 -0.000000000000E+00
  0.100000000000E+01  0.000000000000E+00 -0.000000000000E+00
  0.000000000000E+00  0.000000000000E+00 -0.100000000000E+01
  0.494670179892E+01  0.247335089946E+01  0.742005269838E+01
  0.100000000000E+01 -0.000000000000E+00 -0.000000000000E+00
 -0.000000000000E+00  0.100000000000E+01 -0.000000000000E+00
 -0.000000000000E+00  0.000000000000E+00 -0.100000000000E+01
  0.000000000000E+00  0.000000000000E+00  0.000000000000E+00
 -0.100000000000E+01 -0.000000000000E+00  0.000000000000E+00
  0.000000000000E+00  0.100000000000E+01  0.000000000000E+00
  0.000000000000E+00  0.000000000000E+00  0.100000000000E+01
  0.989340359784E+01  0.742005269838E+01  0.742005269838E+01
 -0.000000000000E+00  0.100000000000E+01  0.000000000000E+00
  0.100000000000E+01 -0.000000000000E+00  0.000000000000E+00
  0.000000000000E+00 -0.000000000000E+00  0.100000000000E+01
  0.494670179892E+01  0.247335089946E+01  0.742005269838E+01
  0.100000000000E+01  0.000000000000E+00  0.000000000000E+00
 -0.000000000000E+00 -0.100000000000E+01  0.000000000000E+00
 -0.000000000000E+00 -0.000000000000E+00  0.100000000000E+01
  0.000000000000E+00  0.000000000000E+00  0.000000000000E+00
  0.000000000000E+00 -0.100000000000E+01  0.000000000000E+00
 -0.100000000000E+01  0.000000000000E+00  0.000000000000E+00
 -0.000000000000E+00  0.000000000000E+00  0.100000000000E+01
  0.494670179892E+01  0.494670179892E+01  0.000000000000E+00
  0.000000000000E+00 -0.000000000000E+00 -0.100000000000E+01
 -0.100000000000E+01 -0.000000000000E+00  0.000000000000E+00
 -0.000000000000E+00 -0.100000000000E+01  0.000000000000E+00
  0.494670179892E+01  0.494670179892E+01  0.000000000000E+00
 -0.000000000000E+00 -0.100000000000E+01  0.000000000000E+00
 -0.000000000000E+00  0.000000000000E+00 -0.100000000000E+01
 -0.100000000000E+01  0.000000000000E+00 -0.000000000000E+00
  0.494670179892E+01  0.000000000000E+00  0.494670179892E+01
 -0.000000000000E+00  0.000000000000E+00 -0.100000000000E+01
  0.100000000000E+01  0.000000000000E+00  0.000000000000E+00
  0.000000000000E+00  0.100000000000E+01  0.000000000000E+00
  0.494670179892E+01  0.247335089946E+01  0.742005269838E+01
 -0.000000000000E+00  0.100000000000E+01 -0.000000000000E+00
 -0.000000000000E+00 -0.000000000000E+00  0.100000000000E+01
 -0.100000000000E+01 -0.000000000000E+00  0.000000000000E+00
  0.494670179892E+01  0.000000000000E+00  0.494670179892E+01
  0.000000000000E+00  0.000000000000E+00  0.100000000000E+01
 -0.100000000000E+01  0.000000000000E+00 -0.000000000000E+00
 -0.000000000000E+00  0.100000000000E+01 -0.000000000000E+00
  0.494670179892E+01  0.494670179892E+01  0.000000000000E+00
  0.000000000000E+00 -0.100000000000E+01 -0.000000000000E+00
  0.000000000000E+00  0.000000000000E+00  0.100000000000E+01
  0.100000000000E+01  0.000000000000E+00  0.000000000000E+00
  0.494670179892E+01  0.742005269838E+01  0.247335089946E+01
 -0.000000000000E+00 -0.000000000000E+00  0.100000000000E+01
  0.100000000000E+01 -0.000000000000E+00 -0.000000000000E+00
  0.000000000000E+00 -0.100000000000E+01 -0.000000000000E+00
  0.494670179892E+01  0.247335089946E+01  0.742005269838E+01
  0.000000000000E+00  0.100000000000E+01  0.000000000000E+00
  0.000000000000E+00 -0.000000000000E+00 -0.100000000000E+01
  0.100000000000E+01 -0.000000000000E+00 -0.000000000000E+00
  0.494670179892E+01  0.742005269838E+01  0.247335089946E+01
 -0.000000000000E+00 -0.000000000000E+00 -0.100000000000E+01
 -0.000000000000E+00  0.100000000000E+01  0.000000000000E+00
 -0.100000000000E+01  0.000000000000E+00  0.000000000000E+00
  0.494670179892E+01  0.000000000000E+00  0.494670179892E+01
 -0.100000000000E+01  0.000000000000E+00  0.000000000000E+00
  0.000000000000E+00  0.000000000000E+00 -0.100000000000E+01
  0.000000000000E+00  0.100000000000E+01 -0.000000000000E+00
  0.989340359784E+01  0.742005269838E+01  0.742005269838E+01
 -0.100000000000E+01 -0.000000000000E+00 -0.000000000000E+00
  0.000000000000E+00 -0.000000000000E+00  0.100000000000E+01
  0.000000000000E+00 -0.100000000000E+01  0.000000000000E+00
  0.989340359784E+01  0.742005269838E+01  0.742005269838E+01
  0.100000000000E+01 -0.000000000000E+00  0.000000000000E+00
 -0.000000000000E+00 -0.000000000000E+00 -0.100000000000E+01
 -0.000000000000E+00 -0.100000000000E+01 -0.000000000000E+00
  0.000000000000E+00  0.000000000000E+00  0.000000000000E+00
  0.000000000000E+00  0.000000000000E+00 -0.100000000000E+01
  0.000000000000E+00 -0.100000000000E+01  0.000000000000E+00
  0.100000000000E+01 -0.000000000000E+00  0.000000000000E+00
  0.494670179892E+01  0.742005269838E+01  0.247335089946E+01
 -0.000000000000E+00  0.000000000000E+00  0.100000000000E+01
 -0.000000000000E+00 -0.100000000000E+01 -0.000000000000E+00
 -0.100000000000E+01 -0.000000000000E+00 -0.000000000000E+00
  0.494670179892E+01  0.000000000000E+00  0.494670179892E+01
  0.000000000000E+00 -0.000000000000E+00  0.100000000000E+01
  0.000000000000E+00  0.100000000000E+01 -0.000000000000E+00
  0.100000000000E+01  0.000000000000E+00 -0.000000000000E+00
  0.494670179892E+01  0.742005269838E+01  0.247335089946E+01
  0.100000000000E+01  0.000000000000E+00 -0.000000000000E+00
 -0.000000000000E+00  0.000000000000E+00  0.100000000000E+01
 -0.000000000000E+00  0.100000000000E+01  0.000000000000E+00
  0.000000000000E+00  0.000000000000E+00  0.000000000000E+00
   54
    3     -0.038629243765      0.000000000000      0.000000000000
    3      2.560113579888      2.386588219031     -0.000000000000
    3     -2.473350899459     -2.434721655694      0.000000000000
    3      2.560113579888      0.000000000000      2.386588219031
    3      4.946701798918      2.386588219031      2.386588219031
   22     -0.081667811529     -2.391683087930      2.391683087931
    3     -2.473350899459      0.000000000000     -2.434721655694
   22     -0.081667811529      2.391683087931     -2.391683087930
   22     -4.865033987390     -2.391683087930     -2.391683087930
   22     -0.081667811529      2.391683087930      2.391683087930
   22      2.555018710988      5.028369610447      2.391683087931
    3     -2.473350899459      0.000000000000      2.434721655694
   22      2.555018710988      2.391683087930      5.028369610447
    3      4.946701798918      5.033464479347      5.033464479347
    3     -0.086762680429      0.000000000000      5.033464479347
    3     -2.473350899459      2.434721655694      0.000000000000
    3     -0.086762680429      5.033464479347      0.000000000000
    3     -4.908072555153     -0.000000000000      0.000000000000
   22     -0.081667811529     -2.391683087931     -2.391683087931
    3      2.560113579888     -0.000000000000     -2.386588219031
    3     -2.473350899459     -5.033464479347     -2.386588219031
    3      2.560113579888     -2.386588219031     -0.000000000000
   22      4.946701798918     -0.000000000000     -0.000000000000
    3     -0.086762680429     -5.033464479347     -0.000000000000
    3     -2.473350899459     -2.386588219031     -5.033464479347
    3     -0.086762680429     -0.000000000000     -5.033464479347
   22     -4.865033987390     -5.028369610447     -5.028369610447
   16      2.381882511458      2.564819287460      2.564819287460
   16      4.946701798918      4.910628030316      2.509424668062
   16      0.036073768603     -0.000000000000      2.509424668062
   16      4.946701798918      2.509424668062      4.910628030316
   16      7.511521086379      4.855233410917      4.855233410917
   16      2.437277130856     -0.000000000000      4.910628030316
   16      0.036073768603      2.509424668062     -0.000000000000
   16      2.437277130856      4.910628030316      0.000000000000
   16     -2.473350899459     -0.000000000000     -0.000000000000
   16      2.381882511458      4.855233410917      4.855233410917
   16      4.946701798918      7.420052698378      4.991718211144
   16      0.091468388001      2.564819287460      4.855233410917
   16      4.946701798918      4.991718211144      7.420052698378
   16      7.375036286152      7.420052698378      7.420052698378
   16      2.437277130856      2.509424668062      7.420052698378
   16      0.091468388001      4.855233410917      2.564819287460
   16      2.437277130856      7.420052698378      2.509424668062
   16     -2.473350899459      2.509424668062      2.509424668062
   16      2.518367311685     -0.000000000000     -0.000000000000
   16      4.946701798918      2.428334487233     -0.000000000000
   16      0.036073768603     -2.509424668062     -0.000000000000
   16      4.946701798918     -0.000000000000      2.428334487233
   16      7.511521086379      2.564819287460      2.564819287460
   16      2.381882511458     -2.564819287460      2.564819287460
   16      0.036073768603     -0.000000000000     -2.509424668062
   16      2.381882511458      2.564819287460     -2.564819287460
   16     -2.473350899459     -2.509424668062     -2.509424668062
  225   48
