   3   1   1 E -1.8527572278584E+04 DE 1.0E-08(  5)
  0.000000000000E+00  0.746725136754E+01  0.746725136754E+01
  0.746725136754E+01  0.000000000000E+00  0.746725136754E+01
  0.746725136754E+01  0.746725136754E+01  0.000000000000E+00
   48
  0.100000000000E+01 -0.000000000000E+00  0.000000000000E+00
 -0.000000000000E+00  0.100000000000E+01  0.000000000000E+00
 -0.000000000000E+00  0.000000000000E+00  0.100000000000E+01
  0.000000000000E+00  0.000000000000E+00  0.000000000000E+00
 -0.000000000000E+00 -0.100000000000E+01  0.000000000000E+00
  0.100000000000E+01  0.000000000000E+00  0.000000000000E+00
  0.000000000000E+00  0.000000000000E+00  0.100000000000E+01
  0.497816757836E+01  0.248908378918E+01  0.746725136754E+01
  0.000000000000E+00  0.100000000000E+01  0.000000000000E+00
 -0.100000000000E+01 -0.000000000000E+00  0.000000000000E+00
 -0.000000000000E+00 -0.000000000000E+00  0.100000000000E+01
  0.497816757836E+01  0.497816757836E+01  0.000000000000E+00
 -0.100000000000E+01  0.000000000000E+00  0.000000000000E+00
  0.000000000000E+00 -0.100000000000E+01  0.000000000000E+00
  0.000000000000E+00 -0.000000000000E+00  0.100000000000E+01
  0.995633515671E+01  0.746725136754E+01  0.746725136754E+01
  0.100000000000E+01  0.000000000000E+00 -0.000000000000E+00
 -0.000000000000E+00 -0.100000000000E+01 -0.000000000000E+00
 -0.000000000000E+00 -0.000000000000E+00 -0.100000000000E+01
  0.000000000000E+00  0.000000000000E+00  0.000000000000E+00
  0.000000000000E+00 -0.100000000000E+01 -0.000000000000E+00
 -0.100000000000E+01  0.000000000000E+00 -0.000000000000E+00
 -0.000000000000E+00  0.000000000000E+00 -0.100000000000E+01
  0.497816757836E+01  0.497816757836E+01  0.000000000000E+00
 -0.100000000000E+01 -0.000000000000E+00 -0.000000000000E+00
  0.000000000000E+00  0.100000000000E+01 -0.000000000000E+00
  0.000000000000E+00  0.000000000000E+00 -0.100000000000E+01
  0.995633515671E+01  0.746725136754E+01  0.746725136754E+01
 -0.000000000000E+00  0.100000000000E+01 -0.000000000000E+00
  0.100000000000E+01 -0.000000000000E+00 -0.000000000000E+00
  0.000000000000E+00 -0.000000000000E+00 -0.100000000000E+01
  0.497816757836E+01  0.248908378918E+01  0.746725136754E+01
 -0.000000000000E+00  0.000000000000E+00  0.100000000000E+01
  0.100000000000E+01  0.000000000000E+00 -0.000000000000E+00
  0.000000000000E+00  0.100000000000E+01 -0.000000000000E+00
  0.497816757836E+01  0.248908378918E+01  0.746725136754E+01
  0.000000000000E+00  0.100000000000E+01 -0.000000000000E+00
  0.000000000000E+00 -0.000000000000E+00  0.100000000000E+01
  0.100000000000E+01 -0.000000000000E+00  0.000000000000E+00
  0.497816757836E+01  0.746725136754E+01  0.248908378918E+01
  0.000000000000E+00 -0.000000000000E+00  0.100000000000E+01
 -0.100000000000E+01 -0.000000000000E+00 -0.000000000000E+00
 -0.000000000000E+00 -0.100000000000E+01 -0.000000000000E+00
  0.497816757836E+01  0.497816757836E+01  0.000000000000E+00
  0.000000000000E+00 -0.100000000000E+01  0.000000000000E+00
  0.000000000000E+00  0.000000000000E+00 -0.100000000000E+01
  0.100000000000E+01  0.000000000000E+00 -0.000000000000E+00
  0.497816757836E+01  0.746725136754E+01  0.248908378918E+01
 -0.000000000000E+00 -0.000000000000E+00 -0.100000000000E+01
  0.100000000000E+01 -0.000000000000E+00  0.000000000000E+00
  0.000000000000E+00 -0.100000000000E+01  0.000000000000E+00
  0.497816757836E+01  0.248908378918E+01  0.746725136754E+01
 -0.000000000000E+00  0.100000000000E+01  0.000000000000E+00
 -0.000000000000E+00 -0.000000000000E+00 -0.100000000000E+01
 -0.100000000000E+01 -0.000000000000E+00 -0.000000000000E+00
  0.497816757836E+01  0.000000000000E+00  0.497816757836E+01
  0.000000000000E+00  0.000000000000E+00 -0.100000000000E+01
 -0.100000000000E+01  0.000000000000E+00  0.000000000000E+00
 -0.000000000000E+00  0.100000000000E+01  0.000000000000E+00
  0.497816757836E+01  0.497816757836E+01  0.000000000000E+00
 -0.000000000000E+00 -0.100000000000E+01 -0.000000000000E+00
 -0.000000000000E+00  0.000000000000E+00  0.100000000000E+01
 -0.100000000000E+01  0.000000000000E+00  0.000000000000E+00
  0.497816757836E+01  0.000000000000E+00  0.497816757836E+01
  0.000000000000E+00  0.000000000000E+00  0.100000000000E+01
  0.000000000000E+00 -0.100000000000E+01 -0.000000000000E+00
  0.100000000000E+01 -0.000000000000E+00 -0.000000000000E+00
  0.497816757836E+01  0.746725136754E+01  0.248908378918E+01
  0.100000000000E+01 -0.000000000000E+00 -0.000000000000E+00
 -0.000000000000E+00 -0.000000000000E+00  0.100000000000E+01
 -0.000000000000E+00 -0.100000000000E+01  0.000000000000E+00
  0.000000000000E+00  0.000000000000E+00  0.000000000000E+00
  0.100000000000E+01  0.000000000000E+00  0.000000000000E+00
 -0.000000000000E+00  0.000000000000E+00 -0.100000000000E+01
 -0.000000000000E+00  0.100000000000E+01 -0.000000000000E+00
  0.000000000000E+00  0.000000000000E+00  0.000000000000E+00
 -0.100000000000E+01  0.000000000000E+00 -0.000000000000E+00
  0.000000000000E+00  0.000000000000E+00  0.100000000000E+01
  0.000000000000E+00  0.100000000000E+01  0.000000000000E+00
  0.995633515671E+01  0.746725136754E+01  0.746725136754E+01
 -0.000000000000E+00 -0.000000000000E+00  0.100000000000E+01
 -0.000000000000E+00  0.100000000000E+01 -0.000000000000E+00
 -0.100000000000E+01  0.000000000000E+00 -0.000000000000E+00
  0.497816757836E+01  0.000000000000E+00  0.497816757836E+01
  0.000000000000E+00 -0.000000000000E+00 -0.100000000000E+01
  0.000000000000E+00  0.100000000000E+01  0.000000000000E+00
  0.100000000000E+01  0.000000000000E+00  0.000000000000E+00
  0.497816757836E+01  0.746725136754E+01  0.248908378918E+01
 -0.000000000000E+00  0.000000000000E+00 -0.100000000000E+01
 -0.000000000000E+00 -0.100000000000E+01  0.000000000000E+00
 -0.100000000000E+01 -0.000000000000E+00  0.000000000000E+00
  0.497816757836E+01  0.000000000000E+00  0.497816757836E+01
 -0.100000000000E+01 -0.000000000000E+00  0.000000000000E+00
  0.000000000000E+00 -0.000000000000E+00 -0.100000000000E+01
  0.000000000000E+00 -0.100000000000E+01 -0.000000000000E+00
  0.995633515671E+01  0.746725136754E+01  0.746725136754E+01
 -0.100000000000E+01  0.000000000000E+00 -0.000000000000E+00
  0.000000000000E+00 -0.100000000000E+01 -0.000000000000E+00
  0.000000000000E+00 -0.000000000000E+00 -0.100000000000E+01
  0.995633515671E+01  0.746725136754E+01  0.746725136754E+01
  0.000000000000E+00  0.100000000000E+01 -0.000000000000E+00
 -0.100000000000E+01 -0.000000000000E+00 -0.000000000000E+00
 -0.000000000000E+00 -0.000000000000E+00 -0.100000000000E+01
  0.497816757836E+01  0.497816757836E+01  0.000000000000E+00
 -0.000000000000E+00 -0.100000000000E+01 -0.000000000000E+00
  0.100000000000E+01  0.000000000000E+00 -0.000000000000E+00
  0.000000000000E+00  0.000000000000E+00 -0.100000000000E+01
  0.497816757836E+01  0.248908378918E+01  0.746725136754E+01
  0.100000000000E+01 -0.000000000000E+00 -0.000000000000E+00
 -0.000000000000E+00  0.100000000000E+01 -0.000000000000E+00
 -0.000000000000E+00  0.000000000000E+00 -0.100000000000E+01
  0.000000000000E+00  0.000000000000E+00  0.000000000000E+00
 -0.100000000000E+01 -0.000000000000E+00  0.000000000000E+00
  0.000000000000E+00  0.100000000000E+01  0.000000000000E+00
  0.000000000000E+00  0.000000000000E+00  0.100000000000E+01
  0.995633515671E+01  0.746725136754E+01  0.746725136754E+01
 -0.000000000000E+00  0.100000000000E+01  0.000000000000E+00
  0.100000000000E+01 -0.000000000000E+00  0.000000000000E+00
  0.000000000000E+00 -0.000000000000E+00  0.100000000000E+01
  0.497816757836E+01  0.248908378918E+01  0.746725136754E+01
  0.100000000000E+01  0.000000000000E+00  0.000000000000E+00
 -0.000000000000E+00 -0.100000000000E+01  0.000000000000E+00
 -0.000000000000E+00 -0.000000000000E+00  0.100000000000E+01
  0.000000000000E+00  0.000000000000E+00  0.000000000000E+00
  0.000000000000E+00 -0.100000000000E+01  0.000000000000E+00
 -0.100000000000E+01  0.000000000000E+00  0.000000000000E+00
 -0.000000000000E+00  0.000000000000E+00  0.100000000000E+01
  0.497816757836E+01  0.497816757836E+01  0.000000000000E+00
  0.000000000000E+00 -0.000000000000E+00 -0.100000000000E+01
 -0.100000000000E+01 -0.000000000000E+00  0.000000000000E+00
 -0.000000000000E+00 -0.100000000000E+01  0.000000000000E+00
  0.497816757836E+01  0.497816757836E+01  0.000000000000E+00
 -0.000000000000E+00 -0.100000000000E+01  0.000000000000E+00
 -0.000000000000E+00  0.000000000000E+00 -0.100000000000E+01
 -0.100000000000E+01  0.000000000000E+00 -0.000000000000E+00
  0.497816757836E+01  0.000000000000E+00  0.497816757836E+01
 -0.000000000000E+00  0.000000000000E+00 -0.100000000000E+01
  0.100000000000E+01  0.000000000000E+00  0.000000000000E+00
  0.000000000000E+00  0.100000000000E+01  0.000000000000E+00
  0.497816757836E+01  0.248908378918E+01  0.746725136754E+01
 -0.000000000000E+00  0.100000000000E+01 -0.000000000000E+00
 -0.000000000000E+00 -0.000000000000E+00  0.100000000000E+01
 -0.100000000000E+01 -0.000000000000E+00  0.000000000000E+00
  0.497816757836E+01  0.000000000000E+00  0.497816757836E+01
  0.000000000000E+00  0.000000000000E+00  0.100000000000E+01
 -0.100000000000E+01  0.000000000000E+00 -0.000000000000E+00
 -0.000000000000E+00  0.100000000000E+01 -0.000000000000E+00
  0.497816757836E+01  0.497816757836E+01  0.000000000000E+00
  0.000000000000E+00 -0.100000000000E+01 -0.000000000000E+00
  0.000000000000E+00  0.000000000000E+00  0.100000000000E+01
  0.100000000000E+01  0.000000000000E+00  0.000000000000E+00
  0.497816757836E+01  0.746725136754E+01  0.248908378918E+01
 -0.000000000000E+00 -0.000000000000E+00  0.100000000000E+01
  0.100000000000E+01 -0.000000000000E+00 -0.000000000000E+00
  0.000000000000E+00 -0.100000000000E+01 -0.000000000000E+00
  0.497816757836E+01  0.248908378918E+01  0.746725136754E+01
  0.000000000000E+00  0.100000000000E+01  0.000000000000E+00
  0.000000000000E+00 -0.000000000000E+00 -0.100000000000E+01
  0.100000000000E+01 -0.000000000000E+00 -0.000000000000E+00
  0.497816757836E+01  0.746725136754E+01  0.248908378918E+01
 -0.000000000000E+00 -0.000000000000E+00 -0.100000000000E+01
 -0.000000000000E+00  0.100000000000E+01  0.000000000000E+00
 -0.100000000000E+01  0.000000000000E+00  0.000000000000E+00
  0.497816757836E+01  0.000000000000E+00  0.497816757836E+01
 -0.100000000000E+01  0.000000000000E+00  0.000000000000E+00
  0.000000000000E+00  0.000000000000E+00 -0.100000000000E+01
  0.000000000000E+00  0.100000000000E+01 -0.000000000000E+00
  0.995633515671E+01  0.746725136754E+01  0.746725136754E+01
 -0.100000000000E+01 -0.000000000000E+00 -0.000000000000E+00
  0.000000000000E+00 -0.000000000000E+00  0.100000000000E+01
  0.000000000000E+00 -0.100000000000E+01  0.000000000000E+00
  0.995633515671E+01  0.746725136754E+01  0.746725136754E+01
  0.100000000000E+01 -0.000000000000E+00  0.000000000000E+00
 -0.000000000000E+00 -0.000000000000E+00 -0.100000000000E+01
 -0.000000000000E+00 -0.100000000000E+01 -0.000000000000E+00
  0.000000000000E+00  0.000000000000E+00  0.000000000000E+00
  0.000000000000E+00  0.000000000000E+00 -0.100000000000E+01
  0.000000000000E+00 -0.100000000000E+01  0.000000000000E+00
  0.100000000000E+01 -0.000000000000E+00  0.000000000000E+00
  0.497816757836E+01  0.746725136754E+01  0.248908378918E+01
 -0.000000000000E+00  0.000000000000E+00  0.100000000000E+01
 -0.000000000000E+00 -0.100000000000E+01 -0.000000000000E+00
 -0.100000000000E+01 -0.000000000000E+00 -0.000000000000E+00
  0.497816757836E+01  0.000000000000E+00  0.497816757836E+01
  0.000000000000E+00 -0.000000000000E+00  0.100000000000E+01
  0.000000000000E+00  0.100000000000E+01 -0.000000000000E+00
  0.100000000000E+01  0.000000000000E+00 -0.000000000000E+00
  0.497816757836E+01  0.746725136754E+01  0.248908378918E+01
  0.100000000000E+01  0.000000000000E+00 -0.000000000000E+00
 -0.000000000000E+00  0.000000000000E+00  0.100000000000E+01
 -0.000000000000E+00  0.100000000000E+01  0.000000000000E+00
  0.000000000000E+00  0.000000000000E+00  0.000000000000E+00
   54
    3     -0.085587609571      0.000000000000      0.000000000000
    3      2.640691851176      2.337475727181     -0.000000000000
    3     -2.489083789178     -2.403496179608      0.000000000000
    3      2.640691851176      0.000000000000      2.337475727181
    3      4.978167578357      2.337475727181      2.337475727181
   22     -0.080464773531     -2.408619015647      2.408619015647
    3     -2.489083789178      0.000000000000     -2.403496179608
   22     -0.080464773531      2.408619015647     -2.408619015647
   22     -4.897702804826     -2.408619015647     -2.408619015647
   22     -0.080464773531      2.408619015647      2.408619015647
   22      2.569548562709      5.058632351888      2.408619015647
    3     -2.489083789178      0.000000000000      2.403496179608
   22      2.569548562709      2.408619015647      5.058632351888
    3      4.978167578357      5.129775640354      5.129775640354
    3     -0.151608061997      0.000000000000      5.129775640354
    3     -2.489083789178      2.403496179608      0.000000000000
    3     -0.151608061997      5.129775640354      0.000000000000
    3     -4.892579968786     -0.000000000000      0.000000000000
   22     -0.080464773531     -2.408619015647     -2.408619015647
    3      2.640691851176     -0.000000000000     -2.337475727181
    3     -2.489083789178     -5.129775640354     -2.337475727181
    3      2.640691851176     -2.337475727181     -0.000000000000
   22      4.978167578357     -0.000000000000     -0.000000000000
    3     -0.151608061997     -5.129775640354     -0.000000000000
    3     -2.489083789178     -2.337475727181     -5.129775640354
    3     -0.151608061997     -0.000000000000     -5.129775640354
   22     -4.897702804826     -5.058632351888     -5.058632351888
   16      2.386309450169      2.591858128187      2.591858128187
   16      4.978167578357      4.926137755606      2.541113611929
   16      0.052029822751     -0.000000000000      2.541113611929
   16      4.978167578357      2.541113611929      4.926137755606
   16      7.570025706544      4.875393239348      4.875393239348
   16      2.437053966427     -0.000000000000      4.926137755606
   16      0.052029822751      2.541113611929     -0.000000000000
   16      2.437053966427      4.926137755606      0.000000000000
   16     -2.489083789178     -0.000000000000     -0.000000000000
   16      2.386309450169      4.875393239348      4.875393239348
   16      4.978167578357      7.467251367535      5.021913544098
   16      0.102774339009      2.591858128187      4.875393239348
   16      4.978167578357      5.021913544098      7.467251367535
   16      7.423505401793      7.467251367535      7.467251367535
   16      2.437053966427      2.541113611929      7.467251367535
   16      0.102774339009      4.875393239348      2.591858128187
   16      2.437053966427      7.467251367535      2.541113611929
   16     -2.489083789178      2.541113611929      2.541113611929
   16      2.532829754920     -0.000000000000     -0.000000000000
   16      4.978167578357      2.445337823437     -0.000000000000
   16      0.052029822751     -2.541113611929     -0.000000000000
   16      4.978167578357     -0.000000000000      2.445337823437
   16      7.570025706544      2.591858128187      2.591858128187
   16      2.386309450169     -2.591858128187      2.591858128187
   16      0.052029822751     -0.000000000000     -2.541113611929
   16      2.386309450169      2.591858128187     -2.591858128187
   16     -2.489083789178     -2.541113611929     -2.541113611929
  225   48
