   3   1   1 E -1.8527572279423E+04 DE 1.2E-09(  7)
  0.000000000000E+00  0.746720385000E+01  0.746720385000E+01
  0.746720385000E+01  0.000000000000E+00  0.746720385000E+01
  0.746720385000E+01  0.746720385000E+01  0.000000000000E+00
   48
  0.100000000000E+01 -0.000000000000E+00  0.000000000000E+00
 -0.000000000000E+00  0.100000000000E+01  0.000000000000E+00
 -0.000000000000E+00  0.000000000000E+00  0.100000000000E+01
  0.000000000000E+00  0.000000000000E+00  0.000000000000E+00
 -0.000000000000E+00 -0.100000000000E+01  0.000000000000E+00
  0.100000000000E+01  0.000000000000E+00  0.000000000000E+00
  0.000000000000E+00  0.000000000000E+00  0.100000000000E+01
  0.497813590000E+01  0.248906795000E+01  0.746720385000E+01
  0.000000000000E+00  0.100000000000E+01  0.000000000000E+00
 -0.100000000000E+01 -0.000000000000E+00  0.000000000000E+00
 -0.000000000000E+00 -0.000000000000E+00  0.100000000000E+01
  0.497813590000E+01  0.497813590000E+01  0.000000000000E+00
 -0.100000000000E+01  0.000000000000E+00  0.000000000000E+00
  0.000000000000E+00 -0.100000000000E+01  0.000000000000E+00
  0.000000000000E+00 -0.000000000000E+00  0.100000000000E+01
  0.995627180001E+01  0.746720385000E+01  0.746720385000E+01
  0.100000000000E+01  0.000000000000E+00 -0.000000000000E+00
 -0.000000000000E+00 -0.100000000000E+01 -0.000000000000E+00
 -0.000000000000E+00 -0.000000000000E+00 -0.100000000000E+01
  0.000000000000E+00  0.000000000000E+00  0.000000000000E+00
  0.000000000000E+00 -0.100000000000E+01 -0.000000000000E+00
 -0.100000000000E+01  0.000000000000E+00 -0.000000000000E+00
 -0.000000000000E+00  0.000000000000E+00 -0.100000000000E+01
  0.497813590000E+01  0.497813590000E+01  0.000000000000E+00
 -0.100000000000E+01 -0.000000000000E+00 -0.000000000000E+00
  0.000000000000E+00  0.100000000000E+01 -0.000000000000E+00
  0.000000000000E+00  0.000000000000E+00 -0.100000000000E+01
  0.995627180001E+01  0.746720385000E+01  0.746720385000E+01
 -0.000000000000E+00  0.100000000000E+01 -0.000000000000E+00
  0.100000000000E+01 -0.000000000000E+00 -0.000000000000E+00
  0.000000000000E+00 -0.000000000000E+00 -0.100000000000E+01
  0.497813590000E+01  0.248906795000E+01  0.746720385000E+01
 -0.000000000000E+00  0.000000000000E+00  0.100000000000E+01
  0.100000000000E+01  0.000000000000E+00 -0.000000000000E+00
  0.000000000000E+00  0.100000000000E+01 -0.000000000000E+00
  0.497813590000E+01  0.248906795000E+01  0.746720385000E+01
  0.000000000000E+00  0.100000000000E+01 -0.000000000000E+00
  0.000000000000E+00 -0.000000000000E+00  0.100000000000E+01
  0.100000000000E+01 -0.000000000000E+00  0.000000000000E+00
  0.497813590000E+01  0.746720385000E+01  0.248906795000E+01
  0.000000000000E+00 -0.000000000000E+00  0.100000000000E+01
 -0.100000000000E+01 -0.000000000000E+00 -0.000000000000E+00
 -0.000000000000E+00 -0.100000000000E+01 -0.000000000000E+00
  0.497813590000E+01  0.497813590000E+01  0.000000000000E+00
  0.000000000000E+00 -0.100000000000E+01  0.000000000000E+00
  0.000000000000E+00  0.000000000000E+00 -0.100000000000E+01
  0.100000000000E+01  0.000000000000E+00 -0.000000000000E+00
  0.497813590000E+01  0.746720385000E+01  0.248906795000E+01
 -0.000000000000E+00 -0.000000000000E+00 -0.100000000000E+01
  0.100000000000E+01 -0.000000000000E+00  0.000000000000E+00
  0.000000000000E+00 -0.100000000000E+01  0.000000000000E+00
  0.497813590000E+01  0.248906795000E+01  0.746720385000E+01
 -0.000000000000E+00  0.100000000000E+01  0.000000000000E+00
 -0.000000000000E+00 -0.000000000000E+00 -0.100000000000E+01
 -0.100000000000E+01 -0.000000000000E+00 -0.000000000000E+00
  0.497813590000E+01  0.000000000000E+00  0.497813590000E+01
  0.000000000000E+00  0.000000000000E+00 -0.100000000000E+01
 -0.100000000000E+01  0.000000000000E+00  0.000000000000E+00
 -0.000000000000E+00  0.100000000000E+01  0.000000000000E+00
  0.497813590000E+01  0.497813590000E+01  0.000000000000E+00
 -0.000000000000E+00 -0.100000000000E+01 -0.000000000000E+00
 -0.000000000000E+00  0.000000000000E+00  0.100000000000E+01
 -0.100000000000E+01  0.000000000000E+00  0.000000000000E+00
  0.497813590000E+01  0.000000000000E+00  0.497813590000E+01
  0.000000000000E+00  0.000000000000E+00  0.100000000000E+01
  0.000000000000E+00 -0.100000000000E+01 -0.000000000000E+00
  0.100000000000E+01 -0.000000000000E+00 -0.000000000000E+00
  0.497813590000E+01  0.746720385000E+01  0.248906795000E+01
  0.100000000000E+01 -0.000000000000E+00 -0.000000000000E+00
 -0.000000000000E+00 -0.000000000000E+00  0.100000000000E+01
 -0.000000000000E+00 -0.100000000000E+01  0.000000000000E+00
  0.000000000000E+00  0.000000000000E+00  0.000000000000E+00
  0.100000000000E+01  0.000000000000E+00  0.000000000000E+00
 -0.000000000000E+00  0.000000000000E+00 -0.100000000000E+01
 -0.000000000000E+00  0.100000000000E+01 -0.000000000000E+00
  0.000000000000E+00  0.000000000000E+00  0.000000000000E+00
 -0.100000000000E+01  0.000000000000E+00 -0.000000000000E+00
  0.000000000000E+00  0.000000000000E+00  0.100000000000E+01
  0.000000000000E+00  0.100000000000E+01  0.000000000000E+00
  0.995627180001E+01  0.746720385000E+01  0.746720385000E+01
 -0.000000000000E+00 -0.000000000000E+00  0.100000000000E+01
 -0.000000000000E+00  0.100000000000E+01 -0.000000000000E+00
 -0.100000000000E+01  0.000000000000E+00 -0.000000000000E+00
  0.497813590000E+01  0.000000000000E+00  0.497813590000E+01
  0.000000000000E+00 -0.000000000000E+00 -0.100000000000E+01
  0.000000000000E+00  0.100000000000E+01  0.000000000000E+00
  0.100000000000E+01  0.000000000000E+00  0.000000000000E+00
  0.497813590000E+01  0.746720385000E+01  0.248906795000E+01
 -0.000000000000E+00  0.000000000000E+00 -0.100000000000E+01
 -0.000000000000E+00 -0.100000000000E+01  0.000000000000E+00
 -0.100000000000E+01 -0.000000000000E+00  0.000000000000E+00
  0.497813590000E+01  0.000000000000E+00  0.497813590000E+01
 -0.100000000000E+01 -0.000000000000E+00  0.000000000000E+00
  0.000000000000E+00 -0.000000000000E+00 -0.100000000000E+01
  0.000000000000E+00 -0.100000000000E+01 -0.000000000000E+00
  0.995627180001E+01  0.746720385000E+01  0.746720385000E+01
 -0.100000000000E+01  0.000000000000E+00 -0.000000000000E+00
  0.000000000000E+00 -0.100000000000E+01 -0.000000000000E+00
  0.000000000000E+00 -0.000000000000E+00 -0.100000000000E+01
  0.995627180001E+01  0.746720385000E+01  0.746720385000E+01
  0.000000000000E+00  0.100000000000E+01 -0.000000000000E+00
 -0.100000000000E+01 -0.000000000000E+00 -0.000000000000E+00
 -0.000000000000E+00 -0.000000000000E+00 -0.100000000000E+01
  0.497813590000E+01  0.497813590000E+01  0.000000000000E+00
 -0.000000000000E+00 -0.100000000000E+01 -0.000000000000E+00
  0.100000000000E+01  0.000000000000E+00 -0.000000000000E+00
  0.000000000000E+00  0.000000000000E+00 -0.100000000000E+01
  0.497813590000E+01  0.248906795000E+01  0.746720385000E+01
  0.100000000000E+01 -0.000000000000E+00 -0.000000000000E+00
 -0.000000000000E+00  0.100000000000E+01 -0.000000000000E+00
 -0.000000000000E+00  0.000000000000E+00 -0.100000000000E+01
  0.000000000000E+00  0.000000000000E+00  0.000000000000E+00
 -0.100000000000E+01 -0.000000000000E+00  0.000000000000E+00
  0.000000000000E+00  0.100000000000E+01  0.000000000000E+00
  0.000000000000E+00  0.000000000000E+00  0.100000000000E+01
  0.995627180001E+01  0.746720385000E+01  0.746720385000E+01
 -0.000000000000E+00  0.100000000000E+01  0.000000000000E+00
  0.100000000000E+01 -0.000000000000E+00  0.000000000000E+00
  0.000000000000E+00 -0.000000000000E+00  0.100000000000E+01
  0.497813590000E+01  0.248906795000E+01  0.746720385000E+01
  0.100000000000E+01  0.000000000000E+00  0.000000000000E+00
 -0.000000000000E+00 -0.100000000000E+01  0.000000000000E+00
 -0.000000000000E+00 -0.000000000000E+00  0.100000000000E+01
  0.000000000000E+00  0.000000000000E+00  0.000000000000E+00
  0.000000000000E+00 -0.100000000000E+01  0.000000000000E+00
 -0.100000000000E+01  0.000000000000E+00  0.000000000000E+00
 -0.000000000000E+00  0.000000000000E+00  0.100000000000E+01
  0.497813590000E+01  0.497813590000E+01  0.000000000000E+00
  0.000000000000E+00 -0.000000000000E+00 -0.100000000000E+01
 -0.100000000000E+01 -0.000000000000E+00  0.000000000000E+00
 -0.000000000000E+00 -0.100000000000E+01  0.000000000000E+00
  0.497813590000E+01  0.497813590000E+01  0.000000000000E+00
 -0.000000000000E+00 -0.100000000000E+01  0.000000000000E+00
 -0.000000000000E+00  0.000000000000E+00 -0.100000000000E+01
 -0.100000000000E+01  0.000000000000E+00 -0.000000000000E+00
  0.497813590000E+01  0.000000000000E+00  0.497813590000E+01
 -0.000000000000E+00  0.000000000000E+00 -0.100000000000E+01
  0.100000000000E+01  0.000000000000E+00  0.000000000000E+00
  0.000000000000E+00  0.100000000000E+01  0.000000000000E+00
  0.497813590000E+01  0.248906795000E+01  0.746720385000E+01
 -0.000000000000E+00  0.100000000000E+01 -0.000000000000E+00
 -0.000000000000E+00 -0.000000000000E+00  0.100000000000E+01
 -0.100000000000E+01 -0.000000000000E+00  0.000000000000E+00
  0.497813590000E+01  0.000000000000E+00  0.497813590000E+01
  0.000000000000E+00  0.000000000000E+00  0.100000000000E+01
 -0.100000000000E+01  0.000000000000E+00 -0.000000000000E+00
 -0.000000000000E+00  0.100000000000E+01 -0.000000000000E+00
  0.497813590000E+01  0.497813590000E+01  0.000000000000E+00
  0.000000000000E+00 -0.100000000000E+01 -0.000000000000E+00
  0.000000000000E+00  0.000000000000E+00  0.100000000000E+01
  0.100000000000E+01  0.000000000000E+00  0.000000000000E+00
  0.497813590000E+01  0.746720385000E+01  0.248906795000E+01
 -0.000000000000E+00 -0.000000000000E+00  0.100000000000E+01
  0.100000000000E+01 -0.000000000000E+00 -0.000000000000E+00
  0.000000000000E+00 -0.100000000000E+01 -0.000000000000E+00
  0.497813590000E+01  0.248906795000E+01  0.746720385000E+01
  0.000000000000E+00  0.100000000000E+01  0.000000000000E+00
  0.000000000000E+00 -0.000000000000E+00 -0.100000000000E+01
  0.100000000000E+01 -0.000000000000E+00 -0.000000000000E+00
  0.497813590000E+01  0.746720385000E+01  0.248906795000E+01
 -0.000000000000E+00 -0.000000000000E+00 -0.100000000000E+01
 -0.000000000000E+00  0.100000000000E+01  0.000000000000E+00
 -0.100000000000E+01  0.000000000000E+00  0.000000000000E+00
  0.497813590000E+01  0.000000000000E+00  0.497813590000E+01
 -0.100000000000E+01  0.000000000000E+00  0.000000000000E+00
  0.000000000000E+00  0.000000000000E+00 -0.100000000000E+01
  0.000000000000E+00  0.100000000000E+01 -0.000000000000E+00
  0.995627180001E+01  0.746720385000E+01  0.746720385000E+01
 -0.100000000000E+01 -0.000000000000E+00 -0.000000000000E+00
  0.000000000000E+00 -0.000000000000E+00  0.100000000000E+01
  0.000000000000E+00 -0.100000000000E+01  0.000000000000E+00
  0.995627180001E+01  0.746720385000E+01  0.746720385000E+01
  0.100000000000E+01 -0.000000000000E+00  0.000000000000E+00
 -0.000000000000E+00 -0.000000000000E+00 -0.100000000000E+01
 -0.000000000000E+00 -0.100000000000E+01 -0.000000000000E+00
  0.000000000000E+00  0.000000000000E+00  0.000000000000E+00
  0.000000000000E+00  0.000000000000E+00 -0.100000000000E+01
  0.000000000000E+00 -0.100000000000E+01  0.000000000000E+00
  0.100000000000E+01 -0.000000000000E+00  0.000000000000E+00
  0.497813590000E+01  0.746720385000E+01  0.248906795000E+01
 -0.000000000000E+00  0.000000000000E+00  0.100000000000E+01
 -0.000000000000E+00 -0.100000000000E+01 -0.000000000000E+00
 -0.100000000000E+01 -0.000000000000E+00 -0.000000000000E+00
  0.497813590000E+01  0.000000000000E+00  0.497813590000E+01
  0.000000000000E+00 -0.000000000000E+00  0.100000000000E+01
  0.000000000000E+00  0.100000000000E+01 -0.000000000000E+00
  0.100000000000E+01  0.000000000000E+00 -0.000000000000E+00
  0.497813590000E+01  0.746720385000E+01  0.248906795000E+01
  0.100000000000E+01  0.000000000000E+00 -0.000000000000E+00
 -0.000000000000E+00  0.000000000000E+00  0.100000000000E+01
 -0.000000000000E+00  0.100000000000E+01  0.000000000000E+00
  0.000000000000E+00  0.000000000000E+00  0.000000000000E+00
   54
    3     -0.085534333551      0.000000000000      0.000000000000
    3      2.640675308194      2.337460591809     -0.000000000000
    3     -2.489067950001     -2.403533616450      0.000000000000
    3      2.640675308194      0.000000000000      2.337460591809
    3      4.978135900003      2.337460591809      2.337460591809
   22     -0.080463102395     -2.408604847606      2.408604847606
    3     -2.489067950001      0.000000000000     -2.403533616450
   22     -0.080463102395      2.408604847606     -2.408604847606
   22     -4.897672797607     -2.408604847606     -2.408604847606
   22     -0.080463102395      2.408604847606      2.408604847606
   22      2.569531052397      5.058599002398      2.408604847606
    3     -2.489067950001      0.000000000000      2.403533616450
   22      2.569531052397      2.408604847606      5.058599002398
    3      4.978135900003      5.129743258195      5.129743258195
    3     -0.151607358193      0.000000000000      5.129743258195
    3     -2.489067950001      2.403533616450      0.000000000000
    3     -0.151607358193      5.129743258195      0.000000000000
    3     -4.892601566451     -0.000000000000      0.000000000000
   22     -0.080463102395     -2.408604847606     -2.408604847606
    3      2.640675308194     -0.000000000000     -2.337460591809
    3     -2.489067950001     -5.129743258195     -2.337460591809
    3      2.640675308194     -2.337460591809     -0.000000000000
   22      4.978135900003     -0.000000000000     -0.000000000000
    3     -0.151607358193     -5.129743258195     -0.000000000000
    3     -2.489067950001     -2.337460591809     -5.129743258195
    3     -0.151607358193     -0.000000000000     -5.129743258195
   22     -4.897672797607     -5.058599002398     -5.058599002398
   16      2.386321144561      2.591814755442      2.591814755442
   16      4.978135900003      4.926211417124      2.540992432880
   16      0.051924482879     -0.000000000000      2.540992432880
   16      4.978135900003      2.540992432880      4.926211417124
   16      7.569950655445      4.875389094562      4.875389094562
   16      2.437143467123     -0.000000000000      4.926211417124
   16      0.051924482879      2.540992432880     -0.000000000000
   16      2.437143467123      4.926211417124      0.000000000000
   16     -2.489067950001     -0.000000000000     -0.000000000000
   16      2.386321144561      4.875389094562      4.875389094562
   16      4.978135900003      7.467203850004      5.021794069617
   16      0.102746805440      2.591814755442      4.875389094562
   16      4.978135900003      5.021794069617      7.467203850004
   16      7.423545680390      7.467203850004      7.467203850004
   16      2.437143467123      2.540992432880      7.467203850004
   16      0.102746805440      4.875389094562      2.591814755442
   16      2.437143467123      7.467203850004      2.540992432880
   16     -2.489067950001      2.540992432880      2.540992432880
   16      2.532726119616     -0.000000000000     -0.000000000000
   16      4.978135900003      2.445409780387     -0.000000000000
   16      0.051924482879     -2.540992432880     -0.000000000000
   16      4.978135900003     -0.000000000000      2.445409780387
   16      7.569950655445      2.591814755442      2.591814755442
   16      2.386321144561     -2.591814755442      2.591814755442
   16      0.051924482879     -0.000000000000     -2.540992432880
   16      2.386321144561      2.591814755442     -2.591814755442
   16     -2.489067950001     -2.540992432880     -2.540992432880
  225   48
