   3   1   1 E -1.8527572278710E+04 DE-3.0E-08(  6)
  0.000000000000E+00  0.746726391683E+01  0.746726391683E+01
  0.746726391683E+01  0.000000000000E+00  0.746726391683E+01
  0.746726391683E+01  0.746726391683E+01  0.000000000000E+00
   48
  0.100000000000E+01 -0.000000000000E+00  0.000000000000E+00
 -0.000000000000E+00  0.100000000000E+01  0.000000000000E+00
 -0.000000000000E+00  0.000000000000E+00  0.100000000000E+01
  0.000000000000E+00  0.000000000000E+00  0.000000000000E+00
 -0.000000000000E+00 -0.100000000000E+01  0.000000000000E+00
  0.100000000000E+01  0.000000000000E+00  0.000000000000E+00
  0.000000000000E+00  0.000000000000E+00  0.100000000000E+01
  0.497817594456E+01  0.248908797228E+01  0.746726391683E+01
  0.000000000000E+00  0.100000000000E+01  0.000000000000E+00
 -0.100000000000E+01 -0.000000000000E+00  0.000000000000E+00
 -0.000000000000E+00 -0.000000000000E+00  0.100000000000E+01
  0.497817594456E+01  0.497817594456E+01  0.000000000000E+00
 -0.100000000000E+01  0.000000000000E+00  0.000000000000E+00
  0.000000000000E+00 -0.100000000000E+01  0.000000000000E+00
  0.000000000000E+00 -0.000000000000E+00  0.100000000000E+01
  0.995635188911E+01  0.746726391683E+01  0.746726391683E+01
  0.100000000000E+01  0.000000000000E+00 -0.000000000000E+00
 -0.000000000000E+00 -0.100000000000E+01 -0.000000000000E+00
 -0.000000000000E+00 -0.000000000000E+00 -0.100000000000E+01
  0.000000000000E+00  0.000000000000E+00  0.000000000000E+00
  0.000000000000E+00 -0.100000000000E+01 -0.000000000000E+00
 -0.100000000000E+01  0.000000000000E+00 -0.000000000000E+00
 -0.000000000000E+00  0.000000000000E+00 -0.100000000000E+01
  0.497817594456E+01  0.497817594456E+01  0.000000000000E+00
 -0.100000000000E+01 -0.000000000000E+00 -0.000000000000E+00
  0.000000000000E+00  0.100000000000E+01 -0.000000000000E+00
  0.000000000000E+00  0.000000000000E+00 -0.100000000000E+01
  0.995635188911E+01  0.746726391683E+01  0.746726391683E+01
 -0.000000000000E+00  0.100000000000E+01 -0.000000000000E+00
  0.100000000000E+01 -0.000000000000E+00 -0.000000000000E+00
  0.000000000000E+00 -0.000000000000E+00 -0.100000000000E+01
  0.497817594456E+01  0.248908797228E+01  0.746726391683E+01
 -0.000000000000E+00  0.000000000000E+00  0.100000000000E+01
  0.100000000000E+01  0.000000000000E+00 -0.000000000000E+00
  0.000000000000E+00  0.100000000000E+01 -0.000000000000E+00
  0.497817594456E+01  0.248908797228E+01  0.746726391683E+01
  0.000000000000E+00  0.100000000000E+01 -0.000000000000E+00
  0.000000000000E+00 -0.000000000000E+00  0.100000000000E+01
  0.100000000000E+01 -0.000000000000E+00  0.000000000000E+00
  0.497817594456E+01  0.746726391683E+01  0.248908797228E+01
  0.000000000000E+00 -0.000000000000E+00  0.100000000000E+01
 -0.100000000000E+01 -0.000000000000E+00 -0.000000000000E+00
 -0.000000000000E+00 -0.100000000000E+01 -0.000000000000E+00
  0.497817594456E+01  0.497817594456E+01  0.000000000000E+00
  0.000000000000E+00 -0.100000000000E+01  0.000000000000E+00
  0.000000000000E+00  0.000000000000E+00 -0.100000000000E+01
  0.100000000000E+01  0.000000000000E+00 -0.000000000000E+00
  0.497817594456E+01  0.746726391683E+01  0.248908797228E+01
 -0.000000000000E+00 -0.000000000000E+00 -0.100000000000E+01
  0.100000000000E+01 -0.000000000000E+00  0.000000000000E+00
  0.000000000000E+00 -0.100000000000E+01  0.000000000000E+00
  0.497817594456E+01  0.248908797228E+01  0.746726391683E+01
 -0.000000000000E+00  0.100000000000E+01  0.000000000000E+00
 -0.000000000000E+00 -0.000000000000E+00 -0.100000000000E+01
 -0.100000000000E+01 -0.000000000000E+00 -0.000000000000E+00
  0.497817594456E+01  0.000000000000E+00  0.497817594456E+01
  0.000000000000E+00  0.000000000000E+00 -0.100000000000E+01
 -0.100000000000E+01  0.000000000000E+00  0.000000000000E+00
 -0.000000000000E+00  0.100000000000E+01  0.000000000000E+00
  0.497817594456E+01  0.497817594456E+01  0.000000000000E+00
 -0.000000000000E+00 -0.100000000000E+01 -0.000000000000E+00
 -0.000000000000E+00  0.000000000000E+00  0.100000000000E+01
 -0.100000000000E+01  0.000000000000E+00  0.000000000000E+00
  0.497817594456E+01  0.000000000000E+00  0.497817594456E+01
  0.000000000000E+00  0.000000000000E+00  0.100000000000E+01
  0.000000000000E+00 -0.100000000000E+01 -0.000000000000E+00
  0.100000000000E+01 -0.000000000000E+00 -0.000000000000E+00
  0.497817594456E+01  0.746726391683E+01  0.248908797228E+01
  0.100000000000E+01 -0.000000000000E+00 -0.000000000000E+00
 -0.000000000000E+00 -0.000000000000E+00  0.100000000000E+01
 -0.000000000000E+00 -0.100000000000E+01  0.000000000000E+00
  0.000000000000E+00  0.000000000000E+00  0.000000000000E+00
  0.100000000000E+01  0.000000000000E+00  0.000000000000E+00
 -0.000000000000E+00  0.000000000000E+00 -0.100000000000E+01
 -0.000000000000E+00  0.100000000000E+01 -0.000000000000E+00
  0.000000000000E+00  0.000000000000E+00  0.000000000000E+00
 -0.100000000000E+01  0.000000000000E+00 -0.000000000000E+00
  0.000000000000E+00  0.000000000000E+00  0.100000000000E+01
  0.000000000000E+00  0.100000000000E+01  0.000000000000E+00
  0.995635188911E+01  0.746726391683E+01  0.746726391683E+01
 -0.000000000000E+00 -0.000000000000E+00  0.100000000000E+01
 -0.000000000000E+00  0.100000000000E+01 -0.000000000000E+00
 -0.100000000000E+01  0.000000000000E+00 -0.000000000000E+00
  0.497817594456E+01  0.000000000000E+00  0.497817594456E+01
  0.000000000000E+00 -0.000000000000E+00 -0.100000000000E+01
  0.000000000000E+00  0.100000000000E+01  0.000000000000E+00
  0.100000000000E+01  0.000000000000E+00  0.000000000000E+00
  0.497817594456E+01  0.746726391683E+01  0.248908797228E+01
 -0.000000000000E+00  0.000000000000E+00 -0.100000000000E+01
 -0.000000000000E+00 -0.100000000000E+01  0.000000000000E+00
 -0.100000000000E+01 -0.000000000000E+00  0.000000000000E+00
  0.497817594456E+01  0.000000000000E+00  0.497817594456E+01
 -0.100000000000E+01 -0.000000000000E+00  0.000000000000E+00
  0.000000000000E+00 -0.000000000000E+00 -0.100000000000E+01
  0.000000000000E+00 -0.100000000000E+01 -0.000000000000E+00
  0.995635188911E+01  0.746726391683E+01  0.746726391683E+01
 -0.100000000000E+01  0.000000000000E+00 -0.000000000000E+00
  0.000000000000E+00 -0.100000000000E+01 -0.000000000000E+00
  0.000000000000E+00 -0.000000000000E+00 -0.100000000000E+01
  0.995635188911E+01  0.746726391683E+01  0.746726391683E+01
  0.000000000000E+00  0.100000000000E+01 -0.000000000000E+00
 -0.100000000000E+01 -0.000000000000E+00 -0.000000000000E+00
 -0.000000000000E+00 -0.000000000000E+00 -0.100000000000E+01
  0.497817594456E+01  0.497817594456E+01  0.000000000000E+00
 -0.000000000000E+00 -0.100000000000E+01 -0.000000000000E+00
  0.100000000000E+01  0.000000000000E+00 -0.000000000000E+00
  0.000000000000E+00  0.000000000000E+00 -0.100000000000E+01
  0.497817594456E+01  0.248908797228E+01  0.746726391683E+01
  0.100000000000E+01 -0.000000000000E+00 -0.000000000000E+00
 -0.000000000000E+00  0.100000000000E+01 -0.000000000000E+00
 -0.000000000000E+00  0.000000000000E+00 -0.100000000000E+01
  0.000000000000E+00  0.000000000000E+00  0.000000000000E+00
 -0.100000000000E+01 -0.000000000000E+00  0.000000000000E+00
  0.000000000000E+00  0.100000000000E+01  0.000000000000E+00
  0.000000000000E+00  0.000000000000E+00  0.100000000000E+01
  0.995635188911E+01  0.746726391683E+01  0.746726391683E+01
 -0.000000000000E+00  0.100000000000E+01  0.000000000000E+00
  0.100000000000E+01 -0.000000000000E+00  0.000000000000E+00
  0.000000000000E+00 -0.000000000000E+00  0.100000000000E+01
  0.497817594456E+01  0.248908797228E+01  0.746726391683E+01
  0.100000000000E+01  0.000000000000E+00  0.000000000000E+00
 -0.000000000000E+00 -0.100000000000E+01  0.000000000000E+00
 -0.000000000000E+00 -0.000000000000E+00  0.100000000000E+01
  0.000000000000E+00  0.000000000000E+00  0.000000000000E+00
  0.000000000000E+00 -0.100000000000E+01  0.000000000000E+00
 -0.100000000000E+01  0.000000000000E+00  0.000000000000E+00
 -0.000000000000E+00  0.000000000000E+00  0.100000000000E+01
  0.497817594456E+01  0.497817594456E+01  0.000000000000E+00
  0.000000000000E+00 -0.000000000000E+00 -0.100000000000E+01
 -0.100000000000E+01 -0.000000000000E+00  0.000000000000E+00
 -0.000000000000E+00 -0.100000000000E+01  0.000000000000E+00
  0.497817594456E+01  0.497817594456E+01  0.000000000000E+00
 -0.000000000000E+00 -0.100000000000E+01  0.000000000000E+00
 -0.000000000000E+00  0.000000000000E+00 -0.100000000000E+01
 -0.100000000000E+01  0.000000000000E+00 -0.000000000000E+00
  0.497817594456E+01  0.000000000000E+00  0.497817594456E+01
 -0.000000000000E+00  0.000000000000E+00 -0.100000000000E+01
  0.100000000000E+01  0.000000000000E+00  0.000000000000E+00
  0.000000000000E+00  0.100000000000E+01  0.000000000000E+00
  0.497817594456E+01  0.248908797228E+01  0.746726391683E+01
 -0.000000000000E+00  0.100000000000E+01 -0.000000000000E+00
 -0.000000000000E+00 -0.000000000000E+00  0.100000000000E+01
 -0.100000000000E+01 -0.000000000000E+00  0.000000000000E+00
  0.497817594456E+01  0.000000000000E+00  0.497817594456E+01
  0.000000000000E+00  0.000000000000E+00  0.100000000000E+01
 -0.100000000000E+01  0.000000000000E+00 -0.000000000000E+00
 -0.000000000000E+00  0.100000000000E+01 -0.000000000000E+00
  0.497817594456E+01  0.497817594456E+01  0.000000000000E+00
  0.000000000000E+00 -0.100000000000E+01 -0.000000000000E+00
  0.000000000000E+00  0.000000000000E+00  0.100000000000E+01
  0.100000000000E+01  0.000000000000E+00  0.000000000000E+00
  0.497817594456E+01  0.746726391683E+01  0.248908797228E+01
 -0.000000000000E+00 -0.000000000000E+00  0.100000000000E+01
  0.100000000000E+01 -0.000000000000E+00 -0.000000000000E+00
  0.000000000000E+00 -0.100000000000E+01 -0.000000000000E+00
  0.497817594456E+01  0.248908797228E+01  0.746726391683E+01
  0.000000000000E+00  0.100000000000E+01  0.000000000000E+00
  0.000000000000E+00 -0.000000000000E+00 -0.100000000000E+01
  0.100000000000E+01 -0.000000000000E+00 -0.000000000000E+00
  0.497817594456E+01  0.746726391683E+01  0.248908797228E+01
 -0.000000000000E+00 -0.000000000000E+00 -0.100000000000E+01
 -0.000000000000E+00  0.100000000000E+01  0.000000000000E+00
 -0.100000000000E+01  0.000000000000E+00  0.000000000000E+00
  0.497817594456E+01  0.000000000000E+00  0.497817594456E+01
 -0.100000000000E+01  0.000000000000E+00  0.000000000000E+00
  0.000000000000E+00  0.000000000000E+00 -0.100000000000E+01
  0.000000000000E+00  0.100000000000E+01 -0.000000000000E+00
  0.995635188911E+01  0.746726391683E+01  0.746726391683E+01
 -0.100000000000E+01 -0.000000000000E+00 -0.000000000000E+00
  0.000000000000E+00 -0.000000000000E+00  0.100000000000E+01
  0.000000000000E+00 -0.100000000000E+01  0.000000000000E+00
  0.995635188911E+01  0.746726391683E+01  0.746726391683E+01
  0.100000000000E+01 -0.000000000000E+00  0.000000000000E+00
 -0.000000000000E+00 -0.000000000000E+00 -0.100000000000E+01
 -0.000000000000E+00 -0.100000000000E+01 -0.000000000000E+00
  0.000000000000E+00  0.000000000000E+00  0.000000000000E+00
  0.000000000000E+00  0.000000000000E+00 -0.100000000000E+01
  0.000000000000E+00 -0.100000000000E+01  0.000000000000E+00
  0.100000000000E+01 -0.000000000000E+00  0.000000000000E+00
  0.497817594456E+01  0.746726391683E+01  0.248908797228E+01
 -0.000000000000E+00  0.000000000000E+00  0.100000000000E+01
 -0.000000000000E+00 -0.100000000000E+01 -0.000000000000E+00
 -0.100000000000E+01 -0.000000000000E+00 -0.000000000000E+00
  0.497817594456E+01  0.000000000000E+00  0.497817594456E+01
  0.000000000000E+00 -0.000000000000E+00  0.100000000000E+01
  0.000000000000E+00  0.100000000000E+01 -0.000000000000E+00
  0.100000000000E+01  0.000000000000E+00 -0.000000000000E+00
  0.497817594456E+01  0.746726391683E+01  0.248908797228E+01
  0.100000000000E+01  0.000000000000E+00 -0.000000000000E+00
 -0.000000000000E+00  0.000000000000E+00  0.100000000000E+01
 -0.000000000000E+00  0.100000000000E+01  0.000000000000E+00
  0.000000000000E+00  0.000000000000E+00  0.000000000000E+00
   54
    3     -0.085601545964      0.000000000000      0.000000000000
    3      2.640695418534      2.337480526023     -0.000000000000
    3     -2.489087972278     -2.403486426315      0.000000000000
    3      2.640695418534      0.000000000000      2.337480526023
    3      4.978175944556      2.337480526023      2.337480526023
   22     -0.080464834919     -2.408623137359      2.408623137359
    3     -2.489087972278      0.000000000000     -2.403486426315
   22     -0.080464834919      2.408623137359     -2.408623137359
   22     -4.897711109637     -2.408623137359     -2.408623137359
   22     -0.080464834919      2.408623137359      2.408623137359
   22      2.569552807197      5.058640779475      2.408623137359
    3     -2.489087972278      0.000000000000      2.403486426315
   22      2.569552807197      2.408623137359      5.058640779475
    3      4.978175944556      5.129783390812      5.129783390812
    3     -0.151607446256      0.000000000000      5.129783390812
    3     -2.489087972278      2.403486426315      0.000000000000
    3     -0.151607446256      5.129783390812      0.000000000000
    3     -4.892574398593     -0.000000000000      0.000000000000
   22     -0.080464834919     -2.408623137359     -2.408623137359
    3      2.640695418534     -0.000000000000     -2.337480526023
    3     -2.489087972278     -5.129783390812     -2.337480526023
    3      2.640695418534     -2.337480526023     -0.000000000000
   22      4.978175944556     -0.000000000000     -0.000000000000
    3     -0.151607446256     -5.129783390812     -0.000000000000
    3     -2.489087972278     -2.337480526023     -5.129783390812
    3     -0.151607446256     -0.000000000000     -5.129783390812
   22     -4.897711109637     -5.058640779475     -5.058640779475
   16      2.386306266066      2.591869678491      2.591869678491
   16      4.978175944556      4.926117068958      2.541146847876
   16      0.052058875598     -0.000000000000      2.541146847876
   16      4.978175944556      2.541146847876      4.926117068958
   16      7.570045623047      4.875394238344      4.875394238344
   16      2.437029096680     -0.000000000000      4.926117068958
   16      0.052058875598      2.541146847876     -0.000000000000
   16      2.437029096680      4.926117068958      0.000000000000
   16     -2.489087972278     -0.000000000000     -0.000000000000
   16      2.386306266066      4.875394238344      4.875394238344
   16      4.978175944556      7.467263916834      5.021947692982
   16      0.102781706212      2.591869678491      4.875394238344
   16      4.978175944556      5.021947692982      7.467263916834
   16      7.423492168408      7.467263916834      7.467263916834
   16      2.437029096680      2.541146847876      7.467263916834
   16      0.102781706212      4.875394238344      2.591869678491
   16      2.437029096680      7.467263916834      2.541146847876
   16     -2.489087972278      2.541146847876      2.541146847876
   16      2.532859720704     -0.000000000000     -0.000000000000
   16      4.978175944556      2.445316223852     -0.000000000000
   16      0.052058875598     -2.541146847876     -0.000000000000
   16      4.978175944556     -0.000000000000      2.445316223852
   16      7.570045623047      2.591869678491      2.591869678491
   16      2.386306266066     -2.591869678491      2.591869678491
   16      0.052058875598     -0.000000000000     -2.541146847876
   16      2.386306266066      2.591869678491     -2.591869678491
   16     -2.489087972278     -2.541146847876     -2.541146847876
  225   48
