   3   1   1 E -1.8527572280797E+04 DE-1.6E-08(  3)
  0.000000000000E+00  0.746738223035E+01  0.746738223035E+01
  0.746738223035E+01  0.000000000000E+00  0.746738223035E+01
  0.746738223035E+01  0.746738223035E+01  0.000000000000E+00
   48
  0.100000000000E+01 -0.000000000000E+00  0.000000000000E+00
 -0.000000000000E+00  0.100000000000E+01  0.000000000000E+00
 -0.000000000000E+00  0.000000000000E+00  0.100000000000E+01
  0.000000000000E+00  0.000000000000E+00  0.000000000000E+00
 -0.000000000000E+00 -0.100000000000E+01  0.000000000000E+00
  0.100000000000E+01  0.000000000000E+00  0.000000000000E+00
  0.000000000000E+00  0.000000000000E+00  0.100000000000E+01
  0.497825482024E+01  0.248912741012E+01  0.746738223035E+01
  0.000000000000E+00  0.100000000000E+01  0.000000000000E+00
 -0.100000000000E+01 -0.000000000000E+00  0.000000000000E+00
 -0.000000000000E+00 -0.000000000000E+00  0.100000000000E+01
  0.497825482024E+01  0.497825482024E+01  0.000000000000E+00
 -0.100000000000E+01  0.000000000000E+00  0.000000000000E+00
  0.000000000000E+00 -0.100000000000E+01  0.000000000000E+00
  0.000000000000E+00 -0.000000000000E+00  0.100000000000E+01
  0.995650964047E+01  0.746738223035E+01  0.746738223035E+01
  0.100000000000E+01  0.000000000000E+00 -0.000000000000E+00
 -0.000000000000E+00 -0.100000000000E+01 -0.000000000000E+00
 -0.000000000000E+00 -0.000000000000E+00 -0.100000000000E+01
  0.000000000000E+00  0.000000000000E+00  0.000000000000E+00
  0.000000000000E+00 -0.100000000000E+01 -0.000000000000E+00
 -0.100000000000E+01  0.000000000000E+00 -0.000000000000E+00
 -0.000000000000E+00  0.000000000000E+00 -0.100000000000E+01
  0.497825482024E+01  0.497825482024E+01  0.000000000000E+00
 -0.100000000000E+01 -0.000000000000E+00 -0.000000000000E+00
  0.000000000000E+00  0.100000000000E+01 -0.000000000000E+00
  0.000000000000E+00  0.000000000000E+00 -0.100000000000E+01
  0.995650964047E+01  0.746738223035E+01  0.746738223035E+01
 -0.000000000000E+00  0.100000000000E+01 -0.000000000000E+00
  0.100000000000E+01 -0.000000000000E+00 -0.000000000000E+00
  0.000000000000E+00 -0.000000000000E+00 -0.100000000000E+01
  0.497825482024E+01  0.248912741012E+01  0.746738223035E+01
 -0.000000000000E+00  0.000000000000E+00  0.100000000000E+01
  0.100000000000E+01  0.000000000000E+00 -0.000000000000E+00
  0.000000000000E+00  0.100000000000E+01 -0.000000000000E+00
  0.497825482024E+01  0.248912741012E+01  0.746738223035E+01
  0.000000000000E+00  0.100000000000E+01 -0.000000000000E+00
  0.000000000000E+00 -0.000000000000E+00  0.100000000000E+01
  0.100000000000E+01 -0.000000000000E+00  0.000000000000E+00
  0.497825482024E+01  0.746738223035E+01  0.248912741012E+01
  0.000000000000E+00 -0.000000000000E+00  0.100000000000E+01
 -0.100000000000E+01 -0.000000000000E+00 -0.000000000000E+00
 -0.000000000000E+00 -0.100000000000E+01 -0.000000000000E+00
  0.497825482024E+01  0.497825482024E+01  0.000000000000E+00
  0.000000000000E+00 -0.100000000000E+01  0.000000000000E+00
  0.000000000000E+00  0.000000000000E+00 -0.100000000000E+01
  0.100000000000E+01  0.000000000000E+00 -0.000000000000E+00
  0.497825482024E+01  0.746738223035E+01  0.248912741012E+01
 -0.000000000000E+00 -0.000000000000E+00 -0.100000000000E+01
  0.100000000000E+01 -0.000000000000E+00  0.000000000000E+00
  0.000000000000E+00 -0.100000000000E+01  0.000000000000E+00
  0.497825482024E+01  0.248912741012E+01  0.746738223035E+01
 -0.000000000000E+00  0.100000000000E+01  0.000000000000E+00
 -0.000000000000E+00 -0.000000000000E+00 -0.100000000000E+01
 -0.100000000000E+01 -0.000000000000E+00 -0.000000000000E+00
  0.497825482024E+01  0.000000000000E+00  0.497825482024E+01
  0.000000000000E+00  0.000000000000E+00 -0.100000000000E+01
 -0.100000000000E+01  0.000000000000E+00  0.000000000000E+00
 -0.000000000000E+00  0.100000000000E+01  0.000000000000E+00
  0.497825482024E+01  0.497825482024E+01  0.000000000000E+00
 -0.000000000000E+00 -0.100000000000E+01 -0.000000000000E+00
 -0.000000000000E+00  0.000000000000E+00  0.100000000000E+01
 -0.100000000000E+01  0.000000000000E+00  0.000000000000E+00
  0.497825482024E+01  0.000000000000E+00  0.497825482024E+01
  0.000000000000E+00  0.000000000000E+00  0.100000000000E+01
  0.000000000000E+00 -0.100000000000E+01 -0.000000000000E+00
  0.100000000000E+01 -0.000000000000E+00 -0.000000000000E+00
  0.497825482024E+01  0.746738223035E+01  0.248912741012E+01
  0.100000000000E+01 -0.000000000000E+00 -0.000000000000E+00
 -0.000000000000E+00 -0.000000000000E+00  0.100000000000E+01
 -0.000000000000E+00 -0.100000000000E+01  0.000000000000E+00
  0.000000000000E+00  0.000000000000E+00  0.000000000000E+00
  0.100000000000E+01  0.000000000000E+00  0.000000000000E+00
 -0.000000000000E+00  0.000000000000E+00 -0.100000000000E+01
 -0.000000000000E+00  0.100000000000E+01 -0.000000000000E+00
  0.000000000000E+00  0.000000000000E+00  0.000000000000E+00
 -0.100000000000E+01  0.000000000000E+00 -0.000000000000E+00
  0.000000000000E+00  0.000000000000E+00  0.100000000000E+01
  0.000000000000E+00  0.100000000000E+01  0.000000000000E+00
  0.995650964047E+01  0.746738223035E+01  0.746738223035E+01
 -0.000000000000E+00 -0.000000000000E+00  0.100000000000E+01
 -0.000000000000E+00  0.100000000000E+01 -0.000000000000E+00
 -0.100000000000E+01  0.000000000000E+00 -0.000000000000E+00
  0.497825482024E+01  0.000000000000E+00  0.497825482024E+01
  0.000000000000E+00 -0.000000000000E+00 -0.100000000000E+01
  0.000000000000E+00  0.100000000000E+01  0.000000000000E+00
  0.100000000000E+01  0.000000000000E+00  0.000000000000E+00
  0.497825482024E+01  0.746738223035E+01  0.248912741012E+01
 -0.000000000000E+00  0.000000000000E+00 -0.100000000000E+01
 -0.000000000000E+00 -0.100000000000E+01  0.000000000000E+00
 -0.100000000000E+01 -0.000000000000E+00  0.000000000000E+00
  0.497825482024E+01  0.000000000000E+00  0.497825482024E+01
 -0.100000000000E+01 -0.000000000000E+00  0.000000000000E+00
  0.000000000000E+00 -0.000000000000E+00 -0.100000000000E+01
  0.000000000000E+00 -0.100000000000E+01 -0.000000000000E+00
  0.995650964047E+01  0.746738223035E+01  0.746738223035E+01
 -0.100000000000E+01  0.000000000000E+00 -0.000000000000E+00
  0.000000000000E+00 -0.100000000000E+01 -0.000000000000E+00
  0.000000000000E+00 -0.000000000000E+00 -0.100000000000E+01
  0.995650964047E+01  0.746738223035E+01  0.746738223035E+01
  0.000000000000E+00  0.100000000000E+01 -0.000000000000E+00
 -0.100000000000E+01 -0.000000000000E+00 -0.000000000000E+00
 -0.000000000000E+00 -0.000000000000E+00 -0.100000000000E+01
  0.497825482024E+01  0.497825482024E+01  0.000000000000E+00
 -0.000000000000E+00 -0.100000000000E+01 -0.000000000000E+00
  0.100000000000E+01  0.000000000000E+00 -0.000000000000E+00
  0.000000000000E+00  0.000000000000E+00 -0.100000000000E+01
  0.497825482024E+01  0.248912741012E+01  0.746738223035E+01
  0.100000000000E+01 -0.000000000000E+00 -0.000000000000E+00
 -0.000000000000E+00  0.100000000000E+01 -0.000000000000E+00
 -0.000000000000E+00  0.000000000000E+00 -0.100000000000E+01
  0.000000000000E+00  0.000000000000E+00  0.000000000000E+00
 -0.100000000000E+01 -0.000000000000E+00  0.000000000000E+00
  0.000000000000E+00  0.100000000000E+01  0.000000000000E+00
  0.000000000000E+00  0.000000000000E+00  0.100000000000E+01
  0.995650964047E+01  0.746738223035E+01  0.746738223035E+01
 -0.000000000000E+00  0.100000000000E+01  0.000000000000E+00
  0.100000000000E+01 -0.000000000000E+00  0.000000000000E+00
  0.000000000000E+00 -0.000000000000E+00  0.100000000000E+01
  0.497825482024E+01  0.248912741012E+01  0.746738223035E+01
  0.100000000000E+01  0.000000000000E+00  0.000000000000E+00
 -0.000000000000E+00 -0.100000000000E+01  0.000000000000E+00
 -0.000000000000E+00 -0.000000000000E+00  0.100000000000E+01
  0.000000000000E+00  0.000000000000E+00  0.000000000000E+00
  0.000000000000E+00 -0.100000000000E+01  0.000000000000E+00
 -0.100000000000E+01  0.000000000000E+00  0.000000000000E+00
 -0.000000000000E+00  0.000000000000E+00  0.100000000000E+01
  0.497825482024E+01  0.497825482024E+01  0.000000000000E+00
  0.000000000000E+00 -0.000000000000E+00 -0.100000000000E+01
 -0.100000000000E+01 -0.000000000000E+00  0.000000000000E+00
 -0.000000000000E+00 -0.100000000000E+01  0.000000000000E+00
  0.497825482024E+01  0.497825482024E+01  0.000000000000E+00
 -0.000000000000E+00 -0.100000000000E+01  0.000000000000E+00
 -0.000000000000E+00  0.000000000000E+00 -0.100000000000E+01
 -0.100000000000E+01  0.000000000000E+00 -0.000000000000E+00
  0.497825482024E+01  0.000000000000E+00  0.497825482024E+01
 -0.000000000000E+00  0.000000000000E+00 -0.100000000000E+01
  0.100000000000E+01  0.000000000000E+00  0.000000000000E+00
  0.000000000000E+00  0.100000000000E+01  0.000000000000E+00
  0.497825482024E+01  0.248912741012E+01  0.746738223035E+01
 -0.000000000000E+00  0.100000000000E+01 -0.000000000000E+00
 -0.000000000000E+00 -0.000000000000E+00  0.100000000000E+01
 -0.100000000000E+01 -0.000000000000E+00  0.000000000000E+00
  0.497825482024E+01  0.000000000000E+00  0.497825482024E+01
  0.000000000000E+00  0.000000000000E+00  0.100000000000E+01
 -0.100000000000E+01  0.000000000000E+00 -0.000000000000E+00
 -0.000000000000E+00  0.100000000000E+01 -0.000000000000E+00
  0.497825482024E+01  0.497825482024E+01  0.000000000000E+00
  0.000000000000E+00 -0.100000000000E+01 -0.000000000000E+00
  0.000000000000E+00  0.000000000000E+00  0.100000000000E+01
  0.100000000000E+01  0.000000000000E+00  0.000000000000E+00
  0.497825482024E+01  0.746738223035E+01  0.248912741012E+01
 -0.000000000000E+00 -0.000000000000E+00  0.100000000000E+01
  0.100000000000E+01 -0.000000000000E+00 -0.000000000000E+00
  0.000000000000E+00 -0.100000000000E+01 -0.000000000000E+00
  0.497825482024E+01  0.248912741012E+01  0.746738223035E+01
  0.000000000000E+00  0.100000000000E+01  0.000000000000E+00
  0.000000000000E+00 -0.000000000000E+00 -0.100000000000E+01
  0.100000000000E+01 -0.000000000000E+00 -0.000000000000E+00
  0.497825482024E+01  0.746738223035E+01  0.248912741012E+01
 -0.000000000000E+00 -0.000000000000E+00 -0.100000000000E+01
 -0.000000000000E+00  0.100000000000E+01  0.000000000000E+00
 -0.100000000000E+01  0.000000000000E+00  0.000000000000E+00
  0.497825482024E+01  0.000000000000E+00  0.497825482024E+01
 -0.100000000000E+01  0.000000000000E+00  0.000000000000E+00
  0.000000000000E+00  0.000000000000E+00 -0.100000000000E+01
  0.000000000000E+00  0.100000000000E+01 -0.000000000000E+00
  0.995650964047E+01  0.746738223035E+01  0.746738223035E+01
 -0.100000000000E+01 -0.000000000000E+00 -0.000000000000E+00
  0.000000000000E+00 -0.000000000000E+00  0.100000000000E+01
  0.000000000000E+00 -0.100000000000E+01  0.000000000000E+00
  0.995650964047E+01  0.746738223035E+01  0.746738223035E+01
  0.100000000000E+01 -0.000000000000E+00  0.000000000000E+00
 -0.000000000000E+00 -0.000000000000E+00 -0.100000000000E+01
 -0.000000000000E+00 -0.100000000000E+01 -0.000000000000E+00
  0.000000000000E+00  0.000000000000E+00  0.000000000000E+00
  0.000000000000E+00  0.000000000000E+00 -0.100000000000E+01
  0.000000000000E+00 -0.100000000000E+01  0.000000000000E+00
  0.100000000000E+01 -0.000000000000E+00  0.000000000000E+00
  0.497825482024E+01  0.746738223035E+01  0.248912741012E+01
 -0.000000000000E+00  0.000000000000E+00  0.100000000000E+01
 -0.000000000000E+00 -0.100000000000E+01 -0.000000000000E+00
 -0.100000000000E+01 -0.000000000000E+00 -0.000000000000E+00
  0.497825482024E+01  0.000000000000E+00  0.497825482024E+01
  0.000000000000E+00 -0.000000000000E+00  0.100000000000E+01
  0.000000000000E+00  0.100000000000E+01 -0.000000000000E+00
  0.100000000000E+01  0.000000000000E+00 -0.000000000000E+00
  0.497825482024E+01  0.746738223035E+01  0.248912741012E+01
  0.100000000000E+01  0.000000000000E+00 -0.000000000000E+00
 -0.000000000000E+00  0.000000000000E+00  0.100000000000E+01
 -0.000000000000E+00  0.100000000000E+01  0.000000000000E+00
  0.000000000000E+00  0.000000000000E+00  0.000000000000E+00
   54
    3     -0.085760971987      0.000000000000      0.000000000000
    3      2.640725143209      2.337529677026     -0.000000000000
    3     -2.489127410118     -2.403366438131      0.000000000000
    3      2.640725143209      0.000000000000      2.337529677026
    3      4.978254820236      2.337529677026      2.337529677026
   22     -0.080478387937     -2.408649022181      2.408649022181
    3     -2.489127410118      0.000000000000     -2.403366438131
   22     -0.080478387937      2.408649022181     -2.408649022181
   22     -4.897776432299     -2.408649022181     -2.408649022181
   22     -0.080478387937      2.408649022181      2.408649022181
   22      2.569605798055      5.058733208172      2.408649022181
    3     -2.489127410118      0.000000000000      2.403366438131
   22      2.569605798055      2.408649022181      5.058733208172
    3      4.978254820236      5.129852553327      5.129852553327
    3     -0.151597733092      0.000000000000      5.129852553327
    3     -2.489127410118      2.403366438131      0.000000000000
    3     -0.151597733092      5.129852553327      0.000000000000
    3     -4.892493848249     -0.000000000000      0.000000000000
   22     -0.080478387937     -2.408649022181     -2.408649022181
    3      2.640725143209     -0.000000000000     -2.337529677026
    3     -2.489127410118     -5.129852553327     -2.337529677026
    3      2.640725143209     -2.337529677026     -0.000000000000
   22      4.978254820236     -0.000000000000     -0.000000000000
    3     -0.151597733092     -5.129852553327     -0.000000000000
    3     -2.489127410118     -2.337529677026     -5.129852553327
    3     -0.151597733092     -0.000000000000     -5.129852553327
   22     -4.897776432299     -5.058733208172     -5.058733208172
   16      2.386269414420      2.591985405816      2.591985405816
   16      4.978254820236      4.925881408642      2.541500821711
   16      0.052373411593     -0.000000000000      2.541500821711
   16      4.978254820236      2.541500821711      4.925881408642
   16      7.570240226051      4.875396824538      4.875396824538
   16      2.436753998524     -0.000000000000      4.925881408642
   16      0.052373411593      2.541500821711     -0.000000000000
   16      2.436753998524      4.925881408642      0.000000000000
   16     -2.489127410118     -0.000000000000     -0.000000000000
   16      2.386269414420      4.875396824538      4.875396824538
   16      4.978254820236      7.467382230354      5.022338959723
   16      0.102857995698      2.591985405816      4.875396824538
   16      4.978254820236      5.022338959723      7.467382230354
   16      7.423298090867      7.467382230354      7.467382230354
   16      2.436753998524      2.541500821711      7.467382230354
   16      0.102857995698      4.875396824538      2.591985405816
   16      2.436753998524      7.467382230354      2.541500821711
   16     -2.489127410118      2.541500821711      2.541500821711
   16      2.533211549605     -0.000000000000     -0.000000000000
   16      4.978254820236      2.445043270631     -0.000000000000
   16      0.052373411593     -2.541500821711     -0.000000000000
   16      4.978254820236     -0.000000000000      2.445043270631
   16      7.570240226051      2.591985405816      2.591985405816
   16      2.386269414420     -2.591985405816      2.591985405816
   16      0.052373411593     -0.000000000000     -2.541500821711
   16      2.386269414420      2.591985405816     -2.591985405816
   16     -2.489127410118     -2.541500821711     -2.541500821711
  225   48
