   3   1   1 E -1.8527572280497E+04 DE 3.4E-10(  3)
  0.000000000000E+00  0.746742071555E+01  0.746742071555E+01
  0.746742071555E+01  0.000000000000E+00  0.746742071555E+01
  0.746742071555E+01  0.746742071555E+01  0.000000000000E+00
   48
  0.100000000000E+01 -0.000000000000E+00  0.000000000000E+00
 -0.000000000000E+00  0.100000000000E+01  0.000000000000E+00
 -0.000000000000E+00  0.000000000000E+00  0.100000000000E+01
  0.000000000000E+00  0.000000000000E+00  0.000000000000E+00
 -0.000000000000E+00 -0.100000000000E+01  0.000000000000E+00
  0.100000000000E+01  0.000000000000E+00  0.000000000000E+00
  0.000000000000E+00  0.000000000000E+00  0.100000000000E+01
  0.497828047704E+01  0.248914023852E+01  0.746742071555E+01
  0.000000000000E+00  0.100000000000E+01  0.000000000000E+00
 -0.100000000000E+01 -0.000000000000E+00  0.000000000000E+00
 -0.000000000000E+00 -0.000000000000E+00  0.100000000000E+01
  0.497828047704E+01  0.497828047704E+01  0.000000000000E+00
 -0.100000000000E+01  0.000000000000E+00  0.000000000000E+00
  0.000000000000E+00 -0.100000000000E+01  0.000000000000E+00
  0.000000000000E+00 -0.000000000000E+00  0.100000000000E+01
  0.995656095407E+01  0.746742071555E+01  0.746742071555E+01
  0.100000000000E+01  0.000000000000E+00 -0.000000000000E+00
 -0.000000000000E+00 -0.100000000000E+01 -0.000000000000E+00
 -0.000000000000E+00 -0.000000000000E+00 -0.100000000000E+01
  0.000000000000E+00  0.000000000000E+00  0.000000000000E+00
  0.000000000000E+00 -0.100000000000E+01 -0.000000000000E+00
 -0.100000000000E+01  0.000000000000E+00 -0.000000000000E+00
 -0.000000000000E+00  0.000000000000E+00 -0.100000000000E+01
  0.497828047704E+01  0.497828047704E+01  0.000000000000E+00
 -0.100000000000E+01 -0.000000000000E+00 -0.000000000000E+00
  0.000000000000E+00  0.100000000000E+01 -0.000000000000E+00
  0.000000000000E+00  0.000000000000E+00 -0.100000000000E+01
  0.995656095407E+01  0.746742071555E+01  0.746742071555E+01
 -0.000000000000E+00  0.100000000000E+01 -0.000000000000E+00
  0.100000000000E+01 -0.000000000000E+00 -0.000000000000E+00
  0.000000000000E+00 -0.000000000000E+00 -0.100000000000E+01
  0.497828047704E+01  0.248914023852E+01  0.746742071555E+01
 -0.000000000000E+00  0.000000000000E+00  0.100000000000E+01
  0.100000000000E+01  0.000000000000E+00 -0.000000000000E+00
  0.000000000000E+00  0.100000000000E+01 -0.000000000000E+00
  0.497828047704E+01  0.248914023852E+01  0.746742071555E+01
  0.000000000000E+00  0.100000000000E+01 -0.000000000000E+00
  0.000000000000E+00 -0.000000000000E+00  0.100000000000E+01
  0.100000000000E+01 -0.000000000000E+00  0.000000000000E+00
  0.497828047704E+01  0.746742071555E+01  0.248914023852E+01
  0.000000000000E+00 -0.000000000000E+00  0.100000000000E+01
 -0.100000000000E+01 -0.000000000000E+00 -0.000000000000E+00
 -0.000000000000E+00 -0.100000000000E+01 -0.000000000000E+00
  0.497828047704E+01  0.497828047704E+01  0.000000000000E+00
  0.000000000000E+00 -0.100000000000E+01  0.000000000000E+00
  0.000000000000E+00  0.000000000000E+00 -0.100000000000E+01
  0.100000000000E+01  0.000000000000E+00 -0.000000000000E+00
  0.497828047704E+01  0.746742071555E+01  0.248914023852E+01
 -0.000000000000E+00 -0.000000000000E+00 -0.100000000000E+01
  0.100000000000E+01 -0.000000000000E+00  0.000000000000E+00
  0.000000000000E+00 -0.100000000000E+01  0.000000000000E+00
  0.497828047704E+01  0.248914023852E+01  0.746742071555E+01
 -0.000000000000E+00  0.100000000000E+01  0.000000000000E+00
 -0.000000000000E+00 -0.000000000000E+00 -0.100000000000E+01
 -0.100000000000E+01 -0.000000000000E+00 -0.000000000000E+00
  0.497828047704E+01  0.000000000000E+00  0.497828047704E+01
  0.000000000000E+00  0.000000000000E+00 -0.100000000000E+01
 -0.100000000000E+01  0.000000000000E+00  0.000000000000E+00
 -0.000000000000E+00  0.100000000000E+01  0.000000000000E+00
  0.497828047704E+01  0.497828047704E+01  0.000000000000E+00
 -0.000000000000E+00 -0.100000000000E+01 -0.000000000000E+00
 -0.000000000000E+00  0.000000000000E+00  0.100000000000E+01
 -0.100000000000E+01  0.000000000000E+00  0.000000000000E+00
  0.497828047704E+01  0.000000000000E+00  0.497828047704E+01
  0.000000000000E+00  0.000000000000E+00  0.100000000000E+01
  0.000000000000E+00 -0.100000000000E+01 -0.000000000000E+00
  0.100000000000E+01 -0.000000000000E+00 -0.000000000000E+00
  0.497828047704E+01  0.746742071555E+01  0.248914023852E+01
  0.100000000000E+01 -0.000000000000E+00 -0.000000000000E+00
 -0.000000000000E+00 -0.000000000000E+00  0.100000000000E+01
 -0.000000000000E+00 -0.100000000000E+01  0.000000000000E+00
  0.000000000000E+00  0.000000000000E+00  0.000000000000E+00
  0.100000000000E+01  0.000000000000E+00  0.000000000000E+00
 -0.000000000000E+00  0.000000000000E+00 -0.100000000000E+01
 -0.000000000000E+00  0.100000000000E+01 -0.000000000000E+00
  0.000000000000E+00  0.000000000000E+00  0.000000000000E+00
 -0.100000000000E+01  0.000000000000E+00 -0.000000000000E+00
  0.000000000000E+00  0.000000000000E+00  0.100000000000E+01
  0.000000000000E+00  0.100000000000E+01  0.000000000000E+00
  0.995656095407E+01  0.746742071555E+01  0.746742071555E+01
 -0.000000000000E+00 -0.000000000000E+00  0.100000000000E+01
 -0.000000000000E+00  0.100000000000E+01 -0.000000000000E+00
 -0.100000000000E+01  0.000000000000E+00 -0.000000000000E+00
  0.497828047704E+01  0.000000000000E+00  0.497828047704E+01
  0.000000000000E+00 -0.000000000000E+00 -0.100000000000E+01
  0.000000000000E+00  0.100000000000E+01  0.000000000000E+00
  0.100000000000E+01  0.000000000000E+00  0.000000000000E+00
  0.497828047704E+01  0.746742071555E+01  0.248914023852E+01
 -0.000000000000E+00  0.000000000000E+00 -0.100000000000E+01
 -0.000000000000E+00 -0.100000000000E+01  0.000000000000E+00
 -0.100000000000E+01 -0.000000000000E+00  0.000000000000E+00
  0.497828047704E+01  0.000000000000E+00  0.497828047704E+01
 -0.100000000000E+01 -0.000000000000E+00  0.000000000000E+00
  0.000000000000E+00 -0.000000000000E+00 -0.100000000000E+01
  0.000000000000E+00 -0.100000000000E+01 -0.000000000000E+00
  0.995656095407E+01  0.746742071555E+01  0.746742071555E+01
 -0.100000000000E+01  0.000000000000E+00 -0.000000000000E+00
  0.000000000000E+00 -0.100000000000E+01 -0.000000000000E+00
  0.000000000000E+00 -0.000000000000E+00 -0.100000000000E+01
  0.995656095407E+01  0.746742071555E+01  0.746742071555E+01
  0.000000000000E+00  0.100000000000E+01 -0.000000000000E+00
 -0.100000000000E+01 -0.000000000000E+00 -0.000000000000E+00
 -0.000000000000E+00 -0.000000000000E+00 -0.100000000000E+01
  0.497828047704E+01  0.497828047704E+01  0.000000000000E+00
 -0.000000000000E+00 -0.100000000000E+01 -0.000000000000E+00
  0.100000000000E+01  0.000000000000E+00 -0.000000000000E+00
  0.000000000000E+00  0.000000000000E+00 -0.100000000000E+01
  0.497828047704E+01  0.248914023852E+01  0.746742071555E+01
  0.100000000000E+01 -0.000000000000E+00 -0.000000000000E+00
 -0.000000000000E+00  0.100000000000E+01 -0.000000000000E+00
 -0.000000000000E+00  0.000000000000E+00 -0.100000000000E+01
  0.000000000000E+00  0.000000000000E+00  0.000000000000E+00
 -0.100000000000E+01 -0.000000000000E+00  0.000000000000E+00
  0.000000000000E+00  0.100000000000E+01  0.000000000000E+00
  0.000000000000E+00  0.000000000000E+00  0.100000000000E+01
  0.995656095407E+01  0.746742071555E+01  0.746742071555E+01
 -0.000000000000E+00  0.100000000000E+01  0.000000000000E+00
  0.100000000000E+01 -0.000000000000E+00  0.000000000000E+00
  0.000000000000E+00 -0.000000000000E+00  0.100000000000E+01
  0.497828047704E+01  0.248914023852E+01  0.746742071555E+01
  0.100000000000E+01  0.000000000000E+00  0.000000000000E+00
 -0.000000000000E+00 -0.100000000000E+01  0.000000000000E+00
 -0.000000000000E+00 -0.000000000000E+00  0.100000000000E+01
  0.000000000000E+00  0.000000000000E+00  0.000000000000E+00
  0.000000000000E+00 -0.100000000000E+01  0.000000000000E+00
 -0.100000000000E+01  0.000000000000E+00  0.000000000000E+00
 -0.000000000000E+00  0.000000000000E+00  0.100000000000E+01
  0.497828047704E+01  0.497828047704E+01  0.000000000000E+00
  0.000000000000E+00 -0.000000000000E+00 -0.100000000000E+01
 -0.100000000000E+01 -0.000000000000E+00  0.000000000000E+00
 -0.000000000000E+00 -0.100000000000E+01  0.000000000000E+00
  0.497828047704E+01  0.497828047704E+01  0.000000000000E+00
 -0.000000000000E+00 -0.100000000000E+01  0.000000000000E+00
 -0.000000000000E+00  0.000000000000E+00 -0.100000000000E+01
 -0.100000000000E+01  0.000000000000E+00 -0.000000000000E+00
  0.497828047704E+01  0.000000000000E+00  0.497828047704E+01
 -0.000000000000E+00  0.000000000000E+00 -0.100000000000E+01
  0.100000000000E+01  0.000000000000E+00  0.000000000000E+00
  0.000000000000E+00  0.100000000000E+01  0.000000000000E+00
  0.497828047704E+01  0.248914023852E+01  0.746742071555E+01
 -0.000000000000E+00  0.100000000000E+01 -0.000000000000E+00
 -0.000000000000E+00 -0.000000000000E+00  0.100000000000E+01
 -0.100000000000E+01 -0.000000000000E+00  0.000000000000E+00
  0.497828047704E+01  0.000000000000E+00  0.497828047704E+01
  0.000000000000E+00  0.000000000000E+00  0.100000000000E+01
 -0.100000000000E+01  0.000000000000E+00 -0.000000000000E+00
 -0.000000000000E+00  0.100000000000E+01 -0.000000000000E+00
  0.497828047704E+01  0.497828047704E+01  0.000000000000E+00
  0.000000000000E+00 -0.100000000000E+01 -0.000000000000E+00
  0.000000000000E+00  0.000000000000E+00  0.100000000000E+01
  0.100000000000E+01  0.000000000000E+00  0.000000000000E+00
  0.497828047704E+01  0.746742071555E+01  0.248914023852E+01
 -0.000000000000E+00 -0.000000000000E+00  0.100000000000E+01
  0.100000000000E+01 -0.000000000000E+00 -0.000000000000E+00
  0.000000000000E+00 -0.100000000000E+01 -0.000000000000E+00
  0.497828047704E+01  0.248914023852E+01  0.746742071555E+01
  0.000000000000E+00  0.100000000000E+01  0.000000000000E+00
  0.000000000000E+00 -0.000000000000E+00 -0.100000000000E+01
  0.100000000000E+01 -0.000000000000E+00 -0.000000000000E+00
  0.497828047704E+01  0.746742071555E+01  0.248914023852E+01
 -0.000000000000E+00 -0.000000000000E+00 -0.100000000000E+01
 -0.000000000000E+00  0.100000000000E+01  0.000000000000E+00
 -0.100000000000E+01  0.000000000000E+00  0.000000000000E+00
  0.497828047704E+01  0.000000000000E+00  0.497828047704E+01
 -0.100000000000E+01  0.000000000000E+00  0.000000000000E+00
  0.000000000000E+00  0.000000000000E+00 -0.100000000000E+01
  0.000000000000E+00  0.100000000000E+01 -0.000000000000E+00
  0.995656095407E+01  0.746742071555E+01  0.746742071555E+01
 -0.100000000000E+01 -0.000000000000E+00 -0.000000000000E+00
  0.000000000000E+00 -0.000000000000E+00  0.100000000000E+01
  0.000000000000E+00 -0.100000000000E+01  0.000000000000E+00
  0.995656095407E+01  0.746742071555E+01  0.746742071555E+01
  0.100000000000E+01 -0.000000000000E+00  0.000000000000E+00
 -0.000000000000E+00 -0.000000000000E+00 -0.100000000000E+01
 -0.000000000000E+00 -0.100000000000E+01 -0.000000000000E+00
  0.000000000000E+00  0.000000000000E+00  0.000000000000E+00
  0.000000000000E+00  0.000000000000E+00 -0.100000000000E+01
  0.000000000000E+00 -0.100000000000E+01  0.000000000000E+00
  0.100000000000E+01 -0.000000000000E+00  0.000000000000E+00
  0.497828047704E+01  0.746742071555E+01  0.248914023852E+01
 -0.000000000000E+00  0.000000000000E+00  0.100000000000E+01
 -0.000000000000E+00 -0.100000000000E+01 -0.000000000000E+00
 -0.100000000000E+01 -0.000000000000E+00 -0.000000000000E+00
  0.497828047704E+01  0.000000000000E+00  0.497828047704E+01
  0.000000000000E+00 -0.000000000000E+00  0.100000000000E+01
  0.000000000000E+00  0.100000000000E+01 -0.000000000000E+00
  0.100000000000E+01  0.000000000000E+00 -0.000000000000E+00
  0.497828047704E+01  0.746742071555E+01  0.248914023852E+01
  0.100000000000E+01  0.000000000000E+00 -0.000000000000E+00
 -0.000000000000E+00  0.000000000000E+00  0.100000000000E+01
 -0.000000000000E+00  0.100000000000E+01  0.000000000000E+00
  0.000000000000E+00  0.000000000000E+00  0.000000000000E+00
   54
    3     -0.085818608696      0.000000000000      0.000000000000
    3      2.640731875114      2.337548601921     -0.000000000000
    3     -2.489140238518     -2.403321629821      0.000000000000
    3      2.640731875114      0.000000000000      2.337548601921
    3      4.978280477035      2.337548601921      2.337548601921
   22     -0.080485885407     -2.408654353110      2.408654353110
    3     -2.489140238518      0.000000000000     -2.403321629821
   22     -0.080485885407      2.408654353110     -2.408654353110
   22     -4.897794591628     -2.408654353110     -2.408654353110
   22     -0.080485885407      2.408654353110      2.408654353110
   22      2.569626123925      5.058766362443      2.408654353110
    3     -2.489140238518      0.000000000000      2.403321629821
   22      2.569626123925      2.408654353110      5.058766362443
    3      4.978280477035      5.129872113632      5.129872113632
    3     -0.151591636596      0.000000000000      5.129872113632
    3     -2.489140238518      2.403321629821      0.000000000000
    3     -0.151591636596      5.129872113632      0.000000000000
    3     -4.892461868339     -0.000000000000      0.000000000000
   22     -0.080485885407     -2.408654353110     -2.408654353110
    3      2.640731875114     -0.000000000000     -2.337548601921
    3     -2.489140238518     -5.129872113632     -2.337548601921
    3      2.640731875114     -2.337548601921     -0.000000000000
   22      4.978280477035     -0.000000000000     -0.000000000000
    3     -0.151591636596     -5.129872113632     -0.000000000000
    3     -2.489140238518     -2.337548601921     -5.129872113632
    3     -0.151591636596     -0.000000000000     -5.129872113632
   22     -4.897794591628     -5.058766362443     -5.058766362443
   16      2.386251107910      2.592029369125      2.592029369125
   16      4.978280477035      4.925789738330      2.541630977223
   16      0.052490738705     -0.000000000000      2.541630977223
   16      4.978280477035      2.541630977223      4.925789738330
   16      7.570309846160      4.875391346428      4.875391346428
   16      2.436649499812     -0.000000000000      4.925789738330
   16      0.052490738705      2.541630977223     -0.000000000000
   16      2.436649499812      4.925789738330      0.000000000000
   16     -2.489140238518     -0.000000000000     -0.000000000000
   16      2.386251107910      4.875391346428      4.875391346428
   16      4.978280477035      7.467420715553      5.022499992399
   16      0.102889130607      2.592029369125      4.875391346428
   16      4.978280477035      5.022499992399      7.467420715553
   16      7.423201200189      7.467420715553      7.467420715553
   16      2.436649499812      2.541630977223      7.467420715553
   16      0.102889130607      4.875391346428      2.592029369125
   16      2.436649499812      7.467420715553      2.541630977223
   16     -2.489140238518      2.541630977223      2.541630977223
   16      2.533359753881     -0.000000000000     -0.000000000000
   16      4.978280477035      2.444920723154     -0.000000000000
   16      0.052490738705     -2.541630977223     -0.000000000000
   16      4.978280477035     -0.000000000000      2.444920723154
   16      7.570309846160      2.592029369125      2.592029369125
   16      2.386251107910     -2.592029369125      2.592029369125
   16      0.052490738705     -0.000000000000     -2.541630977223
   16      2.386251107910      2.592029369125     -2.592029369125
   16     -2.489140238518     -2.541630977223     -2.541630977223
  225   48
