   3   1   1 E -1.8527568726372E+04 DE-2.7E-08( 12)
  0.000000000000E+00  0.743330599965E+01  0.743330599965E+01
  0.743330599965E+01  0.000000000000E+00  0.743330599965E+01
  0.743330599965E+01  0.743330599965E+01  0.000000000000E+00
   48
  0.100000000000E+01 -0.000000000000E+00  0.000000000000E+00
 -0.000000000000E+00  0.100000000000E+01  0.000000000000E+00
 -0.000000000000E+00  0.000000000000E+00  0.100000000000E+01
  0.000000000000E+00  0.000000000000E+00  0.000000000000E+00
 -0.000000000000E+00 -0.100000000000E+01  0.000000000000E+00
  0.100000000000E+01  0.000000000000E+00  0.000000000000E+00
  0.000000000000E+00  0.000000000000E+00  0.100000000000E+01
  0.495553733310E+01  0.247776866655E+01  0.743330599965E+01
  0.000000000000E+00  0.100000000000E+01  0.000000000000E+00
 -0.100000000000E+01 -0.000000000000E+00  0.000000000000E+00
 -0.000000000000E+00 -0.000000000000E+00  0.100000000000E+01
  0.495553733310E+01  0.495553733310E+01  0.000000000000E+00
 -0.100000000000E+01  0.000000000000E+00  0.000000000000E+00
  0.000000000000E+00 -0.100000000000E+01  0.000000000000E+00
  0.000000000000E+00 -0.000000000000E+00  0.100000000000E+01
  0.991107466620E+01  0.743330599965E+01  0.743330599965E+01
  0.100000000000E+01  0.000000000000E+00 -0.000000000000E+00
 -0.000000000000E+00 -0.100000000000E+01 -0.000000000000E+00
 -0.000000000000E+00 -0.000000000000E+00 -0.100000000000E+01
  0.000000000000E+00  0.000000000000E+00  0.000000000000E+00
  0.000000000000E+00 -0.100000000000E+01 -0.000000000000E+00
 -0.100000000000E+01  0.000000000000E+00 -0.000000000000E+00
 -0.000000000000E+00  0.000000000000E+00 -0.100000000000E+01
  0.495553733310E+01  0.495553733310E+01  0.000000000000E+00
 -0.100000000000E+01 -0.000000000000E+00 -0.000000000000E+00
  0.000000000000E+00  0.100000000000E+01 -0.000000000000E+00
  0.000000000000E+00  0.000000000000E+00 -0.100000000000E+01
  0.991107466620E+01  0.743330599965E+01  0.743330599965E+01
 -0.000000000000E+00  0.100000000000E+01 -0.000000000000E+00
  0.100000000000E+01 -0.000000000000E+00 -0.000000000000E+00
  0.000000000000E+00 -0.000000000000E+00 -0.100000000000E+01
  0.495553733310E+01  0.247776866655E+01  0.743330599965E+01
 -0.000000000000E+00  0.000000000000E+00  0.100000000000E+01
  0.100000000000E+01  0.000000000000E+00 -0.000000000000E+00
  0.000000000000E+00  0.100000000000E+01 -0.000000000000E+00
  0.495553733310E+01  0.247776866655E+01  0.743330599965E+01
  0.000000000000E+00  0.100000000000E+01 -0.000000000000E+00
  0.000000000000E+00 -0.000000000000E+00  0.100000000000E+01
  0.100000000000E+01 -0.000000000000E+00  0.000000000000E+00
  0.495553733310E+01  0.743330599965E+01  0.247776866655E+01
  0.000000000000E+00 -0.000000000000E+00  0.100000000000E+01
 -0.100000000000E+01 -0.000000000000E+00 -0.000000000000E+00
 -0.000000000000E+00 -0.100000000000E+01 -0.000000000000E+00
  0.495553733310E+01  0.495553733310E+01  0.000000000000E+00
  0.000000000000E+00 -0.100000000000E+01  0.000000000000E+00
  0.000000000000E+00  0.000000000000E+00 -0.100000000000E+01
  0.100000000000E+01  0.000000000000E+00 -0.000000000000E+00
  0.495553733310E+01  0.743330599965E+01  0.247776866655E+01
 -0.000000000000E+00 -0.000000000000E+00 -0.100000000000E+01
  0.100000000000E+01 -0.000000000000E+00  0.000000000000E+00
  0.000000000000E+00 -0.100000000000E+01  0.000000000000E+00
  0.495553733310E+01  0.247776866655E+01  0.743330599965E+01
 -0.000000000000E+00  0.100000000000E+01  0.000000000000E+00
 -0.000000000000E+00 -0.000000000000E+00 -0.100000000000E+01
 -0.100000000000E+01 -0.000000000000E+00 -0.000000000000E+00
  0.495553733310E+01  0.000000000000E+00  0.495553733310E+01
  0.000000000000E+00  0.000000000000E+00 -0.100000000000E+01
 -0.100000000000E+01  0.000000000000E+00  0.000000000000E+00
 -0.000000000000E+00  0.100000000000E+01  0.000000000000E+00
  0.495553733310E+01  0.495553733310E+01  0.000000000000E+00
 -0.000000000000E+00 -0.100000000000E+01 -0.000000000000E+00
 -0.000000000000E+00  0.000000000000E+00  0.100000000000E+01
 -0.100000000000E+01  0.000000000000E+00  0.000000000000E+00
  0.495553733310E+01  0.000000000000E+00  0.495553733310E+01
  0.000000000000E+00  0.000000000000E+00  0.100000000000E+01
  0.000000000000E+00 -0.100000000000E+01 -0.000000000000E+00
  0.100000000000E+01 -0.000000000000E+00 -0.000000000000E+00
  0.495553733310E+01  0.743330599965E+01  0.247776866655E+01
  0.100000000000E+01 -0.000000000000E+00 -0.000000000000E+00
 -0.000000000000E+00 -0.000000000000E+00  0.100000000000E+01
 -0.000000000000E+00 -0.100000000000E+01  0.000000000000E+00
  0.000000000000E+00  0.000000000000E+00  0.000000000000E+00
  0.100000000000E+01  0.000000000000E+00  0.000000000000E+00
 -0.000000000000E+00  0.000000000000E+00 -0.100000000000E+01
 -0.000000000000E+00  0.100000000000E+01 -0.000000000000E+00
  0.000000000000E+00  0.000000000000E+00  0.000000000000E+00
 -0.100000000000E+01  0.000000000000E+00 -0.000000000000E+00
  0.000000000000E+00  0.000000000000E+00  0.100000000000E+01
  0.000000000000E+00  0.100000000000E+01  0.000000000000E+00
  0.991107466620E+01  0.743330599965E+01  0.743330599965E+01
 -0.000000000000E+00 -0.000000000000E+00  0.100000000000E+01
 -0.000000000000E+00  0.100000000000E+01 -0.000000000000E+00
 -0.100000000000E+01  0.000000000000E+00 -0.000000000000E+00
  0.495553733310E+01  0.000000000000E+00  0.495553733310E+01
  0.000000000000E+00 -0.000000000000E+00 -0.100000000000E+01
  0.000000000000E+00  0.100000000000E+01  0.000000000000E+00
  0.100000000000E+01  0.000000000000E+00  0.000000000000E+00
  0.495553733310E+01  0.743330599965E+01  0.247776866655E+01
 -0.000000000000E+00  0.000000000000E+00 -0.100000000000E+01
 -0.000000000000E+00 -0.100000000000E+01  0.000000000000E+00
 -0.100000000000E+01 -0.000000000000E+00  0.000000000000E+00
  0.495553733310E+01  0.000000000000E+00  0.495553733310E+01
 -0.100000000000E+01 -0.000000000000E+00  0.000000000000E+00
  0.000000000000E+00 -0.000000000000E+00 -0.100000000000E+01
  0.000000000000E+00 -0.100000000000E+01 -0.000000000000E+00
  0.991107466620E+01  0.743330599965E+01  0.743330599965E+01
 -0.100000000000E+01  0.000000000000E+00 -0.000000000000E+00
  0.000000000000E+00 -0.100000000000E+01 -0.000000000000E+00
  0.000000000000E+00 -0.000000000000E+00 -0.100000000000E+01
  0.991107466620E+01  0.743330599965E+01  0.743330599965E+01
  0.000000000000E+00  0.100000000000E+01 -0.000000000000E+00
 -0.100000000000E+01 -0.000000000000E+00 -0.000000000000E+00
 -0.000000000000E+00 -0.000000000000E+00 -0.100000000000E+01
  0.495553733310E+01  0.495553733310E+01  0.000000000000E+00
 -0.000000000000E+00 -0.100000000000E+01 -0.000000000000E+00
  0.100000000000E+01  0.000000000000E+00 -0.000000000000E+00
  0.000000000000E+00  0.000000000000E+00 -0.100000000000E+01
  0.495553733310E+01  0.247776866655E+01  0.743330599965E+01
  0.100000000000E+01 -0.000000000000E+00 -0.000000000000E+00
 -0.000000000000E+00  0.100000000000E+01 -0.000000000000E+00
 -0.000000000000E+00  0.000000000000E+00 -0.100000000000E+01
  0.000000000000E+00  0.000000000000E+00  0.000000000000E+00
 -0.100000000000E+01 -0.000000000000E+00  0.000000000000E+00
  0.000000000000E+00  0.100000000000E+01  0.000000000000E+00
  0.000000000000E+00  0.000000000000E+00  0.100000000000E+01
  0.991107466620E+01  0.743330599965E+01  0.743330599965E+01
 -0.000000000000E+00  0.100000000000E+01  0.000000000000E+00
  0.100000000000E+01 -0.000000000000E+00  0.000000000000E+00
  0.000000000000E+00 -0.000000000000E+00  0.100000000000E+01
  0.495553733310E+01  0.247776866655E+01  0.743330599965E+01
  0.100000000000E+01  0.000000000000E+00  0.000000000000E+00
 -0.000000000000E+00 -0.100000000000E+01  0.000000000000E+00
 -0.000000000000E+00 -0.000000000000E+00  0.100000000000E+01
  0.000000000000E+00  0.000000000000E+00  0.000000000000E+00
  0.000000000000E+00 -0.100000000000E+01  0.000000000000E+00
 -0.100000000000E+01  0.000000000000E+00  0.000000000000E+00
 -0.000000000000E+00  0.000000000000E+00  0.100000000000E+01
  0.495553733310E+01  0.495553733310E+01  0.000000000000E+00
  0.000000000000E+00 -0.000000000000E+00 -0.100000000000E+01
 -0.100000000000E+01 -0.000000000000E+00  0.000000000000E+00
 -0.000000000000E+00 -0.100000000000E+01  0.000000000000E+00
  0.495553733310E+01  0.495553733310E+01  0.000000000000E+00
 -0.000000000000E+00 -0.100000000000E+01  0.000000000000E+00
 -0.000000000000E+00  0.000000000000E+00 -0.100000000000E+01
 -0.100000000000E+01  0.000000000000E+00 -0.000000000000E+00
  0.495553733310E+01  0.000000000000E+00  0.495553733310E+01
 -0.000000000000E+00  0.000000000000E+00 -0.100000000000E+01
  0.100000000000E+01  0.000000000000E+00  0.000000000000E+00
  0.000000000000E+00  0.100000000000E+01  0.000000000000E+00
  0.495553733310E+01  0.247776866655E+01  0.743330599965E+01
 -0.000000000000E+00  0.100000000000E+01 -0.000000000000E+00
 -0.000000000000E+00 -0.000000000000E+00  0.100000000000E+01
 -0.100000000000E+01 -0.000000000000E+00  0.000000000000E+00
  0.495553733310E+01  0.000000000000E+00  0.495553733310E+01
  0.000000000000E+00  0.000000000000E+00  0.100000000000E+01
 -0.100000000000E+01  0.000000000000E+00 -0.000000000000E+00
 -0.000000000000E+00  0.100000000000E+01 -0.000000000000E+00
  0.495553733310E+01  0.495553733310E+01  0.000000000000E+00
  0.000000000000E+00 -0.100000000000E+01 -0.000000000000E+00
  0.000000000000E+00  0.000000000000E+00  0.100000000000E+01
  0.100000000000E+01  0.000000000000E+00  0.000000000000E+00
  0.495553733310E+01  0.743330599965E+01  0.247776866655E+01
 -0.000000000000E+00 -0.000000000000E+00  0.100000000000E+01
  0.100000000000E+01 -0.000000000000E+00 -0.000000000000E+00
  0.000000000000E+00 -0.100000000000E+01 -0.000000000000E+00
  0.495553733310E+01  0.247776866655E+01  0.743330599965E+01
  0.000000000000E+00  0.100000000000E+01  0.000000000000E+00
  0.000000000000E+00 -0.000000000000E+00 -0.100000000000E+01
  0.100000000000E+01 -0.000000000000E+00 -0.000000000000E+00
  0.495553733310E+01  0.743330599965E+01  0.247776866655E+01
 -0.000000000000E+00 -0.000000000000E+00 -0.100000000000E+01
 -0.000000000000E+00  0.100000000000E+01  0.000000000000E+00
 -0.100000000000E+01  0.000000000000E+00  0.000000000000E+00
  0.495553733310E+01  0.000000000000E+00  0.495553733310E+01
 -0.100000000000E+01  0.000000000000E+00  0.000000000000E+00
  0.000000000000E+00  0.000000000000E+00 -0.100000000000E+01
  0.000000000000E+00  0.100000000000E+01 -0.000000000000E+00
  0.991107466620E+01  0.743330599965E+01  0.743330599965E+01
 -0.100000000000E+01 -0.000000000000E+00 -0.000000000000E+00
  0.000000000000E+00 -0.000000000000E+00  0.100000000000E+01
  0.000000000000E+00 -0.100000000000E+01  0.000000000000E+00
  0.991107466620E+01  0.743330599965E+01  0.743330599965E+01
  0.100000000000E+01 -0.000000000000E+00  0.000000000000E+00
 -0.000000000000E+00 -0.000000000000E+00 -0.100000000000E+01
 -0.000000000000E+00 -0.100000000000E+01 -0.000000000000E+00
  0.000000000000E+00  0.000000000000E+00  0.000000000000E+00
  0.000000000000E+00  0.000000000000E+00 -0.100000000000E+01
  0.000000000000E+00 -0.100000000000E+01  0.000000000000E+00
  0.100000000000E+01 -0.000000000000E+00  0.000000000000E+00
  0.495553733310E+01  0.743330599965E+01  0.247776866655E+01
 -0.000000000000E+00  0.000000000000E+00  0.100000000000E+01
 -0.000000000000E+00 -0.100000000000E+01 -0.000000000000E+00
 -0.100000000000E+01 -0.000000000000E+00 -0.000000000000E+00
  0.495553733310E+01  0.000000000000E+00  0.495553733310E+01
  0.000000000000E+00 -0.000000000000E+00  0.100000000000E+01
  0.000000000000E+00  0.100000000000E+01 -0.000000000000E+00
  0.100000000000E+01  0.000000000000E+00 -0.000000000000E+00
  0.495553733310E+01  0.743330599965E+01  0.247776866655E+01
  0.100000000000E+01  0.000000000000E+00 -0.000000000000E+00
 -0.000000000000E+00  0.000000000000E+00  0.100000000000E+01
 -0.000000000000E+00  0.100000000000E+01  0.000000000000E+00
  0.000000000000E+00  0.000000000000E+00  0.000000000000E+00
   54
    3     -0.061277413743      0.000000000000      0.000000000000
    3      2.603007712946      2.352529620151     -0.000000000000
    3     -2.477768666549     -2.416491252806      0.000000000000
    3      2.603007712946      0.000000000000      2.352529620151
    3      4.955537333098      2.352529620151      2.352529620151
   22     -0.082629751608     -2.395138914941      2.395138914941
    3     -2.477768666549      0.000000000000     -2.416491252806
   22     -0.082629751608      2.395138914941     -2.395138914941
   22     -4.872907581490     -2.395138914941     -2.395138914941
   22     -0.082629751608      2.395138914941      2.395138914941
   22      2.560398418157      5.038167084706      2.395138914941
    3     -2.477768666549      0.000000000000      2.416491252806
   22      2.560398418157      2.395138914941      5.038167084706
    3      4.955537333098      5.080776379495      5.080776379495
    3     -0.125239046397      0.000000000000      5.080776379495
    3     -2.477768666549      2.416491252806      0.000000000000
    3     -0.125239046397      5.080776379495      0.000000000000
    3     -4.894259919355     -0.000000000000      0.000000000000
   22     -0.082629751608     -2.395138914941     -2.395138914941
    3      2.603007712946     -0.000000000000     -2.352529620151
    3     -2.477768666549     -5.080776379495     -2.352529620151
    3      2.603007712946     -2.352529620151     -0.000000000000
   22      4.955537333098     -0.000000000000     -0.000000000000
    3     -0.125239046397     -5.080776379495     -0.000000000000
    3     -2.477768666549     -2.352529620151     -5.080776379495
    3     -0.125239046397     -0.000000000000     -5.080776379495
   22     -4.872907581490     -5.038167084706     -5.038167084706
   16      2.386726895847      2.568810437251      2.568810437251
   16      4.955537333098      4.902813951531      2.530492048115
   16      0.052723381566     -0.000000000000      2.530492048115
   16      4.955537333098      2.530492048115      4.902813951531
   16      7.524347770348      4.864495562396      4.864495562396
   16      2.425045284982     -0.000000000000      4.902813951531
   16      0.052723381566      2.530492048115     -0.000000000000
   16      2.425045284982      4.902813951531      0.000000000000
   16     -2.477768666549     -0.000000000000     -0.000000000000
   16      2.386726895847      4.864495562396      4.864495562396
   16      4.955537333098      7.433305999647      4.990252475896
   16      0.091041770702      2.568810437251      4.864495562396
   16      4.955537333098      4.990252475896      7.433305999647
   16      7.398590856848      7.433305999647      7.433305999647
   16      2.425045284982      2.530492048115      7.433305999647
   16      0.091041770702      4.864495562396      2.568810437251
   16      2.425045284982      7.433305999647      2.530492048115
   16     -2.477768666549      2.530492048115      2.530492048115
   16      2.512483809347     -0.000000000000     -0.000000000000
   16      4.955537333098      2.443053523751     -0.000000000000
   16      0.052723381566     -2.530492048115     -0.000000000000
   16      4.955537333098     -0.000000000000      2.443053523751
   16      7.524347770348      2.568810437251      2.568810437251
   16      2.386726895847     -2.568810437251      2.568810437251
   16      0.052723381566     -0.000000000000     -2.530492048115
   16      2.386726895847      2.568810437251     -2.568810437251
   16     -2.477768666549     -2.530492048115     -2.530492048115
  225   48
