   3   1   1 E -1.8527572277897E+04 DE-2.5E-08(  6)
  0.000000000000E+00  0.746711102137E+01  0.746711102137E+01
  0.746711102137E+01  0.000000000000E+00  0.746711102137E+01
  0.746711102137E+01  0.746711102137E+01  0.000000000000E+00
   48
  0.100000000000E+01 -0.000000000000E+00  0.000000000000E+00
 -0.000000000000E+00  0.100000000000E+01  0.000000000000E+00
 -0.000000000000E+00  0.000000000000E+00  0.100000000000E+01
  0.000000000000E+00  0.000000000000E+00  0.000000000000E+00
 -0.000000000000E+00 -0.100000000000E+01  0.000000000000E+00
  0.100000000000E+01  0.000000000000E+00  0.000000000000E+00
  0.000000000000E+00  0.000000000000E+00  0.100000000000E+01
  0.497807401424E+01  0.248903700712E+01  0.746711102137E+01
  0.000000000000E+00  0.100000000000E+01  0.000000000000E+00
 -0.100000000000E+01 -0.000000000000E+00  0.000000000000E+00
 -0.000000000000E+00 -0.000000000000E+00  0.100000000000E+01
  0.497807401424E+01  0.497807401424E+01  0.000000000000E+00
 -0.100000000000E+01  0.000000000000E+00  0.000000000000E+00
  0.000000000000E+00 -0.100000000000E+01  0.000000000000E+00
  0.000000000000E+00 -0.000000000000E+00  0.100000000000E+01
  0.995614802849E+01  0.746711102137E+01  0.746711102137E+01
  0.100000000000E+01  0.000000000000E+00 -0.000000000000E+00
 -0.000000000000E+00 -0.100000000000E+01 -0.000000000000E+00
 -0.000000000000E+00 -0.000000000000E+00 -0.100000000000E+01
  0.000000000000E+00  0.000000000000E+00  0.000000000000E+00
  0.000000000000E+00 -0.100000000000E+01 -0.000000000000E+00
 -0.100000000000E+01  0.000000000000E+00 -0.000000000000E+00
 -0.000000000000E+00  0.000000000000E+00 -0.100000000000E+01
  0.497807401424E+01  0.497807401424E+01  0.000000000000E+00
 -0.100000000000E+01 -0.000000000000E+00 -0.000000000000E+00
  0.000000000000E+00  0.100000000000E+01 -0.000000000000E+00
  0.000000000000E+00  0.000000000000E+00 -0.100000000000E+01
  0.995614802849E+01  0.746711102137E+01  0.746711102137E+01
 -0.000000000000E+00  0.100000000000E+01 -0.000000000000E+00
  0.100000000000E+01 -0.000000000000E+00 -0.000000000000E+00
  0.000000000000E+00 -0.000000000000E+00 -0.100000000000E+01
  0.497807401424E+01  0.248903700712E+01  0.746711102137E+01
 -0.000000000000E+00  0.000000000000E+00  0.100000000000E+01
  0.100000000000E+01  0.000000000000E+00 -0.000000000000E+00
  0.000000000000E+00  0.100000000000E+01 -0.000000000000E+00
  0.497807401424E+01  0.248903700712E+01  0.746711102137E+01
  0.000000000000E+00  0.100000000000E+01 -0.000000000000E+00
  0.000000000000E+00 -0.000000000000E+00  0.100000000000E+01
  0.100000000000E+01 -0.000000000000E+00  0.000000000000E+00
  0.497807401424E+01  0.746711102137E+01  0.248903700712E+01
  0.000000000000E+00 -0.000000000000E+00  0.100000000000E+01
 -0.100000000000E+01 -0.000000000000E+00 -0.000000000000E+00
 -0.000000000000E+00 -0.100000000000E+01 -0.000000000000E+00
  0.497807401424E+01  0.497807401424E+01  0.000000000000E+00
  0.000000000000E+00 -0.100000000000E+01  0.000000000000E+00
  0.000000000000E+00  0.000000000000E+00 -0.100000000000E+01
  0.100000000000E+01  0.000000000000E+00 -0.000000000000E+00
  0.497807401424E+01  0.746711102137E+01  0.248903700712E+01
 -0.000000000000E+00 -0.000000000000E+00 -0.100000000000E+01
  0.100000000000E+01 -0.000000000000E+00  0.000000000000E+00
  0.000000000000E+00 -0.100000000000E+01  0.000000000000E+00
  0.497807401424E+01  0.248903700712E+01  0.746711102137E+01
 -0.000000000000E+00  0.100000000000E+01  0.000000000000E+00
 -0.000000000000E+00 -0.000000000000E+00 -0.100000000000E+01
 -0.100000000000E+01 -0.000000000000E+00 -0.000000000000E+00
  0.497807401424E+01  0.000000000000E+00  0.497807401424E+01
  0.000000000000E+00  0.000000000000E+00 -0.100000000000E+01
 -0.100000000000E+01  0.000000000000E+00  0.000000000000E+00
 -0.000000000000E+00  0.100000000000E+01  0.000000000000E+00
  0.497807401424E+01  0.497807401424E+01  0.000000000000E+00
 -0.000000000000E+00 -0.100000000000E+01 -0.000000000000E+00
 -0.000000000000E+00  0.000000000000E+00  0.100000000000E+01
 -0.100000000000E+01  0.000000000000E+00  0.000000000000E+00
  0.497807401424E+01  0.000000000000E+00  0.497807401424E+01
  0.000000000000E+00  0.000000000000E+00  0.100000000000E+01
  0.000000000000E+00 -0.100000000000E+01 -0.000000000000E+00
  0.100000000000E+01 -0.000000000000E+00 -0.000000000000E+00
  0.497807401424E+01  0.746711102137E+01  0.248903700712E+01
  0.100000000000E+01 -0.000000000000E+00 -0.000000000000E+00
 -0.000000000000E+00 -0.000000000000E+00  0.100000000000E+01
 -0.000000000000E+00 -0.100000000000E+01  0.000000000000E+00
  0.000000000000E+00  0.000000000000E+00  0.000000000000E+00
  0.100000000000E+01  0.000000000000E+00  0.000000000000E+00
 -0.000000000000E+00  0.000000000000E+00 -0.100000000000E+01
 -0.000000000000E+00  0.100000000000E+01 -0.000000000000E+00
  0.000000000000E+00  0.000000000000E+00  0.000000000000E+00
 -0.100000000000E+01  0.000000000000E+00 -0.000000000000E+00
  0.000000000000E+00  0.000000000000E+00  0.100000000000E+01
  0.000000000000E+00  0.100000000000E+01  0.000000000000E+00
  0.995614802849E+01  0.746711102137E+01  0.746711102137E+01
 -0.000000000000E+00 -0.000000000000E+00  0.100000000000E+01
 -0.000000000000E+00  0.100000000000E+01 -0.000000000000E+00
 -0.100000000000E+01  0.000000000000E+00 -0.000000000000E+00
  0.497807401424E+01  0.000000000000E+00  0.497807401424E+01
  0.000000000000E+00 -0.000000000000E+00 -0.100000000000E+01
  0.000000000000E+00  0.100000000000E+01  0.000000000000E+00
  0.100000000000E+01  0.000000000000E+00  0.000000000000E+00
  0.497807401424E+01  0.746711102137E+01  0.248903700712E+01
 -0.000000000000E+00  0.000000000000E+00 -0.100000000000E+01
 -0.000000000000E+00 -0.100000000000E+01  0.000000000000E+00
 -0.100000000000E+01 -0.000000000000E+00  0.000000000000E+00
  0.497807401424E+01  0.000000000000E+00  0.497807401424E+01
 -0.100000000000E+01 -0.000000000000E+00  0.000000000000E+00
  0.000000000000E+00 -0.000000000000E+00 -0.100000000000E+01
  0.000000000000E+00 -0.100000000000E+01 -0.000000000000E+00
  0.995614802849E+01  0.746711102137E+01  0.746711102137E+01
 -0.100000000000E+01  0.000000000000E+00 -0.000000000000E+00
  0.000000000000E+00 -0.100000000000E+01 -0.000000000000E+00
  0.000000000000E+00 -0.000000000000E+00 -0.100000000000E+01
  0.995614802849E+01  0.746711102137E+01  0.746711102137E+01
  0.000000000000E+00  0.100000000000E+01 -0.000000000000E+00
 -0.100000000000E+01 -0.000000000000E+00 -0.000000000000E+00
 -0.000000000000E+00 -0.000000000000E+00 -0.100000000000E+01
  0.497807401424E+01  0.497807401424E+01  0.000000000000E+00
 -0.000000000000E+00 -0.100000000000E+01 -0.000000000000E+00
  0.100000000000E+01  0.000000000000E+00 -0.000000000000E+00
  0.000000000000E+00  0.000000000000E+00 -0.100000000000E+01
  0.497807401424E+01  0.248903700712E+01  0.746711102137E+01
  0.100000000000E+01 -0.000000000000E+00 -0.000000000000E+00
 -0.000000000000E+00  0.100000000000E+01 -0.000000000000E+00
 -0.000000000000E+00  0.000000000000E+00 -0.100000000000E+01
  0.000000000000E+00  0.000000000000E+00  0.000000000000E+00
 -0.100000000000E+01 -0.000000000000E+00  0.000000000000E+00
  0.000000000000E+00  0.100000000000E+01  0.000000000000E+00
  0.000000000000E+00  0.000000000000E+00  0.100000000000E+01
  0.995614802849E+01  0.746711102137E+01  0.746711102137E+01
 -0.000000000000E+00  0.100000000000E+01  0.000000000000E+00
  0.100000000000E+01 -0.000000000000E+00  0.000000000000E+00
  0.000000000000E+00 -0.000000000000E+00  0.100000000000E+01
  0.497807401424E+01  0.248903700712E+01  0.746711102137E+01
  0.100000000000E+01  0.000000000000E+00  0.000000000000E+00
 -0.000000000000E+00 -0.100000000000E+01  0.000000000000E+00
 -0.000000000000E+00 -0.000000000000E+00  0.100000000000E+01
  0.000000000000E+00  0.000000000000E+00  0.000000000000E+00
  0.000000000000E+00 -0.100000000000E+01  0.000000000000E+00
 -0.100000000000E+01  0.000000000000E+00  0.000000000000E+00
 -0.000000000000E+00  0.000000000000E+00  0.100000000000E+01
  0.497807401424E+01  0.497807401424E+01  0.000000000000E+00
  0.000000000000E+00 -0.000000000000E+00 -0.100000000000E+01
 -0.100000000000E+01 -0.000000000000E+00  0.000000000000E+00
 -0.000000000000E+00 -0.100000000000E+01  0.000000000000E+00
  0.497807401424E+01  0.497807401424E+01  0.000000000000E+00
 -0.000000000000E+00 -0.100000000000E+01  0.000000000000E+00
 -0.000000000000E+00  0.000000000000E+00 -0.100000000000E+01
 -0.100000000000E+01  0.000000000000E+00 -0.000000000000E+00
  0.497807401424E+01  0.000000000000E+00  0.497807401424E+01
 -0.000000000000E+00  0.000000000000E+00 -0.100000000000E+01
  0.100000000000E+01  0.000000000000E+00  0.000000000000E+00
  0.000000000000E+00  0.100000000000E+01  0.000000000000E+00
  0.497807401424E+01  0.248903700712E+01  0.746711102137E+01
 -0.000000000000E+00  0.100000000000E+01 -0.000000000000E+00
 -0.000000000000E+00 -0.000000000000E+00  0.100000000000E+01
 -0.100000000000E+01 -0.000000000000E+00  0.000000000000E+00
  0.497807401424E+01  0.000000000000E+00  0.497807401424E+01
  0.000000000000E+00  0.000000000000E+00  0.100000000000E+01
 -0.100000000000E+01  0.000000000000E+00 -0.000000000000E+00
 -0.000000000000E+00  0.100000000000E+01 -0.000000000000E+00
  0.497807401424E+01  0.497807401424E+01  0.000000000000E+00
  0.000000000000E+00 -0.100000000000E+01 -0.000000000000E+00
  0.000000000000E+00  0.000000000000E+00  0.100000000000E+01
  0.100000000000E+01  0.000000000000E+00  0.000000000000E+00
  0.497807401424E+01  0.746711102137E+01  0.248903700712E+01
 -0.000000000000E+00 -0.000000000000E+00  0.100000000000E+01
  0.100000000000E+01 -0.000000000000E+00 -0.000000000000E+00
  0.000000000000E+00 -0.100000000000E+01 -0.000000000000E+00
  0.497807401424E+01  0.248903700712E+01  0.746711102137E+01
  0.000000000000E+00  0.100000000000E+01  0.000000000000E+00
  0.000000000000E+00 -0.000000000000E+00 -0.100000000000E+01
  0.100000000000E+01 -0.000000000000E+00 -0.000000000000E+00
  0.497807401424E+01  0.746711102137E+01  0.248903700712E+01
 -0.000000000000E+00 -0.000000000000E+00 -0.100000000000E+01
 -0.000000000000E+00  0.100000000000E+01  0.000000000000E+00
 -0.100000000000E+01  0.000000000000E+00  0.000000000000E+00
  0.497807401424E+01  0.000000000000E+00  0.497807401424E+01
 -0.100000000000E+01  0.000000000000E+00  0.000000000000E+00
  0.000000000000E+00  0.000000000000E+00 -0.100000000000E+01
  0.000000000000E+00  0.100000000000E+01 -0.000000000000E+00
  0.995614802849E+01  0.746711102137E+01  0.746711102137E+01
 -0.100000000000E+01 -0.000000000000E+00 -0.000000000000E+00
  0.000000000000E+00 -0.000000000000E+00  0.100000000000E+01
  0.000000000000E+00 -0.100000000000E+01  0.000000000000E+00
  0.995614802849E+01  0.746711102137E+01  0.746711102137E+01
  0.100000000000E+01 -0.000000000000E+00  0.000000000000E+00
 -0.000000000000E+00 -0.000000000000E+00 -0.100000000000E+01
 -0.000000000000E+00 -0.100000000000E+01 -0.000000000000E+00
  0.000000000000E+00  0.000000000000E+00  0.000000000000E+00
  0.000000000000E+00  0.000000000000E+00 -0.100000000000E+01
  0.000000000000E+00 -0.100000000000E+01  0.000000000000E+00
  0.100000000000E+01 -0.000000000000E+00  0.000000000000E+00
  0.497807401424E+01  0.746711102137E+01  0.248903700712E+01
 -0.000000000000E+00  0.000000000000E+00  0.100000000000E+01
 -0.000000000000E+00 -0.100000000000E+01 -0.000000000000E+00
 -0.100000000000E+01 -0.000000000000E+00 -0.000000000000E+00
  0.497807401424E+01  0.000000000000E+00  0.497807401424E+01
  0.000000000000E+00 -0.000000000000E+00  0.100000000000E+01
  0.000000000000E+00  0.100000000000E+01 -0.000000000000E+00
  0.100000000000E+01  0.000000000000E+00 -0.000000000000E+00
  0.497807401424E+01  0.746711102137E+01  0.248903700712E+01
  0.100000000000E+01  0.000000000000E+00 -0.000000000000E+00
 -0.000000000000E+00  0.000000000000E+00  0.100000000000E+01
 -0.000000000000E+00  0.100000000000E+01  0.000000000000E+00
  0.000000000000E+00  0.000000000000E+00  0.000000000000E+00
   54
    3     -0.085443353990      0.000000000000      0.000000000000
    3      2.640642900582      2.337431113663     -0.000000000000
    3     -2.489037007122     -2.403593653133      0.000000000000
    3      2.640642900582      0.000000000000      2.337431113663
    3      4.978074014245      2.337431113663      2.337431113663
   22     -0.080465991606     -2.408571015517      2.408571015517
    3     -2.489037007122      0.000000000000     -2.403593653133
   22     -0.080465991606      2.408571015517     -2.408571015517
   22     -4.897608022639     -2.408571015517     -2.408571015517
   22     -0.080465991606      2.408571015517      2.408571015517
   22      2.569502998728      5.058540005851      2.408571015517
    3     -2.489037007122      0.000000000000      2.403593653133
   22      2.569502998728      2.408571015517      5.058540005851
    3      4.978074014245      5.129679907704      5.129679907704
    3     -0.151605893459      0.000000000000      5.129679907704
    3     -2.489037007122      2.403593653133      0.000000000000
    3     -0.151605893459      5.129679907704      0.000000000000
    3     -4.892630660255     -0.000000000000      0.000000000000
   22     -0.080465991606     -2.408571015517     -2.408571015517
    3      2.640642900582     -0.000000000000     -2.337431113663
    3     -2.489037007122     -5.129679907704     -2.337431113663
    3      2.640642900582     -2.337431113663     -0.000000000000
   22      4.978074014245     -0.000000000000     -0.000000000000
    3     -0.151605893459     -5.129679907704     -0.000000000000
    3     -2.489037007122     -2.337431113663     -5.129679907704
    3     -0.151605893459     -0.000000000000     -5.129679907704
   22     -4.897608022639     -5.058540005851     -5.058540005851
   16      2.386331364811      2.591742649434      2.591742649434
   16      4.978074014245      4.926329881668      2.540781139699
   16      0.051744132576     -0.000000000000      2.540781139699
   16      4.978074014245      2.540781139699      4.926329881668
   16      7.569816663679      4.875368371934      4.875368371934
   16      2.437292874546     -0.000000000000      4.926329881668
   16      0.051744132576      2.540781139699     -0.000000000000
   16      2.437292874546      4.926329881668      0.000000000000
   16     -2.489037007122     -0.000000000000     -0.000000000000
   16      2.386331364811      4.875368371934      4.875368371934
   16      4.978074014245      7.467111021367      5.021599712802
   16      0.102705642311      2.591742649434      4.875368371934
   16      4.978074014245      5.021599712802      7.467111021367
   16      7.423585322811      7.467111021367      7.467111021367
   16      2.437292874546      2.540781139699      7.467111021367
   16      0.102705642311      4.875368371934      2.591742649434
   16      2.437292874546      7.467111021367      2.540781139699
   16     -2.489037007122      2.540781139699      2.540781139699
   16      2.532562705679     -0.000000000000     -0.000000000000
   16      4.978074014245      2.445511308566     -0.000000000000
   16      0.051744132576     -2.540781139699     -0.000000000000
   16      4.978074014245     -0.000000000000      2.445511308566
   16      7.569816663679      2.591742649434      2.591742649434
   16      2.386331364811     -2.591742649434      2.591742649434
   16      0.051744132576     -0.000000000000     -2.540781139699
   16      2.386331364811      2.591742649434     -2.591742649434
   16     -2.489037007122     -2.540781139699     -2.540781139699
  225   48
