   3   1   1 E -1.8527572279362E+04 DE 1.5E-08(  5)
  0.000000000000E+00  0.746716708965E+01  0.746716708965E+01
  0.746716708965E+01  0.000000000000E+00  0.746716708965E+01
  0.746716708965E+01  0.746716708965E+01  0.000000000000E+00
   48
  0.100000000000E+01 -0.000000000000E+00  0.000000000000E+00
 -0.000000000000E+00  0.100000000000E+01  0.000000000000E+00
 -0.000000000000E+00  0.000000000000E+00  0.100000000000E+01
  0.000000000000E+00  0.000000000000E+00  0.000000000000E+00
 -0.000000000000E+00 -0.100000000000E+01  0.000000000000E+00
  0.100000000000E+01  0.000000000000E+00  0.000000000000E+00
  0.000000000000E+00  0.000000000000E+00  0.100000000000E+01
  0.497811139310E+01  0.248905569655E+01  0.746716708965E+01
  0.000000000000E+00  0.100000000000E+01  0.000000000000E+00
 -0.100000000000E+01 -0.000000000000E+00  0.000000000000E+00
 -0.000000000000E+00 -0.000000000000E+00  0.100000000000E+01
  0.497811139310E+01  0.497811139310E+01  0.000000000000E+00
 -0.100000000000E+01  0.000000000000E+00  0.000000000000E+00
  0.000000000000E+00 -0.100000000000E+01  0.000000000000E+00
  0.000000000000E+00 -0.000000000000E+00  0.100000000000E+01
  0.995622278620E+01  0.746716708965E+01  0.746716708965E+01
  0.100000000000E+01  0.000000000000E+00 -0.000000000000E+00
 -0.000000000000E+00 -0.100000000000E+01 -0.000000000000E+00
 -0.000000000000E+00 -0.000000000000E+00 -0.100000000000E+01
  0.000000000000E+00  0.000000000000E+00  0.000000000000E+00
  0.000000000000E+00 -0.100000000000E+01 -0.000000000000E+00
 -0.100000000000E+01  0.000000000000E+00 -0.000000000000E+00
 -0.000000000000E+00  0.000000000000E+00 -0.100000000000E+01
  0.497811139310E+01  0.497811139310E+01  0.000000000000E+00
 -0.100000000000E+01 -0.000000000000E+00 -0.000000000000E+00
  0.000000000000E+00  0.100000000000E+01 -0.000000000000E+00
  0.000000000000E+00  0.000000000000E+00 -0.100000000000E+01
  0.995622278620E+01  0.746716708965E+01  0.746716708965E+01
 -0.000000000000E+00  0.100000000000E+01 -0.000000000000E+00
  0.100000000000E+01 -0.000000000000E+00 -0.000000000000E+00
  0.000000000000E+00 -0.000000000000E+00 -0.100000000000E+01
  0.497811139310E+01  0.248905569655E+01  0.746716708965E+01
 -0.000000000000E+00  0.000000000000E+00  0.100000000000E+01
  0.100000000000E+01  0.000000000000E+00 -0.000000000000E+00
  0.000000000000E+00  0.100000000000E+01 -0.000000000000E+00
  0.497811139310E+01  0.248905569655E+01  0.746716708965E+01
  0.000000000000E+00  0.100000000000E+01 -0.000000000000E+00
  0.000000000000E+00 -0.000000000000E+00  0.100000000000E+01
  0.100000000000E+01 -0.000000000000E+00  0.000000000000E+00
  0.497811139310E+01  0.746716708965E+01  0.248905569655E+01
  0.000000000000E+00 -0.000000000000E+00  0.100000000000E+01
 -0.100000000000E+01 -0.000000000000E+00 -0.000000000000E+00
 -0.000000000000E+00 -0.100000000000E+01 -0.000000000000E+00
  0.497811139310E+01  0.497811139310E+01  0.000000000000E+00
  0.000000000000E+00 -0.100000000000E+01  0.000000000000E+00
  0.000000000000E+00  0.000000000000E+00 -0.100000000000E+01
  0.100000000000E+01  0.000000000000E+00 -0.000000000000E+00
  0.497811139310E+01  0.746716708965E+01  0.248905569655E+01
 -0.000000000000E+00 -0.000000000000E+00 -0.100000000000E+01
  0.100000000000E+01 -0.000000000000E+00  0.000000000000E+00
  0.000000000000E+00 -0.100000000000E+01  0.000000000000E+00
  0.497811139310E+01  0.248905569655E+01  0.746716708965E+01
 -0.000000000000E+00  0.100000000000E+01  0.000000000000E+00
 -0.000000000000E+00 -0.000000000000E+00 -0.100000000000E+01
 -0.100000000000E+01 -0.000000000000E+00 -0.000000000000E+00
  0.497811139310E+01  0.000000000000E+00  0.497811139310E+01
  0.000000000000E+00  0.000000000000E+00 -0.100000000000E+01
 -0.100000000000E+01  0.000000000000E+00  0.000000000000E+00
 -0.000000000000E+00  0.100000000000E+01  0.000000000000E+00
  0.497811139310E+01  0.497811139310E+01  0.000000000000E+00
 -0.000000000000E+00 -0.100000000000E+01 -0.000000000000E+00
 -0.000000000000E+00  0.000000000000E+00  0.100000000000E+01
 -0.100000000000E+01  0.000000000000E+00  0.000000000000E+00
  0.497811139310E+01  0.000000000000E+00  0.497811139310E+01
  0.000000000000E+00  0.000000000000E+00  0.100000000000E+01
  0.000000000000E+00 -0.100000000000E+01 -0.000000000000E+00
  0.100000000000E+01 -0.000000000000E+00 -0.000000000000E+00
  0.497811139310E+01  0.746716708965E+01  0.248905569655E+01
  0.100000000000E+01 -0.000000000000E+00 -0.000000000000E+00
 -0.000000000000E+00 -0.000000000000E+00  0.100000000000E+01
 -0.000000000000E+00 -0.100000000000E+01  0.000000000000E+00
  0.000000000000E+00  0.000000000000E+00  0.000000000000E+00
  0.100000000000E+01  0.000000000000E+00  0.000000000000E+00
 -0.000000000000E+00  0.000000000000E+00 -0.100000000000E+01
 -0.000000000000E+00  0.100000000000E+01 -0.000000000000E+00
  0.000000000000E+00  0.000000000000E+00  0.000000000000E+00
 -0.100000000000E+01  0.000000000000E+00 -0.000000000000E+00
  0.000000000000E+00  0.000000000000E+00  0.100000000000E+01
  0.000000000000E+00  0.100000000000E+01  0.000000000000E+00
  0.995622278620E+01  0.746716708965E+01  0.746716708965E+01
 -0.000000000000E+00 -0.000000000000E+00  0.100000000000E+01
 -0.000000000000E+00  0.100000000000E+01 -0.000000000000E+00
 -0.100000000000E+01  0.000000000000E+00 -0.000000000000E+00
  0.497811139310E+01  0.000000000000E+00  0.497811139310E+01
  0.000000000000E+00 -0.000000000000E+00 -0.100000000000E+01
  0.000000000000E+00  0.100000000000E+01  0.000000000000E+00
  0.100000000000E+01  0.000000000000E+00  0.000000000000E+00
  0.497811139310E+01  0.746716708965E+01  0.248905569655E+01
 -0.000000000000E+00  0.000000000000E+00 -0.100000000000E+01
 -0.000000000000E+00 -0.100000000000E+01  0.000000000000E+00
 -0.100000000000E+01 -0.000000000000E+00  0.000000000000E+00
  0.497811139310E+01  0.000000000000E+00  0.497811139310E+01
 -0.100000000000E+01 -0.000000000000E+00  0.000000000000E+00
  0.000000000000E+00 -0.000000000000E+00 -0.100000000000E+01
  0.000000000000E+00 -0.100000000000E+01 -0.000000000000E+00
  0.995622278620E+01  0.746716708965E+01  0.746716708965E+01
 -0.100000000000E+01  0.000000000000E+00 -0.000000000000E+00
  0.000000000000E+00 -0.100000000000E+01 -0.000000000000E+00
  0.000000000000E+00 -0.000000000000E+00 -0.100000000000E+01
  0.995622278620E+01  0.746716708965E+01  0.746716708965E+01
  0.000000000000E+00  0.100000000000E+01 -0.000000000000E+00
 -0.100000000000E+01 -0.000000000000E+00 -0.000000000000E+00
 -0.000000000000E+00 -0.000000000000E+00 -0.100000000000E+01
  0.497811139310E+01  0.497811139310E+01  0.000000000000E+00
 -0.000000000000E+00 -0.100000000000E+01 -0.000000000000E+00
  0.100000000000E+01  0.000000000000E+00 -0.000000000000E+00
  0.000000000000E+00  0.000000000000E+00 -0.100000000000E+01
  0.497811139310E+01  0.248905569655E+01  0.746716708965E+01
  0.100000000000E+01 -0.000000000000E+00 -0.000000000000E+00
 -0.000000000000E+00  0.100000000000E+01 -0.000000000000E+00
 -0.000000000000E+00  0.000000000000E+00 -0.100000000000E+01
  0.000000000000E+00  0.000000000000E+00  0.000000000000E+00
 -0.100000000000E+01 -0.000000000000E+00  0.000000000000E+00
  0.000000000000E+00  0.100000000000E+01  0.000000000000E+00
  0.000000000000E+00  0.000000000000E+00  0.100000000000E+01
  0.995622278620E+01  0.746716708965E+01  0.746716708965E+01
 -0.000000000000E+00  0.100000000000E+01  0.000000000000E+00
  0.100000000000E+01 -0.000000000000E+00  0.000000000000E+00
  0.000000000000E+00 -0.000000000000E+00  0.100000000000E+01
  0.497811139310E+01  0.248905569655E+01  0.746716708965E+01
  0.100000000000E+01  0.000000000000E+00  0.000000000000E+00
 -0.000000000000E+00 -0.100000000000E+01  0.000000000000E+00
 -0.000000000000E+00 -0.000000000000E+00  0.100000000000E+01
  0.000000000000E+00  0.000000000000E+00  0.000000000000E+00
  0.000000000000E+00 -0.100000000000E+01  0.000000000000E+00
 -0.100000000000E+01  0.000000000000E+00  0.000000000000E+00
 -0.000000000000E+00  0.000000000000E+00  0.100000000000E+01
  0.497811139310E+01  0.497811139310E+01  0.000000000000E+00
  0.000000000000E+00 -0.000000000000E+00 -0.100000000000E+01
 -0.100000000000E+01 -0.000000000000E+00  0.000000000000E+00
 -0.000000000000E+00 -0.100000000000E+01  0.000000000000E+00
  0.497811139310E+01  0.497811139310E+01  0.000000000000E+00
 -0.000000000000E+00 -0.100000000000E+01  0.000000000000E+00
 -0.000000000000E+00  0.000000000000E+00 -0.100000000000E+01
 -0.100000000000E+01  0.000000000000E+00 -0.000000000000E+00
  0.497811139310E+01  0.000000000000E+00  0.497811139310E+01
 -0.000000000000E+00  0.000000000000E+00 -0.100000000000E+01
  0.100000000000E+01  0.000000000000E+00  0.000000000000E+00
  0.000000000000E+00  0.100000000000E+01  0.000000000000E+00
  0.497811139310E+01  0.248905569655E+01  0.746716708965E+01
 -0.000000000000E+00  0.100000000000E+01 -0.000000000000E+00
 -0.000000000000E+00 -0.000000000000E+00  0.100000000000E+01
 -0.100000000000E+01 -0.000000000000E+00  0.000000000000E+00
  0.497811139310E+01  0.000000000000E+00  0.497811139310E+01
  0.000000000000E+00  0.000000000000E+00  0.100000000000E+01
 -0.100000000000E+01  0.000000000000E+00 -0.000000000000E+00
 -0.000000000000E+00  0.100000000000E+01 -0.000000000000E+00
  0.497811139310E+01  0.497811139310E+01  0.000000000000E+00
  0.000000000000E+00 -0.100000000000E+01 -0.000000000000E+00
  0.000000000000E+00  0.000000000000E+00  0.100000000000E+01
  0.100000000000E+01  0.000000000000E+00  0.000000000000E+00
  0.497811139310E+01  0.746716708965E+01  0.248905569655E+01
 -0.000000000000E+00 -0.000000000000E+00  0.100000000000E+01
  0.100000000000E+01 -0.000000000000E+00 -0.000000000000E+00
  0.000000000000E+00 -0.100000000000E+01 -0.000000000000E+00
  0.497811139310E+01  0.248905569655E+01  0.746716708965E+01
  0.000000000000E+00  0.100000000000E+01  0.000000000000E+00
  0.000000000000E+00 -0.000000000000E+00 -0.100000000000E+01
  0.100000000000E+01 -0.000000000000E+00 -0.000000000000E+00
  0.497811139310E+01  0.746716708965E+01  0.248905569655E+01
 -0.000000000000E+00 -0.000000000000E+00 -0.100000000000E+01
 -0.000000000000E+00  0.100000000000E+01  0.000000000000E+00
 -0.100000000000E+01  0.000000000000E+00  0.000000000000E+00
  0.497811139310E+01  0.000000000000E+00  0.497811139310E+01
 -0.100000000000E+01  0.000000000000E+00  0.000000000000E+00
  0.000000000000E+00  0.000000000000E+00 -0.100000000000E+01
  0.000000000000E+00  0.100000000000E+01 -0.000000000000E+00
  0.995622278620E+01  0.746716708965E+01  0.746716708965E+01
 -0.100000000000E+01 -0.000000000000E+00 -0.000000000000E+00
  0.000000000000E+00 -0.000000000000E+00  0.100000000000E+01
  0.000000000000E+00 -0.100000000000E+01  0.000000000000E+00
  0.995622278620E+01  0.746716708965E+01  0.746716708965E+01
  0.100000000000E+01 -0.000000000000E+00  0.000000000000E+00
 -0.000000000000E+00 -0.000000000000E+00 -0.100000000000E+01
 -0.000000000000E+00 -0.100000000000E+01 -0.000000000000E+00
  0.000000000000E+00  0.000000000000E+00  0.000000000000E+00
  0.000000000000E+00  0.000000000000E+00 -0.100000000000E+01
  0.000000000000E+00 -0.100000000000E+01  0.000000000000E+00
  0.100000000000E+01 -0.000000000000E+00  0.000000000000E+00
  0.497811139310E+01  0.746716708965E+01  0.248905569655E+01
 -0.000000000000E+00  0.000000000000E+00  0.100000000000E+01
 -0.000000000000E+00 -0.100000000000E+01 -0.000000000000E+00
 -0.100000000000E+01 -0.000000000000E+00 -0.000000000000E+00
  0.497811139310E+01  0.000000000000E+00  0.497811139310E+01
  0.000000000000E+00 -0.000000000000E+00  0.100000000000E+01
  0.000000000000E+00  0.100000000000E+01 -0.000000000000E+00
  0.100000000000E+01  0.000000000000E+00 -0.000000000000E+00
  0.497811139310E+01  0.746716708965E+01  0.248905569655E+01
  0.100000000000E+01  0.000000000000E+00 -0.000000000000E+00
 -0.000000000000E+00  0.000000000000E+00  0.100000000000E+01
 -0.000000000000E+00  0.100000000000E+01  0.000000000000E+00
  0.000000000000E+00  0.000000000000E+00  0.000000000000E+00
   54
    3     -0.085501784069      0.000000000000      0.000000000000
    3      2.640662979005      2.337448414097     -0.000000000000
    3     -2.489055696551     -2.403553912482      0.000000000000
    3      2.640662979005      0.000000000000      2.337448414097
    3      4.978111393101      2.337448414097      2.337448414097
   22     -0.080468961368     -2.408586735183      2.408586735183
    3     -2.489055696551      0.000000000000     -2.403553912482
   22     -0.080468961368      2.408586735183     -2.408586735183
   22     -4.897642431734     -2.408586735183     -2.408586735183
   22     -0.080468961368      2.408586735183      2.408586735183
   22      2.569524657918      5.058580354469      2.408586735183
    3     -2.489055696551      0.000000000000      2.403553912482
   22      2.569524657918      2.408586735183      5.058580354469
    3      4.978111393101      5.129718675556      5.129718675556
    3     -0.151607282454      0.000000000000      5.129718675556
    3     -2.489055696551      2.403553912482      0.000000000000
    3     -0.151607282454      5.129718675556      0.000000000000
    3     -4.892609609033     -0.000000000000      0.000000000000
   22     -0.080468961368     -2.408586735183     -2.408586735183
    3      2.640662979005     -0.000000000000     -2.337448414097
    3     -2.489055696551     -5.129718675556     -2.337448414097
    3      2.640662979005     -2.337448414097     -0.000000000000
   22      4.978111393101     -0.000000000000     -0.000000000000
    3     -0.151607282454     -5.129718675556     -0.000000000000
    3     -2.489055696551     -2.337448414097     -5.129718675556
    3     -0.151607282454     -0.000000000000     -5.129718675556
   22     -4.897642431734     -5.058580354469     -5.058580354469
   16      2.386324502355      2.591786890747      2.591786890747
   16      4.978111393101      4.926258454618      2.540908635034
   16      0.051852938484     -0.000000000000      2.540908635034
   16      4.978111393101      2.540908635034      4.926258454618
   16      7.569898283848      4.875380198905      4.875380198905
   16      2.437202758067     -0.000000000000      4.926258454618
   16      0.051852938484      2.540908635034     -0.000000000000
   16      2.437202758067      4.926258454618      0.000000000000
   16     -2.489055696551     -0.000000000000     -0.000000000000
   16      2.386324502355      4.875380198905      4.875380198905
   16      4.978111393101      7.467167089652      5.021720140101
   16      0.102731194196      2.591786890747      4.875380198905
   16      4.978111393101      5.021720140101      7.467167089652
   16      7.423558342652      7.467167089652      7.467167089652
   16      2.437202758067      2.540908635034      7.467167089652
   16      0.102731194196      4.875380198905      2.591786890747
   16      2.437202758067      7.467167089652      2.540908635034
   16     -2.489055696551      2.540908635034      2.540908635034
   16      2.532664443551     -0.000000000000     -0.000000000000
   16      4.978111393101      2.445446949551     -0.000000000000
   16      0.051852938484     -2.540908635034     -0.000000000000
   16      4.978111393101     -0.000000000000      2.445446949551
   16      7.569898283848      2.591786890747      2.591786890747
   16      2.386324502355     -2.591786890747      2.591786890747
   16      0.051852938484     -0.000000000000     -2.540908635034
   16      2.386324502355      2.591786890747     -2.591786890747
   16     -2.489055696551     -2.540908635034     -2.540908635034
  225   48
