   3   1   1 E -1.8527572278046E+04 DE-7.5E-09(  7)
  0.000000000000E+00  0.746712513461E+01  0.746712513461E+01
  0.746712513461E+01  0.000000000000E+00  0.746712513461E+01
  0.746712513461E+01  0.746712513461E+01  0.000000000000E+00
   48
  0.100000000000E+01 -0.000000000000E+00  0.000000000000E+00
 -0.000000000000E+00  0.100000000000E+01  0.000000000000E+00
 -0.000000000000E+00  0.000000000000E+00  0.100000000000E+01
  0.000000000000E+00  0.000000000000E+00  0.000000000000E+00
 -0.000000000000E+00 -0.100000000000E+01  0.000000000000E+00
  0.100000000000E+01  0.000000000000E+00  0.000000000000E+00
  0.000000000000E+00  0.000000000000E+00  0.100000000000E+01
  0.497808342307E+01  0.248904171154E+01  0.746712513461E+01
  0.000000000000E+00  0.100000000000E+01  0.000000000000E+00
 -0.100000000000E+01 -0.000000000000E+00  0.000000000000E+00
 -0.000000000000E+00 -0.000000000000E+00  0.100000000000E+01
  0.497808342307E+01  0.497808342307E+01  0.000000000000E+00
 -0.100000000000E+01  0.000000000000E+00  0.000000000000E+00
  0.000000000000E+00 -0.100000000000E+01  0.000000000000E+00
  0.000000000000E+00 -0.000000000000E+00  0.100000000000E+01
  0.995616684614E+01  0.746712513461E+01  0.746712513461E+01
  0.100000000000E+01  0.000000000000E+00 -0.000000000000E+00
 -0.000000000000E+00 -0.100000000000E+01 -0.000000000000E+00
 -0.000000000000E+00 -0.000000000000E+00 -0.100000000000E+01
  0.000000000000E+00  0.000000000000E+00  0.000000000000E+00
  0.000000000000E+00 -0.100000000000E+01 -0.000000000000E+00
 -0.100000000000E+01  0.000000000000E+00 -0.000000000000E+00
 -0.000000000000E+00  0.000000000000E+00 -0.100000000000E+01
  0.497808342307E+01  0.497808342307E+01  0.000000000000E+00
 -0.100000000000E+01 -0.000000000000E+00 -0.000000000000E+00
  0.000000000000E+00  0.100000000000E+01 -0.000000000000E+00
  0.000000000000E+00  0.000000000000E+00 -0.100000000000E+01
  0.995616684614E+01  0.746712513461E+01  0.746712513461E+01
 -0.000000000000E+00  0.100000000000E+01 -0.000000000000E+00
  0.100000000000E+01 -0.000000000000E+00 -0.000000000000E+00
  0.000000000000E+00 -0.000000000000E+00 -0.100000000000E+01
  0.497808342307E+01  0.248904171154E+01  0.746712513461E+01
 -0.000000000000E+00  0.000000000000E+00  0.100000000000E+01
  0.100000000000E+01  0.000000000000E+00 -0.000000000000E+00
  0.000000000000E+00  0.100000000000E+01 -0.000000000000E+00
  0.497808342307E+01  0.248904171154E+01  0.746712513461E+01
  0.000000000000E+00  0.100000000000E+01 -0.000000000000E+00
  0.000000000000E+00 -0.000000000000E+00  0.100000000000E+01
  0.100000000000E+01 -0.000000000000E+00  0.000000000000E+00
  0.497808342307E+01  0.746712513461E+01  0.248904171154E+01
  0.000000000000E+00 -0.000000000000E+00  0.100000000000E+01
 -0.100000000000E+01 -0.000000000000E+00 -0.000000000000E+00
 -0.000000000000E+00 -0.100000000000E+01 -0.000000000000E+00
  0.497808342307E+01  0.497808342307E+01  0.000000000000E+00
  0.000000000000E+00 -0.100000000000E+01  0.000000000000E+00
  0.000000000000E+00  0.000000000000E+00 -0.100000000000E+01
  0.100000000000E+01  0.000000000000E+00 -0.000000000000E+00
  0.497808342307E+01  0.746712513461E+01  0.248904171154E+01
 -0.000000000000E+00 -0.000000000000E+00 -0.100000000000E+01
  0.100000000000E+01 -0.000000000000E+00  0.000000000000E+00
  0.000000000000E+00 -0.100000000000E+01  0.000000000000E+00
  0.497808342307E+01  0.248904171154E+01  0.746712513461E+01
 -0.000000000000E+00  0.100000000000E+01  0.000000000000E+00
 -0.000000000000E+00 -0.000000000000E+00 -0.100000000000E+01
 -0.100000000000E+01 -0.000000000000E+00 -0.000000000000E+00
  0.497808342307E+01  0.000000000000E+00  0.497808342307E+01
  0.000000000000E+00  0.000000000000E+00 -0.100000000000E+01
 -0.100000000000E+01  0.000000000000E+00  0.000000000000E+00
 -0.000000000000E+00  0.100000000000E+01  0.000000000000E+00
  0.497808342307E+01  0.497808342307E+01  0.000000000000E+00
 -0.000000000000E+00 -0.100000000000E+01 -0.000000000000E+00
 -0.000000000000E+00  0.000000000000E+00  0.100000000000E+01
 -0.100000000000E+01  0.000000000000E+00  0.000000000000E+00
  0.497808342307E+01  0.000000000000E+00  0.497808342307E+01
  0.000000000000E+00  0.000000000000E+00  0.100000000000E+01
  0.000000000000E+00 -0.100000000000E+01 -0.000000000000E+00
  0.100000000000E+01 -0.000000000000E+00 -0.000000000000E+00
  0.497808342307E+01  0.746712513461E+01  0.248904171154E+01
  0.100000000000E+01 -0.000000000000E+00 -0.000000000000E+00
 -0.000000000000E+00 -0.000000000000E+00  0.100000000000E+01
 -0.000000000000E+00 -0.100000000000E+01  0.000000000000E+00
  0.000000000000E+00  0.000000000000E+00  0.000000000000E+00
  0.100000000000E+01  0.000000000000E+00  0.000000000000E+00
 -0.000000000000E+00  0.000000000000E+00 -0.100000000000E+01
 -0.000000000000E+00  0.100000000000E+01 -0.000000000000E+00
  0.000000000000E+00  0.000000000000E+00  0.000000000000E+00
 -0.100000000000E+01  0.000000000000E+00 -0.000000000000E+00
  0.000000000000E+00  0.000000000000E+00  0.100000000000E+01
  0.000000000000E+00  0.100000000000E+01  0.000000000000E+00
  0.995616684614E+01  0.746712513461E+01  0.746712513461E+01
 -0.000000000000E+00 -0.000000000000E+00  0.100000000000E+01
 -0.000000000000E+00  0.100000000000E+01 -0.000000000000E+00
 -0.100000000000E+01  0.000000000000E+00 -0.000000000000E+00
  0.497808342307E+01  0.000000000000E+00  0.497808342307E+01
  0.000000000000E+00 -0.000000000000E+00 -0.100000000000E+01
  0.000000000000E+00  0.100000000000E+01  0.000000000000E+00
  0.100000000000E+01  0.000000000000E+00  0.000000000000E+00
  0.497808342307E+01  0.746712513461E+01  0.248904171154E+01
 -0.000000000000E+00  0.000000000000E+00 -0.100000000000E+01
 -0.000000000000E+00 -0.100000000000E+01  0.000000000000E+00
 -0.100000000000E+01 -0.000000000000E+00  0.000000000000E+00
  0.497808342307E+01  0.000000000000E+00  0.497808342307E+01
 -0.100000000000E+01 -0.000000000000E+00  0.000000000000E+00
  0.000000000000E+00 -0.000000000000E+00 -0.100000000000E+01
  0.000000000000E+00 -0.100000000000E+01 -0.000000000000E+00
  0.995616684614E+01  0.746712513461E+01  0.746712513461E+01
 -0.100000000000E+01  0.000000000000E+00 -0.000000000000E+00
  0.000000000000E+00 -0.100000000000E+01 -0.000000000000E+00
  0.000000000000E+00 -0.000000000000E+00 -0.100000000000E+01
  0.995616684614E+01  0.746712513461E+01  0.746712513461E+01
  0.000000000000E+00  0.100000000000E+01 -0.000000000000E+00
 -0.100000000000E+01 -0.000000000000E+00 -0.000000000000E+00
 -0.000000000000E+00 -0.000000000000E+00 -0.100000000000E+01
  0.497808342307E+01  0.497808342307E+01  0.000000000000E+00
 -0.000000000000E+00 -0.100000000000E+01 -0.000000000000E+00
  0.100000000000E+01  0.000000000000E+00 -0.000000000000E+00
  0.000000000000E+00  0.000000000000E+00 -0.100000000000E+01
  0.497808342307E+01  0.248904171154E+01  0.746712513461E+01
  0.100000000000E+01 -0.000000000000E+00 -0.000000000000E+00
 -0.000000000000E+00  0.100000000000E+01 -0.000000000000E+00
 -0.000000000000E+00  0.000000000000E+00 -0.100000000000E+01
  0.000000000000E+00  0.000000000000E+00  0.000000000000E+00
 -0.100000000000E+01 -0.000000000000E+00  0.000000000000E+00
  0.000000000000E+00  0.100000000000E+01  0.000000000000E+00
  0.000000000000E+00  0.000000000000E+00  0.100000000000E+01
  0.995616684614E+01  0.746712513461E+01  0.746712513461E+01
 -0.000000000000E+00  0.100000000000E+01  0.000000000000E+00
  0.100000000000E+01 -0.000000000000E+00  0.000000000000E+00
  0.000000000000E+00 -0.000000000000E+00  0.100000000000E+01
  0.497808342307E+01  0.248904171154E+01  0.746712513461E+01
  0.100000000000E+01  0.000000000000E+00  0.000000000000E+00
 -0.000000000000E+00 -0.100000000000E+01  0.000000000000E+00
 -0.000000000000E+00 -0.000000000000E+00  0.100000000000E+01
  0.000000000000E+00  0.000000000000E+00  0.000000000000E+00
  0.000000000000E+00 -0.100000000000E+01  0.000000000000E+00
 -0.100000000000E+01  0.000000000000E+00  0.000000000000E+00
 -0.000000000000E+00  0.000000000000E+00  0.100000000000E+01
  0.497808342307E+01  0.497808342307E+01  0.000000000000E+00
  0.000000000000E+00 -0.000000000000E+00 -0.100000000000E+01
 -0.100000000000E+01 -0.000000000000E+00  0.000000000000E+00
 -0.000000000000E+00 -0.100000000000E+01  0.000000000000E+00
  0.497808342307E+01  0.497808342307E+01  0.000000000000E+00
 -0.000000000000E+00 -0.100000000000E+01  0.000000000000E+00
 -0.000000000000E+00  0.000000000000E+00 -0.100000000000E+01
 -0.100000000000E+01  0.000000000000E+00 -0.000000000000E+00
  0.497808342307E+01  0.000000000000E+00  0.497808342307E+01
 -0.000000000000E+00  0.000000000000E+00 -0.100000000000E+01
  0.100000000000E+01  0.000000000000E+00  0.000000000000E+00
  0.000000000000E+00  0.100000000000E+01  0.000000000000E+00
  0.497808342307E+01  0.248904171154E+01  0.746712513461E+01
 -0.000000000000E+00  0.100000000000E+01 -0.000000000000E+00
 -0.000000000000E+00 -0.000000000000E+00  0.100000000000E+01
 -0.100000000000E+01 -0.000000000000E+00  0.000000000000E+00
  0.497808342307E+01  0.000000000000E+00  0.497808342307E+01
  0.000000000000E+00  0.000000000000E+00  0.100000000000E+01
 -0.100000000000E+01  0.000000000000E+00 -0.000000000000E+00
 -0.000000000000E+00  0.100000000000E+01 -0.000000000000E+00
  0.497808342307E+01  0.497808342307E+01  0.000000000000E+00
  0.000000000000E+00 -0.100000000000E+01 -0.000000000000E+00
  0.000000000000E+00  0.000000000000E+00  0.100000000000E+01
  0.100000000000E+01  0.000000000000E+00  0.000000000000E+00
  0.497808342307E+01  0.746712513461E+01  0.248904171154E+01
 -0.000000000000E+00 -0.000000000000E+00  0.100000000000E+01
  0.100000000000E+01 -0.000000000000E+00 -0.000000000000E+00
  0.000000000000E+00 -0.100000000000E+01 -0.000000000000E+00
  0.497808342307E+01  0.248904171154E+01  0.746712513461E+01
  0.000000000000E+00  0.100000000000E+01  0.000000000000E+00
  0.000000000000E+00 -0.000000000000E+00 -0.100000000000E+01
  0.100000000000E+01 -0.000000000000E+00 -0.000000000000E+00
  0.497808342307E+01  0.746712513461E+01  0.248904171154E+01
 -0.000000000000E+00 -0.000000000000E+00 -0.100000000000E+01
 -0.000000000000E+00  0.100000000000E+01  0.000000000000E+00
 -0.100000000000E+01  0.000000000000E+00  0.000000000000E+00
  0.497808342307E+01  0.000000000000E+00  0.497808342307E+01
 -0.100000000000E+01  0.000000000000E+00  0.000000000000E+00
  0.000000000000E+00  0.000000000000E+00 -0.100000000000E+01
  0.000000000000E+00  0.100000000000E+01 -0.000000000000E+00
  0.995616684614E+01  0.746712513461E+01  0.746712513461E+01
 -0.100000000000E+01 -0.000000000000E+00 -0.000000000000E+00
  0.000000000000E+00 -0.000000000000E+00  0.100000000000E+01
  0.000000000000E+00 -0.100000000000E+01  0.000000000000E+00
  0.995616684614E+01  0.746712513461E+01  0.746712513461E+01
  0.100000000000E+01 -0.000000000000E+00  0.000000000000E+00
 -0.000000000000E+00 -0.000000000000E+00 -0.100000000000E+01
 -0.000000000000E+00 -0.100000000000E+01 -0.000000000000E+00
  0.000000000000E+00  0.000000000000E+00  0.000000000000E+00
  0.000000000000E+00  0.000000000000E+00 -0.100000000000E+01
  0.000000000000E+00 -0.100000000000E+01  0.000000000000E+00
  0.100000000000E+01 -0.000000000000E+00  0.000000000000E+00
  0.497808342307E+01  0.746712513461E+01  0.248904171154E+01
 -0.000000000000E+00  0.000000000000E+00  0.100000000000E+01
 -0.000000000000E+00 -0.100000000000E+01 -0.000000000000E+00
 -0.100000000000E+01 -0.000000000000E+00 -0.000000000000E+00
  0.497808342307E+01  0.000000000000E+00  0.497808342307E+01
  0.000000000000E+00 -0.000000000000E+00  0.100000000000E+01
  0.000000000000E+00  0.100000000000E+01 -0.000000000000E+00
  0.100000000000E+01  0.000000000000E+00 -0.000000000000E+00
  0.497808342307E+01  0.746712513461E+01  0.248904171154E+01
  0.100000000000E+01  0.000000000000E+00 -0.000000000000E+00
 -0.000000000000E+00  0.000000000000E+00  0.100000000000E+01
 -0.000000000000E+00  0.100000000000E+01  0.000000000000E+00
  0.000000000000E+00  0.000000000000E+00  0.000000000000E+00
   54
    3     -0.085456456696      0.000000000000      0.000000000000
    3      2.640648220234      2.337435202838     -0.000000000000
    3     -2.489041711536     -2.403585254840      0.000000000000
    3      2.640648220234      0.000000000000      2.337435202838
    3      4.978083423072      2.337435202838      2.337435202838
   22     -0.080465686606     -2.408576024930      2.408576024930
    3     -2.489041711536      0.000000000000     -2.403585254840
   22     -0.080465686606      2.408576024930     -2.408576024930
   22     -4.897617736466     -2.408576024930     -2.408576024930
   22     -0.080465686606      2.408576024930      2.408576024930
   22      2.569507398142      5.058549109678      2.408576024930
    3     -2.489041711536      0.000000000000      2.403585254840
   22      2.569507398142      2.408576024930      5.058549109678
    3      4.978083423072      5.129689931770      5.129689931770
    3     -0.151606508698      0.000000000000      5.129689931770
    3     -2.489041711536      2.403585254840      0.000000000000
    3     -0.151606508698      5.129689931770      0.000000000000
    3     -4.892626966376     -0.000000000000      0.000000000000
   22     -0.080465686606     -2.408576024930     -2.408576024930
    3      2.640648220234     -0.000000000000     -2.337435202838
    3     -2.489041711536     -5.129689931770     -2.337435202838
    3      2.640648220234     -2.337435202838     -0.000000000000
   22      4.978083423072     -0.000000000000     -0.000000000000
    3     -0.151606508698     -5.129689931770     -0.000000000000
    3     -2.489041711536     -2.337435202838     -5.129689931770
    3     -0.151606508698     -0.000000000000     -5.129689931770
   22     -4.897617736466     -5.058549109678     -5.058549109678
   16      2.386329866632      2.591753556440      2.591753556440
   16      4.978083423072      4.926313525426      2.540811609181
   16      0.051769897645     -0.000000000000      2.540811609181
   16      4.978083423072      2.540811609181      4.926313525426
   16      7.569836979511      4.875371578168      4.875371578168
   16      2.437271813890     -0.000000000000      4.926313525426
   16      0.051769897645      2.540811609181     -0.000000000000
   16      2.437271813890      4.926313525426      0.000000000000
   16     -2.489041711536     -0.000000000000     -0.000000000000
   16      2.386329866632      4.875371578168      4.875371578168
   16      4.978083423072      7.467125134608      5.021627141695
   16      0.102711844904      2.591753556440      4.875371578168
   16      4.978083423072      5.021627141695      7.467125134608
   16      7.423581415985      7.467125134608      7.467125134608
   16      2.437271813890      2.540811609181      7.467125134608
   16      0.102711844904      4.875371578168      2.591753556440
   16      2.437271813890      7.467125134608      2.540811609181
   16     -2.489041711536      2.540811609181      2.540811609181
   16      2.532585430159     -0.000000000000     -0.000000000000
   16      4.978083423072      2.445497992913     -0.000000000000
   16      0.051769897645     -2.540811609181     -0.000000000000
   16      4.978083423072     -0.000000000000      2.445497992913
   16      7.569836979511      2.591753556440      2.591753556440
   16      2.386329866632     -2.591753556440      2.591753556440
   16      0.051769897645     -0.000000000000     -2.540811609181
   16      2.386329866632      2.591753556440     -2.591753556440
   16     -2.489041711536     -2.540811609181     -2.540811609181
  225   48
