   3   1   1 E -1.8527466089154E+04 DE-1.9E-04( 37)
  0.000000000000E+00  0.758953358784E+01  0.758953358784E+01
  0.758953358784E+01  0.000000000000E+00  0.758953358784E+01
  0.758953358784E+01  0.758953358784E+01  0.000000000000E+00
   48
  0.100000000000E+01 -0.000000000000E+00  0.000000000000E+00
 -0.000000000000E+00  0.100000000000E+01  0.000000000000E+00
 -0.000000000000E+00  0.000000000000E+00  0.100000000000E+01
  0.000000000000E+00  0.000000000000E+00  0.000000000000E+00
 -0.000000000000E+00 -0.100000000000E+01  0.000000000000E+00
  0.100000000000E+01  0.000000000000E+00  0.000000000000E+00
  0.000000000000E+00  0.000000000000E+00  0.100000000000E+01
  0.505968905856E+01  0.252984452928E+01  0.758953358784E+01
  0.000000000000E+00  0.100000000000E+01  0.000000000000E+00
 -0.100000000000E+01 -0.000000000000E+00  0.000000000000E+00
 -0.000000000000E+00 -0.000000000000E+00  0.100000000000E+01
  0.505968905856E+01  0.505968905856E+01  0.000000000000E+00
 -0.100000000000E+01  0.000000000000E+00  0.000000000000E+00
  0.000000000000E+00 -0.100000000000E+01  0.000000000000E+00
  0.000000000000E+00 -0.000000000000E+00  0.100000000000E+01
  0.101193781171E+02  0.758953358784E+01  0.758953358784E+01
  0.100000000000E+01  0.000000000000E+00 -0.000000000000E+00
 -0.000000000000E+00 -0.100000000000E+01 -0.000000000000E+00
 -0.000000000000E+00 -0.000000000000E+00 -0.100000000000E+01
  0.000000000000E+00  0.000000000000E+00  0.000000000000E+00
  0.000000000000E+00 -0.100000000000E+01 -0.000000000000E+00
 -0.100000000000E+01  0.000000000000E+00 -0.000000000000E+00
 -0.000000000000E+00  0.000000000000E+00 -0.100000000000E+01
  0.505968905856E+01  0.505968905856E+01  0.000000000000E+00
 -0.100000000000E+01 -0.000000000000E+00 -0.000000000000E+00
  0.000000000000E+00  0.100000000000E+01 -0.000000000000E+00
  0.000000000000E+00  0.000000000000E+00 -0.100000000000E+01
  0.101193781171E+02  0.758953358784E+01  0.758953358784E+01
 -0.000000000000E+00  0.100000000000E+01 -0.000000000000E+00
  0.100000000000E+01 -0.000000000000E+00 -0.000000000000E+00
  0.000000000000E+00 -0.000000000000E+00 -0.100000000000E+01
  0.505968905856E+01  0.252984452928E+01  0.758953358784E+01
 -0.000000000000E+00  0.000000000000E+00  0.100000000000E+01
  0.100000000000E+01  0.000000000000E+00 -0.000000000000E+00
  0.000000000000E+00  0.100000000000E+01 -0.000000000000E+00
  0.505968905856E+01  0.252984452928E+01  0.758953358784E+01
  0.000000000000E+00  0.100000000000E+01 -0.000000000000E+00
  0.000000000000E+00 -0.000000000000E+00  0.100000000000E+01
  0.100000000000E+01 -0.000000000000E+00  0.000000000000E+00
  0.505968905856E+01  0.758953358784E+01  0.252984452928E+01
  0.000000000000E+00 -0.000000000000E+00  0.100000000000E+01
 -0.100000000000E+01 -0.000000000000E+00 -0.000000000000E+00
 -0.000000000000E+00 -0.100000000000E+01 -0.000000000000E+00
  0.505968905856E+01  0.505968905856E+01  0.000000000000E+00
  0.000000000000E+00 -0.100000000000E+01  0.000000000000E+00
  0.000000000000E+00  0.000000000000E+00 -0.100000000000E+01
  0.100000000000E+01  0.000000000000E+00 -0.000000000000E+00
  0.505968905856E+01  0.758953358784E+01  0.252984452928E+01
 -0.000000000000E+00 -0.000000000000E+00 -0.100000000000E+01
  0.100000000000E+01 -0.000000000000E+00  0.000000000000E+00
  0.000000000000E+00 -0.100000000000E+01  0.000000000000E+00
  0.505968905856E+01  0.252984452928E+01  0.758953358784E+01
 -0.000000000000E+00  0.100000000000E+01  0.000000000000E+00
 -0.000000000000E+00 -0.000000000000E+00 -0.100000000000E+01
 -0.100000000000E+01 -0.000000000000E+00 -0.000000000000E+00
  0.505968905856E+01  0.000000000000E+00  0.505968905856E+01
  0.000000000000E+00  0.000000000000E+00 -0.100000000000E+01
 -0.100000000000E+01  0.000000000000E+00  0.000000000000E+00
 -0.000000000000E+00  0.100000000000E+01  0.000000000000E+00
  0.505968905856E+01  0.505968905856E+01  0.000000000000E+00
 -0.000000000000E+00 -0.100000000000E+01 -0.000000000000E+00
 -0.000000000000E+00  0.000000000000E+00  0.100000000000E+01
 -0.100000000000E+01  0.000000000000E+00  0.000000000000E+00
  0.505968905856E+01  0.000000000000E+00  0.505968905856E+01
  0.000000000000E+00  0.000000000000E+00  0.100000000000E+01
  0.000000000000E+00 -0.100000000000E+01 -0.000000000000E+00
  0.100000000000E+01 -0.000000000000E+00 -0.000000000000E+00
  0.505968905856E+01  0.758953358784E+01  0.252984452928E+01
  0.100000000000E+01 -0.000000000000E+00 -0.000000000000E+00
 -0.000000000000E+00 -0.000000000000E+00  0.100000000000E+01
 -0.000000000000E+00 -0.100000000000E+01  0.000000000000E+00
  0.000000000000E+00  0.000000000000E+00  0.000000000000E+00
  0.100000000000E+01  0.000000000000E+00  0.000000000000E+00
 -0.000000000000E+00  0.000000000000E+00 -0.100000000000E+01
 -0.000000000000E+00  0.100000000000E+01 -0.000000000000E+00
  0.000000000000E+00  0.000000000000E+00  0.000000000000E+00
 -0.100000000000E+01  0.000000000000E+00 -0.000000000000E+00
  0.000000000000E+00  0.000000000000E+00  0.100000000000E+01
  0.000000000000E+00  0.100000000000E+01  0.000000000000E+00
  0.101193781171E+02  0.758953358784E+01  0.758953358784E+01
 -0.000000000000E+00 -0.000000000000E+00  0.100000000000E+01
 -0.000000000000E+00  0.100000000000E+01 -0.000000000000E+00
 -0.100000000000E+01  0.000000000000E+00 -0.000000000000E+00
  0.505968905856E+01  0.000000000000E+00  0.505968905856E+01
  0.000000000000E+00 -0.000000000000E+00 -0.100000000000E+01
  0.000000000000E+00  0.100000000000E+01  0.000000000000E+00
  0.100000000000E+01  0.000000000000E+00  0.000000000000E+00
  0.505968905856E+01  0.758953358784E+01  0.252984452928E+01
 -0.000000000000E+00  0.000000000000E+00 -0.100000000000E+01
 -0.000000000000E+00 -0.100000000000E+01  0.000000000000E+00
 -0.100000000000E+01 -0.000000000000E+00  0.000000000000E+00
  0.505968905856E+01  0.000000000000E+00  0.505968905856E+01
 -0.100000000000E+01 -0.000000000000E+00  0.000000000000E+00
  0.000000000000E+00 -0.000000000000E+00 -0.100000000000E+01
  0.000000000000E+00 -0.100000000000E+01 -0.000000000000E+00
  0.101193781171E+02  0.758953358784E+01  0.758953358784E+01
 -0.100000000000E+01  0.000000000000E+00 -0.000000000000E+00
  0.000000000000E+00 -0.100000000000E+01 -0.000000000000E+00
  0.000000000000E+00 -0.000000000000E+00 -0.100000000000E+01
  0.101193781171E+02  0.758953358784E+01  0.758953358784E+01
  0.000000000000E+00  0.100000000000E+01 -0.000000000000E+00
 -0.100000000000E+01 -0.000000000000E+00 -0.000000000000E+00
 -0.000000000000E+00 -0.000000000000E+00 -0.100000000000E+01
  0.505968905856E+01  0.505968905856E+01  0.000000000000E+00
 -0.000000000000E+00 -0.100000000000E+01 -0.000000000000E+00
  0.100000000000E+01  0.000000000000E+00 -0.000000000000E+00
  0.000000000000E+00  0.000000000000E+00 -0.100000000000E+01
  0.505968905856E+01  0.252984452928E+01  0.758953358784E+01
  0.100000000000E+01 -0.000000000000E+00 -0.000000000000E+00
 -0.000000000000E+00  0.100000000000E+01 -0.000000000000E+00
 -0.000000000000E+00  0.000000000000E+00 -0.100000000000E+01
  0.000000000000E+00  0.000000000000E+00  0.000000000000E+00
 -0.100000000000E+01 -0.000000000000E+00  0.000000000000E+00
  0.000000000000E+00  0.100000000000E+01  0.000000000000E+00
  0.000000000000E+00  0.000000000000E+00  0.100000000000E+01
  0.101193781171E+02  0.758953358784E+01  0.758953358784E+01
 -0.000000000000E+00  0.100000000000E+01  0.000000000000E+00
  0.100000000000E+01 -0.000000000000E+00  0.000000000000E+00
  0.000000000000E+00 -0.000000000000E+00  0.100000000000E+01
  0.505968905856E+01  0.252984452928E+01  0.758953358784E+01
  0.100000000000E+01  0.000000000000E+00  0.000000000000E+00
 -0.000000000000E+00 -0.100000000000E+01  0.000000000000E+00
 -0.000000000000E+00 -0.000000000000E+00  0.100000000000E+01
  0.000000000000E+00  0.000000000000E+00  0.000000000000E+00
  0.000000000000E+00 -0.100000000000E+01  0.000000000000E+00
 -0.100000000000E+01  0.000000000000E+00  0.000000000000E+00
 -0.000000000000E+00  0.000000000000E+00  0.100000000000E+01
  0.505968905856E+01  0.505968905856E+01  0.000000000000E+00
  0.000000000000E+00 -0.000000000000E+00 -0.100000000000E+01
 -0.100000000000E+01 -0.000000000000E+00  0.000000000000E+00
 -0.000000000000E+00 -0.100000000000E+01  0.000000000000E+00
  0.505968905856E+01  0.505968905856E+01  0.000000000000E+00
 -0.000000000000E+00 -0.100000000000E+01  0.000000000000E+00
 -0.000000000000E+00  0.000000000000E+00 -0.100000000000E+01
 -0.100000000000E+01  0.000000000000E+00 -0.000000000000E+00
  0.505968905856E+01  0.000000000000E+00  0.505968905856E+01
 -0.000000000000E+00  0.000000000000E+00 -0.100000000000E+01
  0.100000000000E+01  0.000000000000E+00  0.000000000000E+00
  0.000000000000E+00  0.100000000000E+01  0.000000000000E+00
  0.505968905856E+01  0.252984452928E+01  0.758953358784E+01
 -0.000000000000E+00  0.100000000000E+01 -0.000000000000E+00
 -0.000000000000E+00 -0.000000000000E+00  0.100000000000E+01
 -0.100000000000E+01 -0.000000000000E+00  0.000000000000E+00
  0.505968905856E+01  0.000000000000E+00  0.505968905856E+01
  0.000000000000E+00  0.000000000000E+00  0.100000000000E+01
 -0.100000000000E+01  0.000000000000E+00 -0.000000000000E+00
 -0.000000000000E+00  0.100000000000E+01 -0.000000000000E+00
  0.505968905856E+01  0.505968905856E+01  0.000000000000E+00
  0.000000000000E+00 -0.100000000000E+01 -0.000000000000E+00
  0.000000000000E+00  0.000000000000E+00  0.100000000000E+01
  0.100000000000E+01  0.000000000000E+00  0.000000000000E+00
  0.505968905856E+01  0.758953358784E+01  0.252984452928E+01
 -0.000000000000E+00 -0.000000000000E+00  0.100000000000E+01
  0.100000000000E+01 -0.000000000000E+00 -0.000000000000E+00
  0.000000000000E+00 -0.100000000000E+01 -0.000000000000E+00
  0.505968905856E+01  0.252984452928E+01  0.758953358784E+01
  0.000000000000E+00  0.100000000000E+01  0.000000000000E+00
  0.000000000000E+00 -0.000000000000E+00 -0.100000000000E+01
  0.100000000000E+01 -0.000000000000E+00 -0.000000000000E+00
  0.505968905856E+01  0.758953358784E+01  0.252984452928E+01
 -0.000000000000E+00 -0.000000000000E+00 -0.100000000000E+01
 -0.000000000000E+00  0.100000000000E+01  0.000000000000E+00
 -0.100000000000E+01  0.000000000000E+00  0.000000000000E+00
  0.505968905856E+01  0.000000000000E+00  0.505968905856E+01
 -0.100000000000E+01  0.000000000000E+00  0.000000000000E+00
  0.000000000000E+00  0.000000000000E+00 -0.100000000000E+01
  0.000000000000E+00  0.100000000000E+01 -0.000000000000E+00
  0.101193781171E+02  0.758953358784E+01  0.758953358784E+01
 -0.100000000000E+01 -0.000000000000E+00 -0.000000000000E+00
  0.000000000000E+00 -0.000000000000E+00  0.100000000000E+01
  0.000000000000E+00 -0.100000000000E+01  0.000000000000E+00
  0.101193781171E+02  0.758953358784E+01  0.758953358784E+01
  0.100000000000E+01 -0.000000000000E+00  0.000000000000E+00
 -0.000000000000E+00 -0.000000000000E+00 -0.100000000000E+01
 -0.000000000000E+00 -0.100000000000E+01 -0.000000000000E+00
  0.000000000000E+00  0.000000000000E+00  0.000000000000E+00
  0.000000000000E+00  0.000000000000E+00 -0.100000000000E+01
  0.000000000000E+00 -0.100000000000E+01  0.000000000000E+00
  0.100000000000E+01 -0.000000000000E+00  0.000000000000E+00
  0.505968905856E+01  0.758953358784E+01  0.252984452928E+01
 -0.000000000000E+00  0.000000000000E+00  0.100000000000E+01
 -0.000000000000E+00 -0.100000000000E+01 -0.000000000000E+00
 -0.100000000000E+01 -0.000000000000E+00 -0.000000000000E+00
  0.505968905856E+01  0.000000000000E+00  0.505968905856E+01
  0.000000000000E+00 -0.000000000000E+00  0.100000000000E+01
  0.000000000000E+00  0.100000000000E+01 -0.000000000000E+00
  0.100000000000E+01  0.000000000000E+00 -0.000000000000E+00
  0.505968905856E+01  0.758953358784E+01  0.252984452928E+01
  0.100000000000E+01  0.000000000000E+00 -0.000000000000E+00
 -0.000000000000E+00  0.000000000000E+00  0.100000000000E+01
 -0.000000000000E+00  0.100000000000E+01  0.000000000000E+00
  0.000000000000E+00  0.000000000000E+00  0.000000000000E+00
   54
    3     -0.003315715125      0.000000000000      0.000000000000
    3      2.538955302928      2.520733755635     -0.000000000000
    3     -2.529844529282     -2.526528814156      0.000000000000
    3      2.538955302928      0.000000000000      2.520733755635
    3      5.059689058563      2.520733755635      2.520733755635
   22     -0.020934064570     -2.508910464712      2.508910464712
    3     -2.529844529282      0.000000000000     -2.526528814156
   22     -0.020934064570      2.508910464712     -2.508910464712
   22     -5.038754993993     -2.508910464712     -2.508910464712
   22     -0.020934064570      2.508910464712      2.508910464712
   22      2.550778593851      5.080623123133      2.508910464712
    3     -2.529844529282      0.000000000000      2.526528814156
   22      2.550778593851      2.508910464712      5.080623123133
    3      5.059689058563      5.068799832210      5.068799832210
    3     -0.009110773647      0.000000000000      5.068799832210
    3     -2.529844529282      2.526528814156      0.000000000000
    3     -0.009110773647      5.068799832210      0.000000000000
    3     -5.056373343438     -0.000000000000      0.000000000000
   22     -0.020934064570     -2.508910464712     -2.508910464712
    3      2.538955302928     -0.000000000000     -2.520733755635
    3     -2.529844529282     -5.068799832210     -2.520733755635
    3      2.538955302928     -2.520733755635     -0.000000000000
   22      5.059689058563     -0.000000000000     -0.000000000000
    3     -0.009110773647     -5.068799832210     -0.000000000000
    3     -2.529844529282     -2.520733755635     -5.068799832210
    3     -0.009110773647     -0.000000000000     -5.068799832210
   22     -5.038754993993     -5.080623123133     -5.080623123133
   16      2.497378163251      2.562310895312      2.562310895312
   16      5.059689058563      5.058487536399      2.531046051446
   16      0.001201522164     -0.000000000000      2.531046051446
   16      5.059689058563      2.531046051446      5.058487536399
   16      7.621999953875      5.027222692533      5.027222692533
   16      2.528643007117     -0.000000000000      5.058487536399
   16      0.001201522164      2.531046051446     -0.000000000000
   16      2.528643007117      5.058487536399      0.000000000000
   16     -2.529844529282     -0.000000000000     -0.000000000000
   16      2.497378163251      5.027222692533      5.027222692533
   16      5.059689058563      7.589533587845      5.093935836794
   16      0.032466366031      2.562310895312      5.027222692533
   16      5.059689058563      5.093935836794      7.589533587845
   16      7.555286809614      7.589533587845      7.589533587845
   16      2.528643007117      2.531046051446      7.589533587845
   16      0.032466366031      5.027222692533      2.562310895312
   16      2.528643007117      7.589533587845      2.531046051446
   16     -2.529844529282      2.531046051446      2.531046051446
   16      2.564091307512     -0.000000000000     -0.000000000000
   16      5.059689058563      2.495597751051     -0.000000000000
   16      0.001201522164     -2.531046051446     -0.000000000000
   16      5.059689058563     -0.000000000000      2.495597751051
   16      7.621999953875      2.562310895312      2.562310895312
   16      2.497378163251     -2.562310895312      2.562310895312
   16      0.001201522164     -0.000000000000     -2.531046051446
   16      2.497378163251      2.562310895312     -2.562310895312
   16     -2.529844529282     -2.531046051446     -2.531046051446
  225   48
