   3   1   1 E -1.8527572279959E+04 DE-4.0E-09(  7)
  0.000000000000E+00  0.746730956874E+01  0.746730956874E+01
  0.746730956874E+01  0.000000000000E+00  0.746730956874E+01
  0.746730956874E+01  0.746730956874E+01  0.000000000000E+00
   48
  0.100000000000E+01 -0.000000000000E+00  0.000000000000E+00
 -0.000000000000E+00  0.100000000000E+01  0.000000000000E+00
 -0.000000000000E+00  0.000000000000E+00  0.100000000000E+01
  0.000000000000E+00  0.000000000000E+00  0.000000000000E+00
 -0.000000000000E+00 -0.100000000000E+01  0.000000000000E+00
  0.100000000000E+01  0.000000000000E+00  0.000000000000E+00
  0.000000000000E+00  0.000000000000E+00  0.100000000000E+01
  0.497820637916E+01  0.248910318958E+01  0.746730956874E+01
  0.000000000000E+00  0.100000000000E+01  0.000000000000E+00
 -0.100000000000E+01 -0.000000000000E+00  0.000000000000E+00
 -0.000000000000E+00 -0.000000000000E+00  0.100000000000E+01
  0.497820637916E+01  0.497820637916E+01  0.000000000000E+00
 -0.100000000000E+01  0.000000000000E+00  0.000000000000E+00
  0.000000000000E+00 -0.100000000000E+01  0.000000000000E+00
  0.000000000000E+00 -0.000000000000E+00  0.100000000000E+01
  0.995641275832E+01  0.746730956874E+01  0.746730956874E+01
  0.100000000000E+01  0.000000000000E+00 -0.000000000000E+00
 -0.000000000000E+00 -0.100000000000E+01 -0.000000000000E+00
 -0.000000000000E+00 -0.000000000000E+00 -0.100000000000E+01
  0.000000000000E+00  0.000000000000E+00  0.000000000000E+00
  0.000000000000E+00 -0.100000000000E+01 -0.000000000000E+00
 -0.100000000000E+01  0.000000000000E+00 -0.000000000000E+00
 -0.000000000000E+00  0.000000000000E+00 -0.100000000000E+01
  0.497820637916E+01  0.497820637916E+01  0.000000000000E+00
 -0.100000000000E+01 -0.000000000000E+00 -0.000000000000E+00
  0.000000000000E+00  0.100000000000E+01 -0.000000000000E+00
  0.000000000000E+00  0.000000000000E+00 -0.100000000000E+01
  0.995641275832E+01  0.746730956874E+01  0.746730956874E+01
 -0.000000000000E+00  0.100000000000E+01 -0.000000000000E+00
  0.100000000000E+01 -0.000000000000E+00 -0.000000000000E+00
  0.000000000000E+00 -0.000000000000E+00 -0.100000000000E+01
  0.497820637916E+01  0.248910318958E+01  0.746730956874E+01
 -0.000000000000E+00  0.000000000000E+00  0.100000000000E+01
  0.100000000000E+01  0.000000000000E+00 -0.000000000000E+00
  0.000000000000E+00  0.100000000000E+01 -0.000000000000E+00
  0.497820637916E+01  0.248910318958E+01  0.746730956874E+01
  0.000000000000E+00  0.100000000000E+01 -0.000000000000E+00
  0.000000000000E+00 -0.000000000000E+00  0.100000000000E+01
  0.100000000000E+01 -0.000000000000E+00  0.000000000000E+00
  0.497820637916E+01  0.746730956874E+01  0.248910318958E+01
  0.000000000000E+00 -0.000000000000E+00  0.100000000000E+01
 -0.100000000000E+01 -0.000000000000E+00 -0.000000000000E+00
 -0.000000000000E+00 -0.100000000000E+01 -0.000000000000E+00
  0.497820637916E+01  0.497820637916E+01  0.000000000000E+00
  0.000000000000E+00 -0.100000000000E+01  0.000000000000E+00
  0.000000000000E+00  0.000000000000E+00 -0.100000000000E+01
  0.100000000000E+01  0.000000000000E+00 -0.000000000000E+00
  0.497820637916E+01  0.746730956874E+01  0.248910318958E+01
 -0.000000000000E+00 -0.000000000000E+00 -0.100000000000E+01
  0.100000000000E+01 -0.000000000000E+00  0.000000000000E+00
  0.000000000000E+00 -0.100000000000E+01  0.000000000000E+00
  0.497820637916E+01  0.248910318958E+01  0.746730956874E+01
 -0.000000000000E+00  0.100000000000E+01  0.000000000000E+00
 -0.000000000000E+00 -0.000000000000E+00 -0.100000000000E+01
 -0.100000000000E+01 -0.000000000000E+00 -0.000000000000E+00
  0.497820637916E+01  0.000000000000E+00  0.497820637916E+01
  0.000000000000E+00  0.000000000000E+00 -0.100000000000E+01
 -0.100000000000E+01  0.000000000000E+00  0.000000000000E+00
 -0.000000000000E+00  0.100000000000E+01  0.000000000000E+00
  0.497820637916E+01  0.497820637916E+01  0.000000000000E+00
 -0.000000000000E+00 -0.100000000000E+01 -0.000000000000E+00
 -0.000000000000E+00  0.000000000000E+00  0.100000000000E+01
 -0.100000000000E+01  0.000000000000E+00  0.000000000000E+00
  0.497820637916E+01  0.000000000000E+00  0.497820637916E+01
  0.000000000000E+00  0.000000000000E+00  0.100000000000E+01
  0.000000000000E+00 -0.100000000000E+01 -0.000000000000E+00
  0.100000000000E+01 -0.000000000000E+00 -0.000000000000E+00
  0.497820637916E+01  0.746730956874E+01  0.248910318958E+01
  0.100000000000E+01 -0.000000000000E+00 -0.000000000000E+00
 -0.000000000000E+00 -0.000000000000E+00  0.100000000000E+01
 -0.000000000000E+00 -0.100000000000E+01  0.000000000000E+00
  0.000000000000E+00  0.000000000000E+00  0.000000000000E+00
  0.100000000000E+01  0.000000000000E+00  0.000000000000E+00
 -0.000000000000E+00  0.000000000000E+00 -0.100000000000E+01
 -0.000000000000E+00  0.100000000000E+01 -0.000000000000E+00
  0.000000000000E+00  0.000000000000E+00  0.000000000000E+00
 -0.100000000000E+01  0.000000000000E+00 -0.000000000000E+00
  0.000000000000E+00  0.000000000000E+00  0.100000000000E+01
  0.000000000000E+00  0.100000000000E+01  0.000000000000E+00
  0.995641275832E+01  0.746730956874E+01  0.746730956874E+01
 -0.000000000000E+00 -0.000000000000E+00  0.100000000000E+01
 -0.000000000000E+00  0.100000000000E+01 -0.000000000000E+00
 -0.100000000000E+01  0.000000000000E+00 -0.000000000000E+00
  0.497820637916E+01  0.000000000000E+00  0.497820637916E+01
  0.000000000000E+00 -0.000000000000E+00 -0.100000000000E+01
  0.000000000000E+00  0.100000000000E+01  0.000000000000E+00
  0.100000000000E+01  0.000000000000E+00  0.000000000000E+00
  0.497820637916E+01  0.746730956874E+01  0.248910318958E+01
 -0.000000000000E+00  0.000000000000E+00 -0.100000000000E+01
 -0.000000000000E+00 -0.100000000000E+01  0.000000000000E+00
 -0.100000000000E+01 -0.000000000000E+00  0.000000000000E+00
  0.497820637916E+01  0.000000000000E+00  0.497820637916E+01
 -0.100000000000E+01 -0.000000000000E+00  0.000000000000E+00
  0.000000000000E+00 -0.000000000000E+00 -0.100000000000E+01
  0.000000000000E+00 -0.100000000000E+01 -0.000000000000E+00
  0.995641275832E+01  0.746730956874E+01  0.746730956874E+01
 -0.100000000000E+01  0.000000000000E+00 -0.000000000000E+00
  0.000000000000E+00 -0.100000000000E+01 -0.000000000000E+00
  0.000000000000E+00 -0.000000000000E+00 -0.100000000000E+01
  0.995641275832E+01  0.746730956874E+01  0.746730956874E+01
  0.000000000000E+00  0.100000000000E+01 -0.000000000000E+00
 -0.100000000000E+01 -0.000000000000E+00 -0.000000000000E+00
 -0.000000000000E+00 -0.000000000000E+00 -0.100000000000E+01
  0.497820637916E+01  0.497820637916E+01  0.000000000000E+00
 -0.000000000000E+00 -0.100000000000E+01 -0.000000000000E+00
  0.100000000000E+01  0.000000000000E+00 -0.000000000000E+00
  0.000000000000E+00  0.000000000000E+00 -0.100000000000E+01
  0.497820637916E+01  0.248910318958E+01  0.746730956874E+01
  0.100000000000E+01 -0.000000000000E+00 -0.000000000000E+00
 -0.000000000000E+00  0.100000000000E+01 -0.000000000000E+00
 -0.000000000000E+00  0.000000000000E+00 -0.100000000000E+01
  0.000000000000E+00  0.000000000000E+00  0.000000000000E+00
 -0.100000000000E+01 -0.000000000000E+00  0.000000000000E+00
  0.000000000000E+00  0.100000000000E+01  0.000000000000E+00
  0.000000000000E+00  0.000000000000E+00  0.100000000000E+01
  0.995641275832E+01  0.746730956874E+01  0.746730956874E+01
 -0.000000000000E+00  0.100000000000E+01  0.000000000000E+00
  0.100000000000E+01 -0.000000000000E+00  0.000000000000E+00
  0.000000000000E+00 -0.000000000000E+00  0.100000000000E+01
  0.497820637916E+01  0.248910318958E+01  0.746730956874E+01
  0.100000000000E+01  0.000000000000E+00  0.000000000000E+00
 -0.000000000000E+00 -0.100000000000E+01  0.000000000000E+00
 -0.000000000000E+00 -0.000000000000E+00  0.100000000000E+01
  0.000000000000E+00  0.000000000000E+00  0.000000000000E+00
  0.000000000000E+00 -0.100000000000E+01  0.000000000000E+00
 -0.100000000000E+01  0.000000000000E+00  0.000000000000E+00
 -0.000000000000E+00  0.000000000000E+00  0.100000000000E+01
  0.497820637916E+01  0.497820637916E+01  0.000000000000E+00
  0.000000000000E+00 -0.000000000000E+00 -0.100000000000E+01
 -0.100000000000E+01 -0.000000000000E+00  0.000000000000E+00
 -0.000000000000E+00 -0.100000000000E+01  0.000000000000E+00
  0.497820637916E+01  0.497820637916E+01  0.000000000000E+00
 -0.000000000000E+00 -0.100000000000E+01  0.000000000000E+00
 -0.000000000000E+00  0.000000000000E+00 -0.100000000000E+01
 -0.100000000000E+01  0.000000000000E+00 -0.000000000000E+00
  0.497820637916E+01  0.000000000000E+00  0.497820637916E+01
 -0.000000000000E+00  0.000000000000E+00 -0.100000000000E+01
  0.100000000000E+01  0.000000000000E+00  0.000000000000E+00
  0.000000000000E+00  0.100000000000E+01  0.000000000000E+00
  0.497820637916E+01  0.248910318958E+01  0.746730956874E+01
 -0.000000000000E+00  0.100000000000E+01 -0.000000000000E+00
 -0.000000000000E+00 -0.000000000000E+00  0.100000000000E+01
 -0.100000000000E+01 -0.000000000000E+00  0.000000000000E+00
  0.497820637916E+01  0.000000000000E+00  0.497820637916E+01
  0.000000000000E+00  0.000000000000E+00  0.100000000000E+01
 -0.100000000000E+01  0.000000000000E+00 -0.000000000000E+00
 -0.000000000000E+00  0.100000000000E+01 -0.000000000000E+00
  0.497820637916E+01  0.497820637916E+01  0.000000000000E+00
  0.000000000000E+00 -0.100000000000E+01 -0.000000000000E+00
  0.000000000000E+00  0.000000000000E+00  0.100000000000E+01
  0.100000000000E+01  0.000000000000E+00  0.000000000000E+00
  0.497820637916E+01  0.746730956874E+01  0.248910318958E+01
 -0.000000000000E+00 -0.000000000000E+00  0.100000000000E+01
  0.100000000000E+01 -0.000000000000E+00 -0.000000000000E+00
  0.000000000000E+00 -0.100000000000E+01 -0.000000000000E+00
  0.497820637916E+01  0.248910318958E+01  0.746730956874E+01
  0.000000000000E+00  0.100000000000E+01  0.000000000000E+00
  0.000000000000E+00 -0.000000000000E+00 -0.100000000000E+01
  0.100000000000E+01 -0.000000000000E+00 -0.000000000000E+00
  0.497820637916E+01  0.746730956874E+01  0.248910318958E+01
 -0.000000000000E+00 -0.000000000000E+00 -0.100000000000E+01
 -0.000000000000E+00  0.100000000000E+01  0.000000000000E+00
 -0.100000000000E+01  0.000000000000E+00  0.000000000000E+00
  0.497820637916E+01  0.000000000000E+00  0.497820637916E+01
 -0.100000000000E+01  0.000000000000E+00  0.000000000000E+00
  0.000000000000E+00  0.000000000000E+00 -0.100000000000E+01
  0.000000000000E+00  0.100000000000E+01 -0.000000000000E+00
  0.995641275832E+01  0.746730956874E+01  0.746730956874E+01
 -0.100000000000E+01 -0.000000000000E+00 -0.000000000000E+00
  0.000000000000E+00 -0.000000000000E+00  0.100000000000E+01
  0.000000000000E+00 -0.100000000000E+01  0.000000000000E+00
  0.995641275832E+01  0.746730956874E+01  0.746730956874E+01
  0.100000000000E+01 -0.000000000000E+00  0.000000000000E+00
 -0.000000000000E+00 -0.000000000000E+00 -0.100000000000E+01
 -0.000000000000E+00 -0.100000000000E+01 -0.000000000000E+00
  0.000000000000E+00  0.000000000000E+00  0.000000000000E+00
  0.000000000000E+00  0.000000000000E+00 -0.100000000000E+01
  0.000000000000E+00 -0.100000000000E+01  0.000000000000E+00
  0.100000000000E+01 -0.000000000000E+00  0.000000000000E+00
  0.497820637916E+01  0.746730956874E+01  0.248910318958E+01
 -0.000000000000E+00  0.000000000000E+00  0.100000000000E+01
 -0.000000000000E+00 -0.100000000000E+01 -0.000000000000E+00
 -0.100000000000E+01 -0.000000000000E+00 -0.000000000000E+00
  0.497820637916E+01  0.000000000000E+00  0.497820637916E+01
  0.000000000000E+00 -0.000000000000E+00  0.100000000000E+01
  0.000000000000E+00  0.100000000000E+01 -0.000000000000E+00
  0.100000000000E+01  0.000000000000E+00 -0.000000000000E+00
  0.497820637916E+01  0.746730956874E+01  0.248910318958E+01
  0.100000000000E+01  0.000000000000E+00 -0.000000000000E+00
 -0.000000000000E+00  0.000000000000E+00  0.100000000000E+01
 -0.000000000000E+00  0.100000000000E+01  0.000000000000E+00
  0.000000000000E+00  0.000000000000E+00  0.000000000000E+00
   54
    3     -0.085659619421      0.000000000000      0.000000000000
    3      2.640710184713      2.337496194445     -0.000000000000
    3     -2.489103189579     -2.403443570158      0.000000000000
    3      2.640710184713      0.000000000000      2.337496194445
    3      4.978206379158      2.337496194445      2.337496194445
   22     -0.080468343167     -2.408634846412      2.408634846412
    3     -2.489103189579      0.000000000000     -2.403443570158
   22     -0.080468343167      2.408634846412     -2.408634846412
   22     -4.897738035991     -2.408634846412     -2.408634846412
   22     -0.080468343167      2.408634846412      2.408634846412
   22      2.569571532746      5.058674722325      2.408634846412
    3     -2.489103189579      0.000000000000      2.403443570158
   22      2.569571532746      2.408634846412      5.058674722325
    3      4.978206379158      5.129813374292      5.129813374292
    3     -0.151606995134      0.000000000000      5.129813374292
    3     -2.489103189579      2.403443570158      0.000000000000
    3     -0.151606995134      5.129813374292      0.000000000000
    3     -4.892546759737     -0.000000000000      0.000000000000
   22     -0.080468343167     -2.408634846412     -2.408634846412
    3      2.640710184713     -0.000000000000     -2.337496194445
    3     -2.489103189579     -5.129813374292     -2.337496194445
    3      2.640710184713     -2.337496194445     -0.000000000000
   22      4.978206379158     -0.000000000000     -0.000000000000
    3     -0.151606995134     -5.129813374292     -0.000000000000
    3     -2.489103189579     -2.337496194445     -5.129813374292
    3     -0.151606995134     -0.000000000000     -5.129813374292
   22     -4.897738035991     -5.058674722325     -5.058674722325
   16      2.386290985616      2.591915393542      2.591915393542
   16      4.978206379158      4.926031738339      2.541277830398
   16      0.052174640819     -0.000000000000      2.541277830398
   16      4.978206379158      2.541277830398      4.926031738339
   16      7.570121772700      4.875394175195      4.875394175195
   16      2.436928548760     -0.000000000000      4.926031738339
   16      0.052174640819      2.541277830398     -0.000000000000
   16      2.436928548760      4.926031738339      0.000000000000
   16     -2.489103189579     -0.000000000000     -0.000000000000
   16      2.386290985616      4.875394175195      4.875394175195
   16      4.978206379158      7.467309568737      5.022082249964
   16      0.102812203963      2.591915393542      4.875394175195
   16      4.978206379158      5.022082249964      7.467309568737
   16      7.423433697931      7.467309568737      7.467309568737
   16      2.436928548760      2.541277830398      7.467309568737
   16      0.102812203963      4.875394175195      2.591915393542
   16      2.436928548760      7.467309568737      2.541277830398
   16     -2.489103189579      2.541277830398      2.541277830398
   16      2.532979060385     -0.000000000000     -0.000000000000
   16      4.978206379158      2.445227318773     -0.000000000000
   16      0.052174640819     -2.541277830398     -0.000000000000
   16      4.978206379158     -0.000000000000      2.445227318773
   16      7.570121772700      2.591915393542      2.591915393542
   16      2.386290985616     -2.591915393542      2.591915393542
   16      0.052174640819     -0.000000000000     -2.541277830398
   16      2.386290985616      2.591915393542     -2.591915393542
   16     -2.489103189579     -2.541277830398     -2.541277830398
  225   48
