   3   1   1 E -1.8527572280505E+04 DE-1.7E-08(  5)
  0.000000000000E+00  0.746741916806E+01  0.746741916806E+01
  0.746741916806E+01  0.000000000000E+00  0.746741916806E+01
  0.746741916806E+01  0.746741916806E+01  0.000000000000E+00
   48
  0.100000000000E+01 -0.000000000000E+00  0.000000000000E+00
 -0.000000000000E+00  0.100000000000E+01  0.000000000000E+00
 -0.000000000000E+00  0.000000000000E+00  0.100000000000E+01
  0.000000000000E+00  0.000000000000E+00  0.000000000000E+00
 -0.000000000000E+00 -0.100000000000E+01  0.000000000000E+00
  0.100000000000E+01  0.000000000000E+00  0.000000000000E+00
  0.000000000000E+00  0.000000000000E+00  0.100000000000E+01
  0.497827944537E+01  0.248913972269E+01  0.746741916806E+01
  0.000000000000E+00  0.100000000000E+01  0.000000000000E+00
 -0.100000000000E+01 -0.000000000000E+00  0.000000000000E+00
 -0.000000000000E+00 -0.000000000000E+00  0.100000000000E+01
  0.497827944537E+01  0.497827944537E+01  0.000000000000E+00
 -0.100000000000E+01  0.000000000000E+00  0.000000000000E+00
  0.000000000000E+00 -0.100000000000E+01  0.000000000000E+00
  0.000000000000E+00 -0.000000000000E+00  0.100000000000E+01
  0.995655889075E+01  0.746741916806E+01  0.746741916806E+01
  0.100000000000E+01  0.000000000000E+00 -0.000000000000E+00
 -0.000000000000E+00 -0.100000000000E+01 -0.000000000000E+00
 -0.000000000000E+00 -0.000000000000E+00 -0.100000000000E+01
  0.000000000000E+00  0.000000000000E+00  0.000000000000E+00
  0.000000000000E+00 -0.100000000000E+01 -0.000000000000E+00
 -0.100000000000E+01  0.000000000000E+00 -0.000000000000E+00
 -0.000000000000E+00  0.000000000000E+00 -0.100000000000E+01
  0.497827944537E+01  0.497827944537E+01  0.000000000000E+00
 -0.100000000000E+01 -0.000000000000E+00 -0.000000000000E+00
  0.000000000000E+00  0.100000000000E+01 -0.000000000000E+00
  0.000000000000E+00  0.000000000000E+00 -0.100000000000E+01
  0.995655889075E+01  0.746741916806E+01  0.746741916806E+01
 -0.000000000000E+00  0.100000000000E+01 -0.000000000000E+00
  0.100000000000E+01 -0.000000000000E+00 -0.000000000000E+00
  0.000000000000E+00 -0.000000000000E+00 -0.100000000000E+01
  0.497827944537E+01  0.248913972269E+01  0.746741916806E+01
 -0.000000000000E+00  0.000000000000E+00  0.100000000000E+01
  0.100000000000E+01  0.000000000000E+00 -0.000000000000E+00
  0.000000000000E+00  0.100000000000E+01 -0.000000000000E+00
  0.497827944537E+01  0.248913972269E+01  0.746741916806E+01
  0.000000000000E+00  0.100000000000E+01 -0.000000000000E+00
  0.000000000000E+00 -0.000000000000E+00  0.100000000000E+01
  0.100000000000E+01 -0.000000000000E+00  0.000000000000E+00
  0.497827944537E+01  0.746741916806E+01  0.248913972269E+01
  0.000000000000E+00 -0.000000000000E+00  0.100000000000E+01
 -0.100000000000E+01 -0.000000000000E+00 -0.000000000000E+00
 -0.000000000000E+00 -0.100000000000E+01 -0.000000000000E+00
  0.497827944537E+01  0.497827944537E+01  0.000000000000E+00
  0.000000000000E+00 -0.100000000000E+01  0.000000000000E+00
  0.000000000000E+00  0.000000000000E+00 -0.100000000000E+01
  0.100000000000E+01  0.000000000000E+00 -0.000000000000E+00
  0.497827944537E+01  0.746741916806E+01  0.248913972269E+01
 -0.000000000000E+00 -0.000000000000E+00 -0.100000000000E+01
  0.100000000000E+01 -0.000000000000E+00  0.000000000000E+00
  0.000000000000E+00 -0.100000000000E+01  0.000000000000E+00
  0.497827944537E+01  0.248913972269E+01  0.746741916806E+01
 -0.000000000000E+00  0.100000000000E+01  0.000000000000E+00
 -0.000000000000E+00 -0.000000000000E+00 -0.100000000000E+01
 -0.100000000000E+01 -0.000000000000E+00 -0.000000000000E+00
  0.497827944537E+01  0.000000000000E+00  0.497827944537E+01
  0.000000000000E+00  0.000000000000E+00 -0.100000000000E+01
 -0.100000000000E+01  0.000000000000E+00  0.000000000000E+00
 -0.000000000000E+00  0.100000000000E+01  0.000000000000E+00
  0.497827944537E+01  0.497827944537E+01  0.000000000000E+00
 -0.000000000000E+00 -0.100000000000E+01 -0.000000000000E+00
 -0.000000000000E+00  0.000000000000E+00  0.100000000000E+01
 -0.100000000000E+01  0.000000000000E+00  0.000000000000E+00
  0.497827944537E+01  0.000000000000E+00  0.497827944537E+01
  0.000000000000E+00  0.000000000000E+00  0.100000000000E+01
  0.000000000000E+00 -0.100000000000E+01 -0.000000000000E+00
  0.100000000000E+01 -0.000000000000E+00 -0.000000000000E+00
  0.497827944537E+01  0.746741916806E+01  0.248913972269E+01
  0.100000000000E+01 -0.000000000000E+00 -0.000000000000E+00
 -0.000000000000E+00 -0.000000000000E+00  0.100000000000E+01
 -0.000000000000E+00 -0.100000000000E+01  0.000000000000E+00
  0.000000000000E+00  0.000000000000E+00  0.000000000000E+00
  0.100000000000E+01  0.000000000000E+00  0.000000000000E+00
 -0.000000000000E+00  0.000000000000E+00 -0.100000000000E+01
 -0.000000000000E+00  0.100000000000E+01 -0.000000000000E+00
  0.000000000000E+00  0.000000000000E+00  0.000000000000E+00
 -0.100000000000E+01  0.000000000000E+00 -0.000000000000E+00
  0.000000000000E+00  0.000000000000E+00  0.100000000000E+01
  0.000000000000E+00  0.100000000000E+01  0.000000000000E+00
  0.995655889075E+01  0.746741916806E+01  0.746741916806E+01
 -0.000000000000E+00 -0.000000000000E+00  0.100000000000E+01
 -0.000000000000E+00  0.100000000000E+01 -0.000000000000E+00
 -0.100000000000E+01  0.000000000000E+00 -0.000000000000E+00
  0.497827944537E+01  0.000000000000E+00  0.497827944537E+01
  0.000000000000E+00 -0.000000000000E+00 -0.100000000000E+01
  0.000000000000E+00  0.100000000000E+01  0.000000000000E+00
  0.100000000000E+01  0.000000000000E+00  0.000000000000E+00
  0.497827944537E+01  0.746741916806E+01  0.248913972269E+01
 -0.000000000000E+00  0.000000000000E+00 -0.100000000000E+01
 -0.000000000000E+00 -0.100000000000E+01  0.000000000000E+00
 -0.100000000000E+01 -0.000000000000E+00  0.000000000000E+00
  0.497827944537E+01  0.000000000000E+00  0.497827944537E+01
 -0.100000000000E+01 -0.000000000000E+00  0.000000000000E+00
  0.000000000000E+00 -0.000000000000E+00 -0.100000000000E+01
  0.000000000000E+00 -0.100000000000E+01 -0.000000000000E+00
  0.995655889075E+01  0.746741916806E+01  0.746741916806E+01
 -0.100000000000E+01  0.000000000000E+00 -0.000000000000E+00
  0.000000000000E+00 -0.100000000000E+01 -0.000000000000E+00
  0.000000000000E+00 -0.000000000000E+00 -0.100000000000E+01
  0.995655889075E+01  0.746741916806E+01  0.746741916806E+01
  0.000000000000E+00  0.100000000000E+01 -0.000000000000E+00
 -0.100000000000E+01 -0.000000000000E+00 -0.000000000000E+00
 -0.000000000000E+00 -0.000000000000E+00 -0.100000000000E+01
  0.497827944537E+01  0.497827944537E+01  0.000000000000E+00
 -0.000000000000E+00 -0.100000000000E+01 -0.000000000000E+00
  0.100000000000E+01  0.000000000000E+00 -0.000000000000E+00
  0.000000000000E+00  0.000000000000E+00 -0.100000000000E+01
  0.497827944537E+01  0.248913972269E+01  0.746741916806E+01
  0.100000000000E+01 -0.000000000000E+00 -0.000000000000E+00
 -0.000000000000E+00  0.100000000000E+01 -0.000000000000E+00
 -0.000000000000E+00  0.000000000000E+00 -0.100000000000E+01
  0.000000000000E+00  0.000000000000E+00  0.000000000000E+00
 -0.100000000000E+01 -0.000000000000E+00  0.000000000000E+00
  0.000000000000E+00  0.100000000000E+01  0.000000000000E+00
  0.000000000000E+00  0.000000000000E+00  0.100000000000E+01
  0.995655889075E+01  0.746741916806E+01  0.746741916806E+01
 -0.000000000000E+00  0.100000000000E+01  0.000000000000E+00
  0.100000000000E+01 -0.000000000000E+00  0.000000000000E+00
  0.000000000000E+00 -0.000000000000E+00  0.100000000000E+01
  0.497827944537E+01  0.248913972269E+01  0.746741916806E+01
  0.100000000000E+01  0.000000000000E+00  0.000000000000E+00
 -0.000000000000E+00 -0.100000000000E+01  0.000000000000E+00
 -0.000000000000E+00 -0.000000000000E+00  0.100000000000E+01
  0.000000000000E+00  0.000000000000E+00  0.000000000000E+00
  0.000000000000E+00 -0.100000000000E+01  0.000000000000E+00
 -0.100000000000E+01  0.000000000000E+00  0.000000000000E+00
 -0.000000000000E+00  0.000000000000E+00  0.100000000000E+01
  0.497827944537E+01  0.497827944537E+01  0.000000000000E+00
  0.000000000000E+00 -0.000000000000E+00 -0.100000000000E+01
 -0.100000000000E+01 -0.000000000000E+00  0.000000000000E+00
 -0.000000000000E+00 -0.100000000000E+01  0.000000000000E+00
  0.497827944537E+01  0.497827944537E+01  0.000000000000E+00
 -0.000000000000E+00 -0.100000000000E+01  0.000000000000E+00
 -0.000000000000E+00  0.000000000000E+00 -0.100000000000E+01
 -0.100000000000E+01  0.000000000000E+00 -0.000000000000E+00
  0.497827944537E+01  0.000000000000E+00  0.497827944537E+01
 -0.000000000000E+00  0.000000000000E+00 -0.100000000000E+01
  0.100000000000E+01  0.000000000000E+00  0.000000000000E+00
  0.000000000000E+00  0.100000000000E+01  0.000000000000E+00
  0.497827944537E+01  0.248913972269E+01  0.746741916806E+01
 -0.000000000000E+00  0.100000000000E+01 -0.000000000000E+00
 -0.000000000000E+00 -0.000000000000E+00  0.100000000000E+01
 -0.100000000000E+01 -0.000000000000E+00  0.000000000000E+00
  0.497827944537E+01  0.000000000000E+00  0.497827944537E+01
  0.000000000000E+00  0.000000000000E+00  0.100000000000E+01
 -0.100000000000E+01  0.000000000000E+00 -0.000000000000E+00
 -0.000000000000E+00  0.100000000000E+01 -0.000000000000E+00
  0.497827944537E+01  0.497827944537E+01  0.000000000000E+00
  0.000000000000E+00 -0.100000000000E+01 -0.000000000000E+00
  0.000000000000E+00  0.000000000000E+00  0.100000000000E+01
  0.100000000000E+01  0.000000000000E+00  0.000000000000E+00
  0.497827944537E+01  0.746741916806E+01  0.248913972269E+01
 -0.000000000000E+00 -0.000000000000E+00  0.100000000000E+01
  0.100000000000E+01 -0.000000000000E+00 -0.000000000000E+00
  0.000000000000E+00 -0.100000000000E+01 -0.000000000000E+00
  0.497827944537E+01  0.248913972269E+01  0.746741916806E+01
  0.000000000000E+00  0.100000000000E+01  0.000000000000E+00
  0.000000000000E+00 -0.000000000000E+00 -0.100000000000E+01
  0.100000000000E+01 -0.000000000000E+00 -0.000000000000E+00
  0.497827944537E+01  0.746741916806E+01  0.248913972269E+01
 -0.000000000000E+00 -0.000000000000E+00 -0.100000000000E+01
 -0.000000000000E+00  0.100000000000E+01  0.000000000000E+00
 -0.100000000000E+01  0.000000000000E+00  0.000000000000E+00
  0.497827944537E+01  0.000000000000E+00  0.497827944537E+01
 -0.100000000000E+01  0.000000000000E+00  0.000000000000E+00
  0.000000000000E+00  0.000000000000E+00 -0.100000000000E+01
  0.000000000000E+00  0.100000000000E+01 -0.000000000000E+00
  0.995655889075E+01  0.746741916806E+01  0.746741916806E+01
 -0.100000000000E+01 -0.000000000000E+00 -0.000000000000E+00
  0.000000000000E+00 -0.000000000000E+00  0.100000000000E+01
  0.000000000000E+00 -0.100000000000E+01  0.000000000000E+00
  0.995655889075E+01  0.746741916806E+01  0.746741916806E+01
  0.100000000000E+01 -0.000000000000E+00  0.000000000000E+00
 -0.000000000000E+00 -0.000000000000E+00 -0.100000000000E+01
 -0.000000000000E+00 -0.100000000000E+01 -0.000000000000E+00
  0.000000000000E+00  0.000000000000E+00  0.000000000000E+00
  0.000000000000E+00  0.000000000000E+00 -0.100000000000E+01
  0.000000000000E+00 -0.100000000000E+01  0.000000000000E+00
  0.100000000000E+01 -0.000000000000E+00  0.000000000000E+00
  0.497827944537E+01  0.746741916806E+01  0.248913972269E+01
 -0.000000000000E+00  0.000000000000E+00  0.100000000000E+01
 -0.000000000000E+00 -0.100000000000E+01 -0.000000000000E+00
 -0.100000000000E+01 -0.000000000000E+00 -0.000000000000E+00
  0.497827944537E+01  0.000000000000E+00  0.497827944537E+01
  0.000000000000E+00 -0.000000000000E+00  0.100000000000E+01
  0.000000000000E+00  0.100000000000E+01 -0.000000000000E+00
  0.100000000000E+01  0.000000000000E+00 -0.000000000000E+00
  0.497827944537E+01  0.746741916806E+01  0.248913972269E+01
  0.100000000000E+01  0.000000000000E+00 -0.000000000000E+00
 -0.000000000000E+00  0.000000000000E+00  0.100000000000E+01
 -0.000000000000E+00  0.100000000000E+01  0.000000000000E+00
  0.000000000000E+00  0.000000000000E+00  0.000000000000E+00
   54
    3     -0.085816547186      0.000000000000      0.000000000000
    3      2.640731801644      2.337547643729     -0.000000000000
    3     -2.489139722686     -2.403323175500      0.000000000000
    3      2.640731801644      0.000000000000      2.337547643729
    3      4.978279445373      2.337547643729      2.337547643729
   22     -0.080485797954     -2.408653924732      2.408653924732
    3     -2.489139722686      0.000000000000     -2.403323175500
   22     -0.080485797954      2.408653924732     -2.408653924732
   22     -4.897793647419     -2.408653924732     -2.408653924732
   22     -0.080485797954      2.408653924732      2.408653924732
   22      2.569625520641      5.058765243327      2.408653924732
    3     -2.489139722686      0.000000000000      2.403323175500
   22      2.569625520641      2.408653924732      5.058765243327
    3      4.978279445373      5.129871524330      5.129871524330
    3     -0.151592078957      0.000000000000      5.129871524330
    3     -2.489139722686      2.403323175500      0.000000000000
    3     -0.151592078957      5.129871524330      0.000000000000
    3     -4.892462898187     -0.000000000000      0.000000000000
   22     -0.080485797954     -2.408653924732     -2.408653924732
    3      2.640731801644     -0.000000000000     -2.337547643729
    3     -2.489139722686     -5.129871524330     -2.337547643729
    3      2.640731801644     -2.337547643729     -0.000000000000
   22      4.978279445373     -0.000000000000     -0.000000000000
    3     -0.151592078957     -5.129871524330     -0.000000000000
    3     -2.489139722686     -2.337547643729     -5.129871524330
    3     -0.151592078957     -0.000000000000     -5.129871524330
   22     -4.897793647419     -5.058765243327     -5.058765243327
   16      2.386251782131      2.592027663242      2.592027663242
   16      4.978279445373      4.925793395186      2.541625772874
   16      0.052486050187     -0.000000000000      2.541625772874
   16      4.978279445373      2.541625772874      4.925793395186
   16      7.570307108615      4.875391504818      4.875391504818
   16      2.436653672499     -0.000000000000      4.925793395186
   16      0.052486050187      2.541625772874     -0.000000000000
   16      2.436653672499      4.925793395186      0.000000000000
   16     -2.489139722686     -0.000000000000     -0.000000000000
   16      2.386251782131      4.875391504818      4.875391504818
   16      4.978279445373      7.467419168059      5.022492976745
   16      0.102887940555      2.592027663242      4.875391504818
   16      4.978279445373      5.022492976745      7.467419168059
   16      7.423205636688      7.467419168059      7.467419168059
   16      2.436653672499      2.541625772874      7.467419168059
   16      0.102887940555      4.875391504818      2.592027663242
   16      2.436653672499      7.467419168059      2.541625772874
   16     -2.489139722686      2.541625772874      2.541625772874
   16      2.533353254058     -0.000000000000     -0.000000000000
   16      4.978279445373      2.444926191315     -0.000000000000
   16      0.052486050187     -2.541625772874     -0.000000000000
   16      4.978279445373     -0.000000000000      2.444926191315
   16      7.570307108615      2.592027663242      2.592027663242
   16      2.386251782131     -2.592027663242      2.592027663242
   16      0.052486050187     -0.000000000000     -2.541625772874
   16      2.386251782131      2.592027663242     -2.592027663242
   16     -2.489139722686     -2.541625772874     -2.541625772874
  225   48
