   3   1   1 E -1.8527572215752E+04 DE-6.1E-09( 10)
  0.000000000000E+00  0.746780010752E+01  0.746780010752E+01
  0.746780010752E+01  0.000000000000E+00  0.746780010752E+01
  0.746780010752E+01  0.746780010752E+01  0.000000000000E+00
   48
  0.100000000000E+01 -0.000000000000E+00  0.000000000000E+00
 -0.000000000000E+00  0.100000000000E+01  0.000000000000E+00
 -0.000000000000E+00  0.000000000000E+00  0.100000000000E+01
  0.000000000000E+00  0.000000000000E+00  0.000000000000E+00
 -0.000000000000E+00 -0.100000000000E+01  0.000000000000E+00
  0.100000000000E+01  0.000000000000E+00  0.000000000000E+00
  0.000000000000E+00  0.000000000000E+00  0.100000000000E+01
  0.497853340501E+01  0.248926670251E+01  0.746780010752E+01
  0.000000000000E+00  0.100000000000E+01  0.000000000000E+00
 -0.100000000000E+01 -0.000000000000E+00  0.000000000000E+00
 -0.000000000000E+00 -0.000000000000E+00  0.100000000000E+01
  0.497853340501E+01  0.497853340501E+01  0.000000000000E+00
 -0.100000000000E+01  0.000000000000E+00  0.000000000000E+00
  0.000000000000E+00 -0.100000000000E+01  0.000000000000E+00
  0.000000000000E+00 -0.000000000000E+00  0.100000000000E+01
  0.995706681002E+01  0.746780010752E+01  0.746780010752E+01
  0.100000000000E+01  0.000000000000E+00 -0.000000000000E+00
 -0.000000000000E+00 -0.100000000000E+01 -0.000000000000E+00
 -0.000000000000E+00 -0.000000000000E+00 -0.100000000000E+01
  0.000000000000E+00  0.000000000000E+00  0.000000000000E+00
  0.000000000000E+00 -0.100000000000E+01 -0.000000000000E+00
 -0.100000000000E+01  0.000000000000E+00 -0.000000000000E+00
 -0.000000000000E+00  0.000000000000E+00 -0.100000000000E+01
  0.497853340501E+01  0.497853340501E+01  0.000000000000E+00
 -0.100000000000E+01 -0.000000000000E+00 -0.000000000000E+00
  0.000000000000E+00  0.100000000000E+01 -0.000000000000E+00
  0.000000000000E+00  0.000000000000E+00 -0.100000000000E+01
  0.995706681002E+01  0.746780010752E+01  0.746780010752E+01
 -0.000000000000E+00  0.100000000000E+01 -0.000000000000E+00
  0.100000000000E+01 -0.000000000000E+00 -0.000000000000E+00
  0.000000000000E+00 -0.000000000000E+00 -0.100000000000E+01
  0.497853340501E+01  0.248926670251E+01  0.746780010752E+01
 -0.000000000000E+00  0.000000000000E+00  0.100000000000E+01
  0.100000000000E+01  0.000000000000E+00 -0.000000000000E+00
  0.000000000000E+00  0.100000000000E+01 -0.000000000000E+00
  0.497853340501E+01  0.248926670251E+01  0.746780010752E+01
  0.000000000000E+00  0.100000000000E+01 -0.000000000000E+00
  0.000000000000E+00 -0.000000000000E+00  0.100000000000E+01
  0.100000000000E+01 -0.000000000000E+00  0.000000000000E+00
  0.497853340501E+01  0.746780010752E+01  0.248926670251E+01
  0.000000000000E+00 -0.000000000000E+00  0.100000000000E+01
 -0.100000000000E+01 -0.000000000000E+00 -0.000000000000E+00
 -0.000000000000E+00 -0.100000000000E+01 -0.000000000000E+00
  0.497853340501E+01  0.497853340501E+01  0.000000000000E+00
  0.000000000000E+00 -0.100000000000E+01  0.000000000000E+00
  0.000000000000E+00  0.000000000000E+00 -0.100000000000E+01
  0.100000000000E+01  0.000000000000E+00 -0.000000000000E+00
  0.497853340501E+01  0.746780010752E+01  0.248926670251E+01
 -0.000000000000E+00 -0.000000000000E+00 -0.100000000000E+01
  0.100000000000E+01 -0.000000000000E+00  0.000000000000E+00
  0.000000000000E+00 -0.100000000000E+01  0.000000000000E+00
  0.497853340501E+01  0.248926670251E+01  0.746780010752E+01
 -0.000000000000E+00  0.100000000000E+01  0.000000000000E+00
 -0.000000000000E+00 -0.000000000000E+00 -0.100000000000E+01
 -0.100000000000E+01 -0.000000000000E+00 -0.000000000000E+00
  0.497853340501E+01  0.000000000000E+00  0.497853340501E+01
  0.000000000000E+00  0.000000000000E+00 -0.100000000000E+01
 -0.100000000000E+01  0.000000000000E+00  0.000000000000E+00
 -0.000000000000E+00  0.100000000000E+01  0.000000000000E+00
  0.497853340501E+01  0.497853340501E+01  0.000000000000E+00
 -0.000000000000E+00 -0.100000000000E+01 -0.000000000000E+00
 -0.000000000000E+00  0.000000000000E+00  0.100000000000E+01
 -0.100000000000E+01  0.000000000000E+00  0.000000000000E+00
  0.497853340501E+01  0.000000000000E+00  0.497853340501E+01
  0.000000000000E+00  0.000000000000E+00  0.100000000000E+01
  0.000000000000E+00 -0.100000000000E+01 -0.000000000000E+00
  0.100000000000E+01 -0.000000000000E+00 -0.000000000000E+00
  0.497853340501E+01  0.746780010752E+01  0.248926670251E+01
  0.100000000000E+01 -0.000000000000E+00 -0.000000000000E+00
 -0.000000000000E+00 -0.000000000000E+00  0.100000000000E+01
 -0.000000000000E+00 -0.100000000000E+01  0.000000000000E+00
  0.000000000000E+00  0.000000000000E+00  0.000000000000E+00
  0.100000000000E+01  0.000000000000E+00  0.000000000000E+00
 -0.000000000000E+00  0.000000000000E+00 -0.100000000000E+01
 -0.000000000000E+00  0.100000000000E+01 -0.000000000000E+00
  0.000000000000E+00  0.000000000000E+00  0.000000000000E+00
 -0.100000000000E+01  0.000000000000E+00 -0.000000000000E+00
  0.000000000000E+00  0.000000000000E+00  0.100000000000E+01
  0.000000000000E+00  0.100000000000E+01  0.000000000000E+00
  0.995706681002E+01  0.746780010752E+01  0.746780010752E+01
 -0.000000000000E+00 -0.000000000000E+00  0.100000000000E+01
 -0.000000000000E+00  0.100000000000E+01 -0.000000000000E+00
 -0.100000000000E+01  0.000000000000E+00 -0.000000000000E+00
  0.497853340501E+01  0.000000000000E+00  0.497853340501E+01
  0.000000000000E+00 -0.000000000000E+00 -0.100000000000E+01
  0.000000000000E+00  0.100000000000E+01  0.000000000000E+00
  0.100000000000E+01  0.000000000000E+00  0.000000000000E+00
  0.497853340501E+01  0.746780010752E+01  0.248926670251E+01
 -0.000000000000E+00  0.000000000000E+00 -0.100000000000E+01
 -0.000000000000E+00 -0.100000000000E+01  0.000000000000E+00
 -0.100000000000E+01 -0.000000000000E+00  0.000000000000E+00
  0.497853340501E+01  0.000000000000E+00  0.497853340501E+01
 -0.100000000000E+01 -0.000000000000E+00  0.000000000000E+00
  0.000000000000E+00 -0.000000000000E+00 -0.100000000000E+01
  0.000000000000E+00 -0.100000000000E+01 -0.000000000000E+00
  0.995706681002E+01  0.746780010752E+01  0.746780010752E+01
 -0.100000000000E+01  0.000000000000E+00 -0.000000000000E+00
  0.000000000000E+00 -0.100000000000E+01 -0.000000000000E+00
  0.000000000000E+00 -0.000000000000E+00 -0.100000000000E+01
  0.995706681002E+01  0.746780010752E+01  0.746780010752E+01
  0.000000000000E+00  0.100000000000E+01 -0.000000000000E+00
 -0.100000000000E+01 -0.000000000000E+00 -0.000000000000E+00
 -0.000000000000E+00 -0.000000000000E+00 -0.100000000000E+01
  0.497853340501E+01  0.497853340501E+01  0.000000000000E+00
 -0.000000000000E+00 -0.100000000000E+01 -0.000000000000E+00
  0.100000000000E+01  0.000000000000E+00 -0.000000000000E+00
  0.000000000000E+00  0.000000000000E+00 -0.100000000000E+01
  0.497853340501E+01  0.248926670251E+01  0.746780010752E+01
  0.100000000000E+01 -0.000000000000E+00 -0.000000000000E+00
 -0.000000000000E+00  0.100000000000E+01 -0.000000000000E+00
 -0.000000000000E+00  0.000000000000E+00 -0.100000000000E+01
  0.000000000000E+00  0.000000000000E+00  0.000000000000E+00
 -0.100000000000E+01 -0.000000000000E+00  0.000000000000E+00
  0.000000000000E+00  0.100000000000E+01  0.000000000000E+00
  0.000000000000E+00  0.000000000000E+00  0.100000000000E+01
  0.995706681002E+01  0.746780010752E+01  0.746780010752E+01
 -0.000000000000E+00  0.100000000000E+01  0.000000000000E+00
  0.100000000000E+01 -0.000000000000E+00  0.000000000000E+00
  0.000000000000E+00 -0.000000000000E+00  0.100000000000E+01
  0.497853340501E+01  0.248926670251E+01  0.746780010752E+01
  0.100000000000E+01  0.000000000000E+00  0.000000000000E+00
 -0.000000000000E+00 -0.100000000000E+01  0.000000000000E+00
 -0.000000000000E+00 -0.000000000000E+00  0.100000000000E+01
  0.000000000000E+00  0.000000000000E+00  0.000000000000E+00
  0.000000000000E+00 -0.100000000000E+01  0.000000000000E+00
 -0.100000000000E+01  0.000000000000E+00  0.000000000000E+00
 -0.000000000000E+00  0.000000000000E+00  0.100000000000E+01
  0.497853340501E+01  0.497853340501E+01  0.000000000000E+00
  0.000000000000E+00 -0.000000000000E+00 -0.100000000000E+01
 -0.100000000000E+01 -0.000000000000E+00  0.000000000000E+00
 -0.000000000000E+00 -0.100000000000E+01  0.000000000000E+00
  0.497853340501E+01  0.497853340501E+01  0.000000000000E+00
 -0.000000000000E+00 -0.100000000000E+01  0.000000000000E+00
 -0.000000000000E+00  0.000000000000E+00 -0.100000000000E+01
 -0.100000000000E+01  0.000000000000E+00 -0.000000000000E+00
  0.497853340501E+01  0.000000000000E+00  0.497853340501E+01
 -0.000000000000E+00  0.000000000000E+00 -0.100000000000E+01
  0.100000000000E+01  0.000000000000E+00  0.000000000000E+00
  0.000000000000E+00  0.100000000000E+01  0.000000000000E+00
  0.497853340501E+01  0.248926670251E+01  0.746780010752E+01
 -0.000000000000E+00  0.100000000000E+01 -0.000000000000E+00
 -0.000000000000E+00 -0.000000000000E+00  0.100000000000E+01
 -0.100000000000E+01 -0.000000000000E+00  0.000000000000E+00
  0.497853340501E+01  0.000000000000E+00  0.497853340501E+01
  0.000000000000E+00  0.000000000000E+00  0.100000000000E+01
 -0.100000000000E+01  0.000000000000E+00 -0.000000000000E+00
 -0.000000000000E+00  0.100000000000E+01 -0.000000000000E+00
  0.497853340501E+01  0.497853340501E+01  0.000000000000E+00
  0.000000000000E+00 -0.100000000000E+01 -0.000000000000E+00
  0.000000000000E+00  0.000000000000E+00  0.100000000000E+01
  0.100000000000E+01  0.000000000000E+00  0.000000000000E+00
  0.497853340501E+01  0.746780010752E+01  0.248926670251E+01
 -0.000000000000E+00 -0.000000000000E+00  0.100000000000E+01
  0.100000000000E+01 -0.000000000000E+00 -0.000000000000E+00
  0.000000000000E+00 -0.100000000000E+01 -0.000000000000E+00
  0.497853340501E+01  0.248926670251E+01  0.746780010752E+01
  0.000000000000E+00  0.100000000000E+01  0.000000000000E+00
  0.000000000000E+00 -0.000000000000E+00 -0.100000000000E+01
  0.100000000000E+01 -0.000000000000E+00 -0.000000000000E+00
  0.497853340501E+01  0.746780010752E+01  0.248926670251E+01
 -0.000000000000E+00 -0.000000000000E+00 -0.100000000000E+01
 -0.000000000000E+00  0.100000000000E+01  0.000000000000E+00
 -0.100000000000E+01  0.000000000000E+00  0.000000000000E+00
  0.497853340501E+01  0.000000000000E+00  0.497853340501E+01
 -0.100000000000E+01  0.000000000000E+00  0.000000000000E+00
  0.000000000000E+00  0.000000000000E+00 -0.100000000000E+01
  0.000000000000E+00  0.100000000000E+01 -0.000000000000E+00
  0.995706681002E+01  0.746780010752E+01  0.746780010752E+01
 -0.100000000000E+01 -0.000000000000E+00 -0.000000000000E+00
  0.000000000000E+00 -0.000000000000E+00  0.100000000000E+01
  0.000000000000E+00 -0.100000000000E+01  0.000000000000E+00
  0.995706681002E+01  0.746780010752E+01  0.746780010752E+01
  0.100000000000E+01 -0.000000000000E+00  0.000000000000E+00
 -0.000000000000E+00 -0.000000000000E+00 -0.100000000000E+01
 -0.000000000000E+00 -0.100000000000E+01 -0.000000000000E+00
  0.000000000000E+00  0.000000000000E+00  0.000000000000E+00
  0.000000000000E+00  0.000000000000E+00 -0.100000000000E+01
  0.000000000000E+00 -0.100000000000E+01  0.000000000000E+00
  0.100000000000E+01 -0.000000000000E+00  0.000000000000E+00
  0.497853340501E+01  0.746780010752E+01  0.248926670251E+01
 -0.000000000000E+00  0.000000000000E+00  0.100000000000E+01
 -0.000000000000E+00 -0.100000000000E+01 -0.000000000000E+00
 -0.100000000000E+01 -0.000000000000E+00 -0.000000000000E+00
  0.497853340501E+01  0.000000000000E+00  0.497853340501E+01
  0.000000000000E+00 -0.000000000000E+00  0.100000000000E+01
  0.000000000000E+00  0.100000000000E+01 -0.000000000000E+00
  0.100000000000E+01  0.000000000000E+00 -0.000000000000E+00
  0.497853340501E+01  0.746780010752E+01  0.248926670251E+01
  0.100000000000E+01  0.000000000000E+00 -0.000000000000E+00
 -0.000000000000E+00  0.000000000000E+00  0.100000000000E+01
 -0.000000000000E+00  0.100000000000E+01  0.000000000000E+00
  0.000000000000E+00  0.000000000000E+00  0.000000000000E+00
   54
    3     -0.085539600057      0.000000000000      0.000000000000
    3      2.640905096514      2.337628308497     -0.000000000000
    3     -2.489266702506     -2.403727102448      0.000000000000
    3      2.640905096514      0.000000000000      2.337628308497
    3      4.978533405011      2.337628308497      2.337628308497
   22     -0.080565823882     -2.408700878624      2.408700878624
    3     -2.489266702506      0.000000000000     -2.403727102448
   22     -0.080565823882      2.408700878624     -2.408700878624
   22     -4.897967581129     -2.408700878624     -2.408700878624
   22     -0.080565823882      2.408700878624      2.408700878624
   22      2.569832526387      5.059099228893      2.408700878624
    3     -2.489266702506      0.000000000000      2.403727102448
   22      2.569832526387      2.408700878624      5.059099228893
    3      4.978533405011      5.130171799019      5.130171799019
    3     -0.151638394008      0.000000000000      5.130171799019
    3     -2.489266702506      2.403727102448      0.000000000000
    3     -0.151638394008      5.130171799019      0.000000000000
    3     -4.892993804954     -0.000000000000      0.000000000000
   22     -0.080565823882     -2.408700878624     -2.408700878624
    3      2.640905096514     -0.000000000000     -2.337628308497
    3     -2.489266702506     -5.130171799019     -2.337628308497
    3      2.640905096514     -2.337628308497     -0.000000000000
   22      4.978533405011     -0.000000000000     -0.000000000000
    3     -0.151638394008     -5.130171799019     -0.000000000000
    3     -2.489266702506     -2.337628308497     -5.130171799019
    3     -0.151638394008     -0.000000000000     -5.130171799019
   22     -4.897967581129     -5.059099228893     -5.059099228893
   16      2.386161770614      2.592371634397      2.592371634397
   16      4.978533405011      4.925367114441      2.542432993076
   16      0.053166290570     -0.000000000000      2.542432993076
   16      4.978533405011      2.542432993076      4.925367114441
   16      7.570905039408      4.875428473120      4.875428473120
   16      2.436100411936     -0.000000000000      4.925367114441
   16      0.053166290570      2.542432993076     -0.000000000000
   16      2.436100411936      4.925367114441      0.000000000000
   16     -2.489266702506     -0.000000000000     -0.000000000000
   16      2.386161770614      4.875428473120      4.875428473120
   16      4.978533405011      7.467800107517      5.023207311955
   16      0.103104931891      2.592371634397      4.875428473120
   16      4.978533405011      5.023207311955      7.467800107517
   16      7.423126200573      7.467800107517      7.467800107517
   16      2.436100411936      2.542432993076      7.467800107517
   16      0.103104931891      4.875428473120      2.592371634397
   16      2.436100411936      7.467800107517      2.542432993076
   16     -2.489266702506      2.542432993076      2.542432993076
   16      2.533940609449     -0.000000000000     -0.000000000000
   16      4.978533405011      2.444592795562     -0.000000000000
   16      0.053166290570     -2.542432993076     -0.000000000000
   16      4.978533405011     -0.000000000000      2.444592795562
   16      7.570905039408      2.592371634397      2.592371634397
   16      2.386161770614     -2.592371634397      2.592371634397
   16      0.053166290570     -0.000000000000     -2.542432993076
   16      2.386161770614      2.592371634397     -2.592371634397
   16     -2.489266702506     -2.542432993076     -2.542432993076
  225   48
