   3   1   1 E -1.8527547942830E+04 DE-3.3E-06( 51)
  0.000000000000E+00  0.746596042434E+01  0.746596042434E+01
  0.746596042434E+01  0.000000000000E+00  0.746596042434E+01
  0.746596042434E+01  0.746596042434E+01  0.000000000000E+00
   48
  0.100000000000E+01 -0.000000000000E+00  0.000000000000E+00
 -0.000000000000E+00  0.100000000000E+01  0.000000000000E+00
 -0.000000000000E+00  0.000000000000E+00  0.100000000000E+01
  0.000000000000E+00  0.000000000000E+00  0.000000000000E+00
 -0.000000000000E+00 -0.100000000000E+01  0.000000000000E+00
  0.100000000000E+01  0.000000000000E+00  0.000000000000E+00
  0.000000000000E+00  0.000000000000E+00  0.100000000000E+01
  0.497730694956E+01  0.248865347478E+01  0.746596042434E+01
  0.000000000000E+00  0.100000000000E+01  0.000000000000E+00
 -0.100000000000E+01 -0.000000000000E+00  0.000000000000E+00
 -0.000000000000E+00 -0.000000000000E+00  0.100000000000E+01
  0.497730694956E+01  0.497730694956E+01  0.000000000000E+00
 -0.100000000000E+01  0.000000000000E+00  0.000000000000E+00
  0.000000000000E+00 -0.100000000000E+01  0.000000000000E+00
  0.000000000000E+00 -0.000000000000E+00  0.100000000000E+01
  0.995461389913E+01  0.746596042434E+01  0.746596042434E+01
  0.100000000000E+01  0.000000000000E+00 -0.000000000000E+00
 -0.000000000000E+00 -0.100000000000E+01 -0.000000000000E+00
 -0.000000000000E+00 -0.000000000000E+00 -0.100000000000E+01
  0.000000000000E+00  0.000000000000E+00  0.000000000000E+00
  0.000000000000E+00 -0.100000000000E+01 -0.000000000000E+00
 -0.100000000000E+01  0.000000000000E+00 -0.000000000000E+00
 -0.000000000000E+00  0.000000000000E+00 -0.100000000000E+01
  0.497730694956E+01  0.497730694956E+01  0.000000000000E+00
 -0.100000000000E+01 -0.000000000000E+00 -0.000000000000E+00
  0.000000000000E+00  0.100000000000E+01 -0.000000000000E+00
  0.000000000000E+00  0.000000000000E+00 -0.100000000000E+01
  0.995461389913E+01  0.746596042434E+01  0.746596042434E+01
 -0.000000000000E+00  0.100000000000E+01 -0.000000000000E+00
  0.100000000000E+01 -0.000000000000E+00 -0.000000000000E+00
  0.000000000000E+00 -0.000000000000E+00 -0.100000000000E+01
  0.497730694956E+01  0.248865347478E+01  0.746596042434E+01
 -0.000000000000E+00  0.000000000000E+00  0.100000000000E+01
  0.100000000000E+01  0.000000000000E+00 -0.000000000000E+00
  0.000000000000E+00  0.100000000000E+01 -0.000000000000E+00
  0.497730694956E+01  0.248865347478E+01  0.746596042434E+01
  0.000000000000E+00  0.100000000000E+01 -0.000000000000E+00
  0.000000000000E+00 -0.000000000000E+00  0.100000000000E+01
  0.100000000000E+01 -0.000000000000E+00  0.000000000000E+00
  0.497730694956E+01  0.746596042434E+01  0.248865347478E+01
  0.000000000000E+00 -0.000000000000E+00  0.100000000000E+01
 -0.100000000000E+01 -0.000000000000E+00 -0.000000000000E+00
 -0.000000000000E+00 -0.100000000000E+01 -0.000000000000E+00
  0.497730694956E+01  0.497730694956E+01  0.000000000000E+00
  0.000000000000E+00 -0.100000000000E+01  0.000000000000E+00
  0.000000000000E+00  0.000000000000E+00 -0.100000000000E+01
  0.100000000000E+01  0.000000000000E+00 -0.000000000000E+00
  0.497730694956E+01  0.746596042434E+01  0.248865347478E+01
 -0.000000000000E+00 -0.000000000000E+00 -0.100000000000E+01
  0.100000000000E+01 -0.000000000000E+00  0.000000000000E+00
  0.000000000000E+00 -0.100000000000E+01  0.000000000000E+00
  0.497730694956E+01  0.248865347478E+01  0.746596042434E+01
 -0.000000000000E+00  0.100000000000E+01  0.000000000000E+00
 -0.000000000000E+00 -0.000000000000E+00 -0.100000000000E+01
 -0.100000000000E+01 -0.000000000000E+00 -0.000000000000E+00
  0.497730694956E+01  0.000000000000E+00  0.497730694956E+01
  0.000000000000E+00  0.000000000000E+00 -0.100000000000E+01
 -0.100000000000E+01  0.000000000000E+00  0.000000000000E+00
 -0.000000000000E+00  0.100000000000E+01  0.000000000000E+00
  0.497730694956E+01  0.497730694956E+01  0.000000000000E+00
 -0.000000000000E+00 -0.100000000000E+01 -0.000000000000E+00
 -0.000000000000E+00  0.000000000000E+00  0.100000000000E+01
 -0.100000000000E+01  0.000000000000E+00  0.000000000000E+00
  0.497730694956E+01  0.000000000000E+00  0.497730694956E+01
  0.000000000000E+00  0.000000000000E+00  0.100000000000E+01
  0.000000000000E+00 -0.100000000000E+01 -0.000000000000E+00
  0.100000000000E+01 -0.000000000000E+00 -0.000000000000E+00
  0.497730694956E+01  0.746596042434E+01  0.248865347478E+01
  0.100000000000E+01 -0.000000000000E+00 -0.000000000000E+00
 -0.000000000000E+00 -0.000000000000E+00  0.100000000000E+01
 -0.000000000000E+00 -0.100000000000E+01  0.000000000000E+00
  0.000000000000E+00  0.000000000000E+00  0.000000000000E+00
  0.100000000000E+01  0.000000000000E+00  0.000000000000E+00
 -0.000000000000E+00  0.000000000000E+00 -0.100000000000E+01
 -0.000000000000E+00  0.100000000000E+01 -0.000000000000E+00
  0.000000000000E+00  0.000000000000E+00  0.000000000000E+00
 -0.100000000000E+01  0.000000000000E+00 -0.000000000000E+00
  0.000000000000E+00  0.000000000000E+00  0.100000000000E+01
  0.000000000000E+00  0.100000000000E+01  0.000000000000E+00
  0.995461389913E+01  0.746596042434E+01  0.746596042434E+01
 -0.000000000000E+00 -0.000000000000E+00  0.100000000000E+01
 -0.000000000000E+00  0.100000000000E+01 -0.000000000000E+00
 -0.100000000000E+01  0.000000000000E+00 -0.000000000000E+00
  0.497730694956E+01  0.000000000000E+00  0.497730694956E+01
  0.000000000000E+00 -0.000000000000E+00 -0.100000000000E+01
  0.000000000000E+00  0.100000000000E+01  0.000000000000E+00
  0.100000000000E+01  0.000000000000E+00  0.000000000000E+00
  0.497730694956E+01  0.746596042434E+01  0.248865347478E+01
 -0.000000000000E+00  0.000000000000E+00 -0.100000000000E+01
 -0.000000000000E+00 -0.100000000000E+01  0.000000000000E+00
 -0.100000000000E+01 -0.000000000000E+00  0.000000000000E+00
  0.497730694956E+01  0.000000000000E+00  0.497730694956E+01
 -0.100000000000E+01 -0.000000000000E+00  0.000000000000E+00
  0.000000000000E+00 -0.000000000000E+00 -0.100000000000E+01
  0.000000000000E+00 -0.100000000000E+01 -0.000000000000E+00
  0.995461389913E+01  0.746596042434E+01  0.746596042434E+01
 -0.100000000000E+01  0.000000000000E+00 -0.000000000000E+00
  0.000000000000E+00 -0.100000000000E+01 -0.000000000000E+00
  0.000000000000E+00 -0.000000000000E+00 -0.100000000000E+01
  0.995461389913E+01  0.746596042434E+01  0.746596042434E+01
  0.000000000000E+00  0.100000000000E+01 -0.000000000000E+00
 -0.100000000000E+01 -0.000000000000E+00 -0.000000000000E+00
 -0.000000000000E+00 -0.000000000000E+00 -0.100000000000E+01
  0.497730694956E+01  0.497730694956E+01  0.000000000000E+00
 -0.000000000000E+00 -0.100000000000E+01 -0.000000000000E+00
  0.100000000000E+01  0.000000000000E+00 -0.000000000000E+00
  0.000000000000E+00  0.000000000000E+00 -0.100000000000E+01
  0.497730694956E+01  0.248865347478E+01  0.746596042434E+01
  0.100000000000E+01 -0.000000000000E+00 -0.000000000000E+00
 -0.000000000000E+00  0.100000000000E+01 -0.000000000000E+00
 -0.000000000000E+00  0.000000000000E+00 -0.100000000000E+01
  0.000000000000E+00  0.000000000000E+00  0.000000000000E+00
 -0.100000000000E+01 -0.000000000000E+00  0.000000000000E+00
  0.000000000000E+00  0.100000000000E+01  0.000000000000E+00
  0.000000000000E+00  0.000000000000E+00  0.100000000000E+01
  0.995461389913E+01  0.746596042434E+01  0.746596042434E+01
 -0.000000000000E+00  0.100000000000E+01  0.000000000000E+00
  0.100000000000E+01 -0.000000000000E+00  0.000000000000E+00
  0.000000000000E+00 -0.000000000000E+00  0.100000000000E+01
  0.497730694956E+01  0.248865347478E+01  0.746596042434E+01
  0.100000000000E+01  0.000000000000E+00  0.000000000000E+00
 -0.000000000000E+00 -0.100000000000E+01  0.000000000000E+00
 -0.000000000000E+00 -0.000000000000E+00  0.100000000000E+01
  0.000000000000E+00  0.000000000000E+00  0.000000000000E+00
  0.000000000000E+00 -0.100000000000E+01  0.000000000000E+00
 -0.100000000000E+01  0.000000000000E+00  0.000000000000E+00
 -0.000000000000E+00  0.000000000000E+00  0.100000000000E+01
  0.497730694956E+01  0.497730694956E+01  0.000000000000E+00
  0.000000000000E+00 -0.000000000000E+00 -0.100000000000E+01
 -0.100000000000E+01 -0.000000000000E+00  0.000000000000E+00
 -0.000000000000E+00 -0.100000000000E+01  0.000000000000E+00
  0.497730694956E+01  0.497730694956E+01  0.000000000000E+00
 -0.000000000000E+00 -0.100000000000E+01  0.000000000000E+00
 -0.000000000000E+00  0.000000000000E+00 -0.100000000000E+01
 -0.100000000000E+01  0.000000000000E+00 -0.000000000000E+00
  0.497730694956E+01  0.000000000000E+00  0.497730694956E+01
 -0.000000000000E+00  0.000000000000E+00 -0.100000000000E+01
  0.100000000000E+01  0.000000000000E+00  0.000000000000E+00
  0.000000000000E+00  0.100000000000E+01  0.000000000000E+00
  0.497730694956E+01  0.248865347478E+01  0.746596042434E+01
 -0.000000000000E+00  0.100000000000E+01 -0.000000000000E+00
 -0.000000000000E+00 -0.000000000000E+00  0.100000000000E+01
 -0.100000000000E+01 -0.000000000000E+00  0.000000000000E+00
  0.497730694956E+01  0.000000000000E+00  0.497730694956E+01
  0.000000000000E+00  0.000000000000E+00  0.100000000000E+01
 -0.100000000000E+01  0.000000000000E+00 -0.000000000000E+00
 -0.000000000000E+00  0.100000000000E+01 -0.000000000000E+00
  0.497730694956E+01  0.497730694956E+01  0.000000000000E+00
  0.000000000000E+00 -0.100000000000E+01 -0.000000000000E+00
  0.000000000000E+00  0.000000000000E+00  0.100000000000E+01
  0.100000000000E+01  0.000000000000E+00  0.000000000000E+00
  0.497730694956E+01  0.746596042434E+01  0.248865347478E+01
 -0.000000000000E+00 -0.000000000000E+00  0.100000000000E+01
  0.100000000000E+01 -0.000000000000E+00 -0.000000000000E+00
  0.000000000000E+00 -0.100000000000E+01 -0.000000000000E+00
  0.497730694956E+01  0.248865347478E+01  0.746596042434E+01
  0.000000000000E+00  0.100000000000E+01  0.000000000000E+00
  0.000000000000E+00 -0.000000000000E+00 -0.100000000000E+01
  0.100000000000E+01 -0.000000000000E+00 -0.000000000000E+00
  0.497730694956E+01  0.746596042434E+01  0.248865347478E+01
 -0.000000000000E+00 -0.000000000000E+00 -0.100000000000E+01
 -0.000000000000E+00  0.100000000000E+01  0.000000000000E+00
 -0.100000000000E+01  0.000000000000E+00  0.000000000000E+00
  0.497730694956E+01  0.000000000000E+00  0.497730694956E+01
 -0.100000000000E+01  0.000000000000E+00  0.000000000000E+00
  0.000000000000E+00  0.000000000000E+00 -0.100000000000E+01
  0.000000000000E+00  0.100000000000E+01 -0.000000000000E+00
  0.995461389913E+01  0.746596042434E+01  0.746596042434E+01
 -0.100000000000E+01 -0.000000000000E+00 -0.000000000000E+00
  0.000000000000E+00 -0.000000000000E+00  0.100000000000E+01
  0.000000000000E+00 -0.100000000000E+01  0.000000000000E+00
  0.995461389913E+01  0.746596042434E+01  0.746596042434E+01
  0.100000000000E+01 -0.000000000000E+00  0.000000000000E+00
 -0.000000000000E+00 -0.000000000000E+00 -0.100000000000E+01
 -0.000000000000E+00 -0.100000000000E+01 -0.000000000000E+00
  0.000000000000E+00  0.000000000000E+00  0.000000000000E+00
  0.000000000000E+00  0.000000000000E+00 -0.100000000000E+01
  0.000000000000E+00 -0.100000000000E+01  0.000000000000E+00
  0.100000000000E+01 -0.000000000000E+00  0.000000000000E+00
  0.497730694956E+01  0.746596042434E+01  0.248865347478E+01
 -0.000000000000E+00  0.000000000000E+00  0.100000000000E+01
 -0.000000000000E+00 -0.100000000000E+01 -0.000000000000E+00
 -0.100000000000E+01 -0.000000000000E+00 -0.000000000000E+00
  0.497730694956E+01  0.000000000000E+00  0.497730694956E+01
  0.000000000000E+00 -0.000000000000E+00  0.100000000000E+01
  0.000000000000E+00  0.100000000000E+01 -0.000000000000E+00
  0.100000000000E+01  0.000000000000E+00 -0.000000000000E+00
  0.497730694956E+01  0.746596042434E+01  0.248865347478E+01
  0.100000000000E+01  0.000000000000E+00 -0.000000000000E+00
 -0.000000000000E+00  0.000000000000E+00  0.100000000000E+01
 -0.000000000000E+00  0.100000000000E+01  0.000000000000E+00
  0.000000000000E+00  0.000000000000E+00  0.000000000000E+00
   54
    3     -0.017664095936      0.000000000000      0.000000000000
    3      2.539446069746      2.437860879817     -0.000000000000
    3     -2.488653474781     -2.470989378845      0.000000000000
    3      2.539446069746      0.000000000000      2.437860879817
    3      4.977306949563      2.437860879817      2.437860879817
   22     -0.079655696384     -2.408997778397      2.408997778397
    3     -2.488653474781      0.000000000000     -2.470989378845
   22     -0.079655696384      2.408997778397     -2.408997778397
   22     -4.897651253179     -2.408997778397     -2.408997778397
   22     -0.079655696384      2.408997778397      2.408997778397
   22      2.568309171166      5.056962645947      2.408997778397
    3     -2.488653474781      0.000000000000      2.470989378845
   22      2.568309171166      2.408997778397      5.056962645947
    3      4.977306949563      5.028099544527      5.028099544527
    3     -0.050792594964      0.000000000000      5.028099544527
    3     -2.488653474781      2.470989378845      0.000000000000
    3     -0.050792594964      5.028099544527      0.000000000000
    3     -4.959642853626     -0.000000000000      0.000000000000
   22     -0.079655696384     -2.408997778397     -2.408997778397
    3      2.539446069746     -0.000000000000     -2.437860879817
    3     -2.488653474781     -5.028099544527     -2.437860879817
    3      2.539446069746     -2.437860879817     -0.000000000000
   22      4.977306949563     -0.000000000000     -0.000000000000
    3     -0.050792594964     -5.028099544527     -0.000000000000
    3     -2.488653474781     -2.437860879817     -5.028099544527
    3     -0.050792594964     -0.000000000000     -5.028099544527
   22     -4.897651253179     -5.056962645947     -5.056962645947
   16      2.380866427498      2.596440522065      2.596440522065
   16      4.977306949563      4.959755076400      2.506205347944
   16      0.017551873163     -0.000000000000      2.506205347944
   16      4.977306949563      2.506205347944      4.959755076400
   16      7.573747471628      4.869519902279      4.869519902279
   16      2.471101601619     -0.000000000000      4.959755076400
   16      0.017551873163      2.506205347944     -0.000000000000
   16      2.471101601619      4.959755076400      0.000000000000
   16     -2.488653474781     -0.000000000000     -0.000000000000
   16      2.380866427498      4.869519902279      4.869519902279
   16      4.977306949563      7.465960424344      5.061587387552
   16      0.107787047283      2.596440522065      4.869519902279
   16      4.977306949563      5.061587387552      7.465960424344
   16      7.381679986355      7.465960424344      7.465960424344
   16      2.471101601619      2.506205347944      7.465960424344
   16      0.107787047283      4.869519902279      2.596440522065
   16      2.471101601619      7.465960424344      2.506205347944
   16     -2.488653474781      2.506205347944      2.506205347944
   16      2.572933912771     -0.000000000000     -0.000000000000
   16      4.977306949563      2.404373036792     -0.000000000000
   16      0.017551873163     -2.506205347944     -0.000000000000
   16      4.977306949563     -0.000000000000      2.404373036792
   16      7.573747471628      2.596440522065      2.596440522065
   16      2.380866427498     -2.596440522065      2.596440522065
   16      0.017551873163     -0.000000000000     -2.506205347944
   16      2.380866427498      2.596440522065     -2.596440522065
   16     -2.488653474781     -2.506205347944     -2.506205347944
  225   48
