   3   1   1 E -1.8527572149775E+04 DE-2.1E-08( 10)
  0.000000000000E+00  0.746785329709E+01  0.746785329709E+01
  0.746785329709E+01  0.000000000000E+00  0.746785329709E+01
  0.746785329709E+01  0.746785329709E+01  0.000000000000E+00
   48
  0.100000000000E+01 -0.000000000000E+00  0.000000000000E+00
 -0.000000000000E+00  0.100000000000E+01  0.000000000000E+00
 -0.000000000000E+00  0.000000000000E+00  0.100000000000E+01
  0.000000000000E+00  0.000000000000E+00  0.000000000000E+00
 -0.000000000000E+00 -0.100000000000E+01  0.000000000000E+00
  0.100000000000E+01  0.000000000000E+00  0.000000000000E+00
  0.000000000000E+00  0.000000000000E+00  0.100000000000E+01
  0.497856886473E+01  0.248928443236E+01  0.746785329709E+01
  0.000000000000E+00  0.100000000000E+01  0.000000000000E+00
 -0.100000000000E+01 -0.000000000000E+00  0.000000000000E+00
 -0.000000000000E+00 -0.000000000000E+00  0.100000000000E+01
  0.497856886473E+01  0.497856886473E+01  0.000000000000E+00
 -0.100000000000E+01  0.000000000000E+00  0.000000000000E+00
  0.000000000000E+00 -0.100000000000E+01  0.000000000000E+00
  0.000000000000E+00 -0.000000000000E+00  0.100000000000E+01
  0.995713772945E+01  0.746785329709E+01  0.746785329709E+01
  0.100000000000E+01  0.000000000000E+00 -0.000000000000E+00
 -0.000000000000E+00 -0.100000000000E+01 -0.000000000000E+00
 -0.000000000000E+00 -0.000000000000E+00 -0.100000000000E+01
  0.000000000000E+00  0.000000000000E+00  0.000000000000E+00
  0.000000000000E+00 -0.100000000000E+01 -0.000000000000E+00
 -0.100000000000E+01  0.000000000000E+00 -0.000000000000E+00
 -0.000000000000E+00  0.000000000000E+00 -0.100000000000E+01
  0.497856886473E+01  0.497856886473E+01  0.000000000000E+00
 -0.100000000000E+01 -0.000000000000E+00 -0.000000000000E+00
  0.000000000000E+00  0.100000000000E+01 -0.000000000000E+00
  0.000000000000E+00  0.000000000000E+00 -0.100000000000E+01
  0.995713772945E+01  0.746785329709E+01  0.746785329709E+01
 -0.000000000000E+00  0.100000000000E+01 -0.000000000000E+00
  0.100000000000E+01 -0.000000000000E+00 -0.000000000000E+00
  0.000000000000E+00 -0.000000000000E+00 -0.100000000000E+01
  0.497856886473E+01  0.248928443236E+01  0.746785329709E+01
 -0.000000000000E+00  0.000000000000E+00  0.100000000000E+01
  0.100000000000E+01  0.000000000000E+00 -0.000000000000E+00
  0.000000000000E+00  0.100000000000E+01 -0.000000000000E+00
  0.497856886473E+01  0.248928443236E+01  0.746785329709E+01
  0.000000000000E+00  0.100000000000E+01 -0.000000000000E+00
  0.000000000000E+00 -0.000000000000E+00  0.100000000000E+01
  0.100000000000E+01 -0.000000000000E+00  0.000000000000E+00
  0.497856886473E+01  0.746785329709E+01  0.248928443236E+01
  0.000000000000E+00 -0.000000000000E+00  0.100000000000E+01
 -0.100000000000E+01 -0.000000000000E+00 -0.000000000000E+00
 -0.000000000000E+00 -0.100000000000E+01 -0.000000000000E+00
  0.497856886473E+01  0.497856886473E+01  0.000000000000E+00
  0.000000000000E+00 -0.100000000000E+01  0.000000000000E+00
  0.000000000000E+00  0.000000000000E+00 -0.100000000000E+01
  0.100000000000E+01  0.000000000000E+00 -0.000000000000E+00
  0.497856886473E+01  0.746785329709E+01  0.248928443236E+01
 -0.000000000000E+00 -0.000000000000E+00 -0.100000000000E+01
  0.100000000000E+01 -0.000000000000E+00  0.000000000000E+00
  0.000000000000E+00 -0.100000000000E+01  0.000000000000E+00
  0.497856886473E+01  0.248928443236E+01  0.746785329709E+01
 -0.000000000000E+00  0.100000000000E+01  0.000000000000E+00
 -0.000000000000E+00 -0.000000000000E+00 -0.100000000000E+01
 -0.100000000000E+01 -0.000000000000E+00 -0.000000000000E+00
  0.497856886473E+01  0.000000000000E+00  0.497856886473E+01
  0.000000000000E+00  0.000000000000E+00 -0.100000000000E+01
 -0.100000000000E+01  0.000000000000E+00  0.000000000000E+00
 -0.000000000000E+00  0.100000000000E+01  0.000000000000E+00
  0.497856886473E+01  0.497856886473E+01  0.000000000000E+00
 -0.000000000000E+00 -0.100000000000E+01 -0.000000000000E+00
 -0.000000000000E+00  0.000000000000E+00  0.100000000000E+01
 -0.100000000000E+01  0.000000000000E+00  0.000000000000E+00
  0.497856886473E+01  0.000000000000E+00  0.497856886473E+01
  0.000000000000E+00  0.000000000000E+00  0.100000000000E+01
  0.000000000000E+00 -0.100000000000E+01 -0.000000000000E+00
  0.100000000000E+01 -0.000000000000E+00 -0.000000000000E+00
  0.497856886473E+01  0.746785329709E+01  0.248928443236E+01
  0.100000000000E+01 -0.000000000000E+00 -0.000000000000E+00
 -0.000000000000E+00 -0.000000000000E+00  0.100000000000E+01
 -0.000000000000E+00 -0.100000000000E+01  0.000000000000E+00
  0.000000000000E+00  0.000000000000E+00  0.000000000000E+00
  0.100000000000E+01  0.000000000000E+00  0.000000000000E+00
 -0.000000000000E+00  0.000000000000E+00 -0.100000000000E+01
 -0.000000000000E+00  0.100000000000E+01 -0.000000000000E+00
  0.000000000000E+00  0.000000000000E+00  0.000000000000E+00
 -0.100000000000E+01  0.000000000000E+00 -0.000000000000E+00
  0.000000000000E+00  0.000000000000E+00  0.100000000000E+01
  0.000000000000E+00  0.100000000000E+01  0.000000000000E+00
  0.995713772945E+01  0.746785329709E+01  0.746785329709E+01
 -0.000000000000E+00 -0.000000000000E+00  0.100000000000E+01
 -0.000000000000E+00  0.100000000000E+01 -0.000000000000E+00
 -0.100000000000E+01  0.000000000000E+00 -0.000000000000E+00
  0.497856886473E+01  0.000000000000E+00  0.497856886473E+01
  0.000000000000E+00 -0.000000000000E+00 -0.100000000000E+01
  0.000000000000E+00  0.100000000000E+01  0.000000000000E+00
  0.100000000000E+01  0.000000000000E+00  0.000000000000E+00
  0.497856886473E+01  0.746785329709E+01  0.248928443236E+01
 -0.000000000000E+00  0.000000000000E+00 -0.100000000000E+01
 -0.000000000000E+00 -0.100000000000E+01  0.000000000000E+00
 -0.100000000000E+01 -0.000000000000E+00  0.000000000000E+00
  0.497856886473E+01  0.000000000000E+00  0.497856886473E+01
 -0.100000000000E+01 -0.000000000000E+00  0.000000000000E+00
  0.000000000000E+00 -0.000000000000E+00 -0.100000000000E+01
  0.000000000000E+00 -0.100000000000E+01 -0.000000000000E+00
  0.995713772945E+01  0.746785329709E+01  0.746785329709E+01
 -0.100000000000E+01  0.000000000000E+00 -0.000000000000E+00
  0.000000000000E+00 -0.100000000000E+01 -0.000000000000E+00
  0.000000000000E+00 -0.000000000000E+00 -0.100000000000E+01
  0.995713772945E+01  0.746785329709E+01  0.746785329709E+01
  0.000000000000E+00  0.100000000000E+01 -0.000000000000E+00
 -0.100000000000E+01 -0.000000000000E+00 -0.000000000000E+00
 -0.000000000000E+00 -0.000000000000E+00 -0.100000000000E+01
  0.497856886473E+01  0.497856886473E+01  0.000000000000E+00
 -0.000000000000E+00 -0.100000000000E+01 -0.000000000000E+00
  0.100000000000E+01  0.000000000000E+00 -0.000000000000E+00
  0.000000000000E+00  0.000000000000E+00 -0.100000000000E+01
  0.497856886473E+01  0.248928443236E+01  0.746785329709E+01
  0.100000000000E+01 -0.000000000000E+00 -0.000000000000E+00
 -0.000000000000E+00  0.100000000000E+01 -0.000000000000E+00
 -0.000000000000E+00  0.000000000000E+00 -0.100000000000E+01
  0.000000000000E+00  0.000000000000E+00  0.000000000000E+00
 -0.100000000000E+01 -0.000000000000E+00  0.000000000000E+00
  0.000000000000E+00  0.100000000000E+01  0.000000000000E+00
  0.000000000000E+00  0.000000000000E+00  0.100000000000E+01
  0.995713772945E+01  0.746785329709E+01  0.746785329709E+01
 -0.000000000000E+00  0.100000000000E+01  0.000000000000E+00
  0.100000000000E+01 -0.000000000000E+00  0.000000000000E+00
  0.000000000000E+00 -0.000000000000E+00  0.100000000000E+01
  0.497856886473E+01  0.248928443236E+01  0.746785329709E+01
  0.100000000000E+01  0.000000000000E+00  0.000000000000E+00
 -0.000000000000E+00 -0.100000000000E+01  0.000000000000E+00
 -0.000000000000E+00 -0.000000000000E+00  0.100000000000E+01
  0.000000000000E+00  0.000000000000E+00  0.000000000000E+00
  0.000000000000E+00 -0.100000000000E+01  0.000000000000E+00
 -0.100000000000E+01  0.000000000000E+00  0.000000000000E+00
 -0.000000000000E+00  0.000000000000E+00  0.100000000000E+01
  0.497856886473E+01  0.497856886473E+01  0.000000000000E+00
  0.000000000000E+00 -0.000000000000E+00 -0.100000000000E+01
 -0.100000000000E+01 -0.000000000000E+00  0.000000000000E+00
 -0.000000000000E+00 -0.100000000000E+01  0.000000000000E+00
  0.497856886473E+01  0.497856886473E+01  0.000000000000E+00
 -0.000000000000E+00 -0.100000000000E+01  0.000000000000E+00
 -0.000000000000E+00  0.000000000000E+00 -0.100000000000E+01
 -0.100000000000E+01  0.000000000000E+00 -0.000000000000E+00
  0.497856886473E+01  0.000000000000E+00  0.497856886473E+01
 -0.000000000000E+00  0.000000000000E+00 -0.100000000000E+01
  0.100000000000E+01  0.000000000000E+00  0.000000000000E+00
  0.000000000000E+00  0.100000000000E+01  0.000000000000E+00
  0.497856886473E+01  0.248928443236E+01  0.746785329709E+01
 -0.000000000000E+00  0.100000000000E+01 -0.000000000000E+00
 -0.000000000000E+00 -0.000000000000E+00  0.100000000000E+01
 -0.100000000000E+01 -0.000000000000E+00  0.000000000000E+00
  0.497856886473E+01  0.000000000000E+00  0.497856886473E+01
  0.000000000000E+00  0.000000000000E+00  0.100000000000E+01
 -0.100000000000E+01  0.000000000000E+00 -0.000000000000E+00
 -0.000000000000E+00  0.100000000000E+01 -0.000000000000E+00
  0.497856886473E+01  0.497856886473E+01  0.000000000000E+00
  0.000000000000E+00 -0.100000000000E+01 -0.000000000000E+00
  0.000000000000E+00  0.000000000000E+00  0.100000000000E+01
  0.100000000000E+01  0.000000000000E+00  0.000000000000E+00
  0.497856886473E+01  0.746785329709E+01  0.248928443236E+01
 -0.000000000000E+00 -0.000000000000E+00  0.100000000000E+01
  0.100000000000E+01 -0.000000000000E+00 -0.000000000000E+00
  0.000000000000E+00 -0.100000000000E+01 -0.000000000000E+00
  0.497856886473E+01  0.248928443236E+01  0.746785329709E+01
  0.000000000000E+00  0.100000000000E+01  0.000000000000E+00
  0.000000000000E+00 -0.000000000000E+00 -0.100000000000E+01
  0.100000000000E+01 -0.000000000000E+00 -0.000000000000E+00
  0.497856886473E+01  0.746785329709E+01  0.248928443236E+01
 -0.000000000000E+00 -0.000000000000E+00 -0.100000000000E+01
 -0.000000000000E+00  0.100000000000E+01  0.000000000000E+00
 -0.100000000000E+01  0.000000000000E+00  0.000000000000E+00
  0.497856886473E+01  0.000000000000E+00  0.497856886473E+01
 -0.100000000000E+01  0.000000000000E+00  0.000000000000E+00
  0.000000000000E+00  0.000000000000E+00 -0.100000000000E+01
  0.000000000000E+00  0.100000000000E+01 -0.000000000000E+00
  0.995713772945E+01  0.746785329709E+01  0.746785329709E+01
 -0.100000000000E+01 -0.000000000000E+00 -0.000000000000E+00
  0.000000000000E+00 -0.000000000000E+00  0.100000000000E+01
  0.000000000000E+00 -0.100000000000E+01  0.000000000000E+00
  0.995713772945E+01  0.746785329709E+01  0.746785329709E+01
  0.100000000000E+01 -0.000000000000E+00  0.000000000000E+00
 -0.000000000000E+00 -0.000000000000E+00 -0.100000000000E+01
 -0.000000000000E+00 -0.100000000000E+01 -0.000000000000E+00
  0.000000000000E+00  0.000000000000E+00  0.000000000000E+00
  0.000000000000E+00  0.000000000000E+00 -0.100000000000E+01
  0.000000000000E+00 -0.100000000000E+01  0.000000000000E+00
  0.100000000000E+01 -0.000000000000E+00  0.000000000000E+00
  0.497856886473E+01  0.746785329709E+01  0.248928443236E+01
 -0.000000000000E+00  0.000000000000E+00  0.100000000000E+01
 -0.000000000000E+00 -0.100000000000E+01 -0.000000000000E+00
 -0.100000000000E+01 -0.000000000000E+00 -0.000000000000E+00
  0.497856886473E+01  0.000000000000E+00  0.497856886473E+01
  0.000000000000E+00 -0.000000000000E+00  0.100000000000E+01
  0.000000000000E+00  0.100000000000E+01 -0.000000000000E+00
  0.100000000000E+01  0.000000000000E+00 -0.000000000000E+00
  0.497856886473E+01  0.746785329709E+01  0.248928443236E+01
  0.100000000000E+01  0.000000000000E+00 -0.000000000000E+00
 -0.000000000000E+00  0.000000000000E+00  0.100000000000E+01
 -0.000000000000E+00  0.100000000000E+01  0.000000000000E+00
  0.000000000000E+00  0.000000000000E+00  0.000000000000E+00
   54
    3     -0.080578053929      0.000000000000      0.000000000000
    3      2.639206530255      2.339362334471     -0.000000000000
    3     -2.489284432363     -2.408706378434      0.000000000000
    3      2.639206530255      0.000000000000      2.339362334471
    3      4.978568864726      2.339362334471      2.339362334471
   22     -0.081715039213     -2.407569393150      2.407569393150
    3     -2.489284432363      0.000000000000     -2.408706378434
   22     -0.081715039213      2.407569393150     -2.407569393150
   22     -4.896853825513     -2.407569393150     -2.407569393150
   22     -0.081715039213      2.407569393150      2.407569393150
   22      2.570999471576      5.060283903939      2.407569393150
    3     -2.489284432363      0.000000000000      2.408706378434
   22      2.570999471576      2.407569393150      5.060283903939
    3      4.978568864726      5.128490962618      5.128490962618
    3     -0.149922097892      0.000000000000      5.128490962618
    3     -2.489284432363      2.408706378434      0.000000000000
    3     -0.149922097892      5.128490962618      0.000000000000
    3     -4.897990810797     -0.000000000000      0.000000000000
   22     -0.081715039213     -2.407569393150     -2.407569393150
    3      2.639206530255     -0.000000000000     -2.339362334471
    3     -2.489284432363     -5.128490962618     -2.339362334471
    3      2.639206530255     -2.339362334471     -0.000000000000
   22      4.978568864726     -0.000000000000     -0.000000000000
    3     -0.149922097892     -5.128490962618     -0.000000000000
    3     -2.489284432363     -2.339362334471     -5.128490962618
    3     -0.149922097892     -0.000000000000     -5.128490962618
   22     -4.896853825513     -5.060283903939     -5.060283903939
   16      2.386791932030      2.591776932696      2.591776932696
   16      4.978568864726      4.921587874464      2.546265422625
   16      0.056980990262     -0.000000000000      2.546265422625
   16      4.978568864726      2.546265422625      4.921587874464
   16      7.570345797422      4.876076364393      4.876076364393
   16      2.432303442101     -0.000000000000      4.921587874464
   16      0.056980990262      2.546265422625     -0.000000000000
   16      2.432303442101      4.921587874464      0.000000000000
   16     -2.489284432363     -0.000000000000     -0.000000000000
   16      2.386791932030      4.876076364393      4.876076364393
   16      4.978568864726      7.467853297089      5.022379642493
   16      0.102492500333      2.591776932696      4.876076364393
   16      4.978568864726      5.022379642493      7.467853297089
   16      7.424042519322      7.467853297089      7.467853297089
   16      2.432303442101      2.546265422625      7.467853297089
   16      0.102492500333      4.876076364393      2.591776932696
   16      2.432303442101      7.467853297089      2.546265422625
   16     -2.489284432363      2.546265422625      2.546265422625
   16      2.533095210130     -0.000000000000     -0.000000000000
   16      4.978568864726      2.445473654596     -0.000000000000
   16      0.056980990262     -2.546265422625     -0.000000000000
   16      4.978568864726     -0.000000000000      2.445473654596
   16      7.570345797422      2.591776932696      2.591776932696
   16      2.386791932030     -2.591776932696      2.591776932696
   16      0.056980990262     -0.000000000000     -2.546265422625
   16      2.386791932030      2.591776932696     -2.591776932696
   16     -2.489284432363     -2.546265422625     -2.546265422625
  225   48
