   3   1   1 E -1.8527571679602E+04 DE 4.9E-09( 13)
  0.000000000000E+00  0.745488352130E+01  0.745488352130E+01
  0.745488352130E+01  0.000000000000E+00  0.745488352130E+01
  0.745488352130E+01  0.745488352130E+01  0.000000000000E+00
   48
  0.100000000000E+01 -0.000000000000E+00  0.000000000000E+00
 -0.000000000000E+00  0.100000000000E+01  0.000000000000E+00
 -0.000000000000E+00  0.000000000000E+00  0.100000000000E+01
  0.000000000000E+00  0.000000000000E+00  0.000000000000E+00
 -0.000000000000E+00 -0.100000000000E+01  0.000000000000E+00
  0.100000000000E+01  0.000000000000E+00  0.000000000000E+00
  0.000000000000E+00  0.000000000000E+00  0.100000000000E+01
  0.496992234754E+01  0.248496117377E+01  0.745488352130E+01
  0.000000000000E+00  0.100000000000E+01  0.000000000000E+00
 -0.100000000000E+01 -0.000000000000E+00  0.000000000000E+00
 -0.000000000000E+00 -0.000000000000E+00  0.100000000000E+01
  0.496992234754E+01  0.496992234754E+01  0.000000000000E+00
 -0.100000000000E+01  0.000000000000E+00  0.000000000000E+00
  0.000000000000E+00 -0.100000000000E+01  0.000000000000E+00
  0.000000000000E+00 -0.000000000000E+00  0.100000000000E+01
  0.993984469507E+01  0.745488352130E+01  0.745488352130E+01
  0.100000000000E+01  0.000000000000E+00 -0.000000000000E+00
 -0.000000000000E+00 -0.100000000000E+01 -0.000000000000E+00
 -0.000000000000E+00 -0.000000000000E+00 -0.100000000000E+01
  0.000000000000E+00  0.000000000000E+00  0.000000000000E+00
  0.000000000000E+00 -0.100000000000E+01 -0.000000000000E+00
 -0.100000000000E+01  0.000000000000E+00 -0.000000000000E+00
 -0.000000000000E+00  0.000000000000E+00 -0.100000000000E+01
  0.496992234754E+01  0.496992234754E+01  0.000000000000E+00
 -0.100000000000E+01 -0.000000000000E+00 -0.000000000000E+00
  0.000000000000E+00  0.100000000000E+01 -0.000000000000E+00
  0.000000000000E+00  0.000000000000E+00 -0.100000000000E+01
  0.993984469507E+01  0.745488352130E+01  0.745488352130E+01
 -0.000000000000E+00  0.100000000000E+01 -0.000000000000E+00
  0.100000000000E+01 -0.000000000000E+00 -0.000000000000E+00
  0.000000000000E+00 -0.000000000000E+00 -0.100000000000E+01
  0.496992234754E+01  0.248496117377E+01  0.745488352130E+01
 -0.000000000000E+00  0.000000000000E+00  0.100000000000E+01
  0.100000000000E+01  0.000000000000E+00 -0.000000000000E+00
  0.000000000000E+00  0.100000000000E+01 -0.000000000000E+00
  0.496992234754E+01  0.248496117377E+01  0.745488352130E+01
  0.000000000000E+00  0.100000000000E+01 -0.000000000000E+00
  0.000000000000E+00 -0.000000000000E+00  0.100000000000E+01
  0.100000000000E+01 -0.000000000000E+00  0.000000000000E+00
  0.496992234754E+01  0.745488352130E+01  0.248496117377E+01
  0.000000000000E+00 -0.000000000000E+00  0.100000000000E+01
 -0.100000000000E+01 -0.000000000000E+00 -0.000000000000E+00
 -0.000000000000E+00 -0.100000000000E+01 -0.000000000000E+00
  0.496992234754E+01  0.496992234754E+01  0.000000000000E+00
  0.000000000000E+00 -0.100000000000E+01  0.000000000000E+00
  0.000000000000E+00  0.000000000000E+00 -0.100000000000E+01
  0.100000000000E+01  0.000000000000E+00 -0.000000000000E+00
  0.496992234754E+01  0.745488352130E+01  0.248496117377E+01
 -0.000000000000E+00 -0.000000000000E+00 -0.100000000000E+01
  0.100000000000E+01 -0.000000000000E+00  0.000000000000E+00
  0.000000000000E+00 -0.100000000000E+01  0.000000000000E+00
  0.496992234754E+01  0.248496117377E+01  0.745488352130E+01
 -0.000000000000E+00  0.100000000000E+01  0.000000000000E+00
 -0.000000000000E+00 -0.000000000000E+00 -0.100000000000E+01
 -0.100000000000E+01 -0.000000000000E+00 -0.000000000000E+00
  0.496992234754E+01  0.000000000000E+00  0.496992234754E+01
  0.000000000000E+00  0.000000000000E+00 -0.100000000000E+01
 -0.100000000000E+01  0.000000000000E+00  0.000000000000E+00
 -0.000000000000E+00  0.100000000000E+01  0.000000000000E+00
  0.496992234754E+01  0.496992234754E+01  0.000000000000E+00
 -0.000000000000E+00 -0.100000000000E+01 -0.000000000000E+00
 -0.000000000000E+00  0.000000000000E+00  0.100000000000E+01
 -0.100000000000E+01  0.000000000000E+00  0.000000000000E+00
  0.496992234754E+01  0.000000000000E+00  0.496992234754E+01
  0.000000000000E+00  0.000000000000E+00  0.100000000000E+01
  0.000000000000E+00 -0.100000000000E+01 -0.000000000000E+00
  0.100000000000E+01 -0.000000000000E+00 -0.000000000000E+00
  0.496992234754E+01  0.745488352130E+01  0.248496117377E+01
  0.100000000000E+01 -0.000000000000E+00 -0.000000000000E+00
 -0.000000000000E+00 -0.000000000000E+00  0.100000000000E+01
 -0.000000000000E+00 -0.100000000000E+01  0.000000000000E+00
  0.000000000000E+00  0.000000000000E+00  0.000000000000E+00
  0.100000000000E+01  0.000000000000E+00  0.000000000000E+00
 -0.000000000000E+00  0.000000000000E+00 -0.100000000000E+01
 -0.000000000000E+00  0.100000000000E+01 -0.000000000000E+00
  0.000000000000E+00  0.000000000000E+00  0.000000000000E+00
 -0.100000000000E+01  0.000000000000E+00 -0.000000000000E+00
  0.000000000000E+00  0.000000000000E+00  0.100000000000E+01
  0.000000000000E+00  0.100000000000E+01  0.000000000000E+00
  0.993984469507E+01  0.745488352130E+01  0.745488352130E+01
 -0.000000000000E+00 -0.000000000000E+00  0.100000000000E+01
 -0.000000000000E+00  0.100000000000E+01 -0.000000000000E+00
 -0.100000000000E+01  0.000000000000E+00 -0.000000000000E+00
  0.496992234754E+01  0.000000000000E+00  0.496992234754E+01
  0.000000000000E+00 -0.000000000000E+00 -0.100000000000E+01
  0.000000000000E+00  0.100000000000E+01  0.000000000000E+00
  0.100000000000E+01  0.000000000000E+00  0.000000000000E+00
  0.496992234754E+01  0.745488352130E+01  0.248496117377E+01
 -0.000000000000E+00  0.000000000000E+00 -0.100000000000E+01
 -0.000000000000E+00 -0.100000000000E+01  0.000000000000E+00
 -0.100000000000E+01 -0.000000000000E+00  0.000000000000E+00
  0.496992234754E+01  0.000000000000E+00  0.496992234754E+01
 -0.100000000000E+01 -0.000000000000E+00  0.000000000000E+00
  0.000000000000E+00 -0.000000000000E+00 -0.100000000000E+01
  0.000000000000E+00 -0.100000000000E+01 -0.000000000000E+00
  0.993984469507E+01  0.745488352130E+01  0.745488352130E+01
 -0.100000000000E+01  0.000000000000E+00 -0.000000000000E+00
  0.000000000000E+00 -0.100000000000E+01 -0.000000000000E+00
  0.000000000000E+00 -0.000000000000E+00 -0.100000000000E+01
  0.993984469507E+01  0.745488352130E+01  0.745488352130E+01
  0.000000000000E+00  0.100000000000E+01 -0.000000000000E+00
 -0.100000000000E+01 -0.000000000000E+00 -0.000000000000E+00
 -0.000000000000E+00 -0.000000000000E+00 -0.100000000000E+01
  0.496992234754E+01  0.496992234754E+01  0.000000000000E+00
 -0.000000000000E+00 -0.100000000000E+01 -0.000000000000E+00
  0.100000000000E+01  0.000000000000E+00 -0.000000000000E+00
  0.000000000000E+00  0.000000000000E+00 -0.100000000000E+01
  0.496992234754E+01  0.248496117377E+01  0.745488352130E+01
  0.100000000000E+01 -0.000000000000E+00 -0.000000000000E+00
 -0.000000000000E+00  0.100000000000E+01 -0.000000000000E+00
 -0.000000000000E+00  0.000000000000E+00 -0.100000000000E+01
  0.000000000000E+00  0.000000000000E+00  0.000000000000E+00
 -0.100000000000E+01 -0.000000000000E+00  0.000000000000E+00
  0.000000000000E+00  0.100000000000E+01  0.000000000000E+00
  0.000000000000E+00  0.000000000000E+00  0.100000000000E+01
  0.993984469507E+01  0.745488352130E+01  0.745488352130E+01
 -0.000000000000E+00  0.100000000000E+01  0.000000000000E+00
  0.100000000000E+01 -0.000000000000E+00  0.000000000000E+00
  0.000000000000E+00 -0.000000000000E+00  0.100000000000E+01
  0.496992234754E+01  0.248496117377E+01  0.745488352130E+01
  0.100000000000E+01  0.000000000000E+00  0.000000000000E+00
 -0.000000000000E+00 -0.100000000000E+01  0.000000000000E+00
 -0.000000000000E+00 -0.000000000000E+00  0.100000000000E+01
  0.000000000000E+00  0.000000000000E+00  0.000000000000E+00
  0.000000000000E+00 -0.100000000000E+01  0.000000000000E+00
 -0.100000000000E+01  0.000000000000E+00  0.000000000000E+00
 -0.000000000000E+00  0.000000000000E+00  0.100000000000E+01
  0.496992234754E+01  0.496992234754E+01  0.000000000000E+00
  0.000000000000E+00 -0.000000000000E+00 -0.100000000000E+01
 -0.100000000000E+01 -0.000000000000E+00  0.000000000000E+00
 -0.000000000000E+00 -0.100000000000E+01  0.000000000000E+00
  0.496992234754E+01  0.496992234754E+01  0.000000000000E+00
 -0.000000000000E+00 -0.100000000000E+01  0.000000000000E+00
 -0.000000000000E+00  0.000000000000E+00 -0.100000000000E+01
 -0.100000000000E+01  0.000000000000E+00 -0.000000000000E+00
  0.496992234754E+01  0.000000000000E+00  0.496992234754E+01
 -0.000000000000E+00  0.000000000000E+00 -0.100000000000E+01
  0.100000000000E+01  0.000000000000E+00  0.000000000000E+00
  0.000000000000E+00  0.100000000000E+01  0.000000000000E+00
  0.496992234754E+01  0.248496117377E+01  0.745488352130E+01
 -0.000000000000E+00  0.100000000000E+01 -0.000000000000E+00
 -0.000000000000E+00 -0.000000000000E+00  0.100000000000E+01
 -0.100000000000E+01 -0.000000000000E+00  0.000000000000E+00
  0.496992234754E+01  0.000000000000E+00  0.496992234754E+01
  0.000000000000E+00  0.000000000000E+00  0.100000000000E+01
 -0.100000000000E+01  0.000000000000E+00 -0.000000000000E+00
 -0.000000000000E+00  0.100000000000E+01 -0.000000000000E+00
  0.496992234754E+01  0.496992234754E+01  0.000000000000E+00
  0.000000000000E+00 -0.100000000000E+01 -0.000000000000E+00
  0.000000000000E+00  0.000000000000E+00  0.100000000000E+01
  0.100000000000E+01  0.000000000000E+00  0.000000000000E+00
  0.496992234754E+01  0.745488352130E+01  0.248496117377E+01
 -0.000000000000E+00 -0.000000000000E+00  0.100000000000E+01
  0.100000000000E+01 -0.000000000000E+00 -0.000000000000E+00
  0.000000000000E+00 -0.100000000000E+01 -0.000000000000E+00
  0.496992234754E+01  0.248496117377E+01  0.745488352130E+01
  0.000000000000E+00  0.100000000000E+01  0.000000000000E+00
  0.000000000000E+00 -0.000000000000E+00 -0.100000000000E+01
  0.100000000000E+01 -0.000000000000E+00 -0.000000000000E+00
  0.496992234754E+01  0.745488352130E+01  0.248496117377E+01
 -0.000000000000E+00 -0.000000000000E+00 -0.100000000000E+01
 -0.000000000000E+00  0.100000000000E+01  0.000000000000E+00
 -0.100000000000E+01  0.000000000000E+00  0.000000000000E+00
  0.496992234754E+01  0.000000000000E+00  0.496992234754E+01
 -0.100000000000E+01  0.000000000000E+00  0.000000000000E+00
  0.000000000000E+00  0.000000000000E+00 -0.100000000000E+01
  0.000000000000E+00  0.100000000000E+01 -0.000000000000E+00
  0.993984469507E+01  0.745488352130E+01  0.745488352130E+01
 -0.100000000000E+01 -0.000000000000E+00 -0.000000000000E+00
  0.000000000000E+00 -0.000000000000E+00  0.100000000000E+01
  0.000000000000E+00 -0.100000000000E+01  0.000000000000E+00
  0.993984469507E+01  0.745488352130E+01  0.745488352130E+01
  0.100000000000E+01 -0.000000000000E+00  0.000000000000E+00
 -0.000000000000E+00 -0.000000000000E+00 -0.100000000000E+01
 -0.000000000000E+00 -0.100000000000E+01 -0.000000000000E+00
  0.000000000000E+00  0.000000000000E+00  0.000000000000E+00
  0.000000000000E+00  0.000000000000E+00 -0.100000000000E+01
  0.000000000000E+00 -0.100000000000E+01  0.000000000000E+00
  0.100000000000E+01 -0.000000000000E+00  0.000000000000E+00
  0.496992234754E+01  0.745488352130E+01  0.248496117377E+01
 -0.000000000000E+00  0.000000000000E+00  0.100000000000E+01
 -0.000000000000E+00 -0.100000000000E+01 -0.000000000000E+00
 -0.100000000000E+01 -0.000000000000E+00 -0.000000000000E+00
  0.496992234754E+01  0.000000000000E+00  0.496992234754E+01
  0.000000000000E+00 -0.000000000000E+00  0.100000000000E+01
  0.000000000000E+00  0.100000000000E+01 -0.000000000000E+00
  0.100000000000E+01  0.000000000000E+00 -0.000000000000E+00
  0.496992234754E+01  0.745488352130E+01  0.248496117377E+01
  0.100000000000E+01  0.000000000000E+00 -0.000000000000E+00
 -0.000000000000E+00  0.000000000000E+00  0.100000000000E+01
 -0.000000000000E+00  0.100000000000E+01  0.000000000000E+00
  0.000000000000E+00  0.000000000000E+00  0.000000000000E+00
   54
    3     -0.072473458771      0.000000000000      0.000000000000
    3      2.626617044893      2.343305302643     -0.000000000000
    3     -2.484961173768     -2.412487714997      0.000000000000
    3      2.626617044893      0.000000000000      2.343305302643
    3      4.969922347536      2.343305302643      2.343305302643
   22     -0.082406522611     -2.402554651157      2.402554651157
    3     -2.484961173768      0.000000000000     -2.412487714997
   22     -0.082406522611      2.402554651157     -2.402554651157
   22     -4.887515824925     -2.402554651157     -2.402554651157
   22     -0.082406522611      2.402554651157      2.402554651157
   22      2.567367696379      5.052328870146      2.402554651157
    3     -2.484961173768      0.000000000000      2.412487714997
   22      2.567367696379      2.402554651157      5.052328870146
    3      4.969922347536      5.111578218661      5.111578218661
    3     -0.141655871125      0.000000000000      5.111578218661
    3     -2.484961173768      2.412487714997      0.000000000000
    3     -0.141655871125      5.111578218661      0.000000000000
    3     -4.897448888765     -0.000000000000      0.000000000000
   22     -0.082406522611     -2.402554651157     -2.402554651157
    3      2.626617044893     -0.000000000000     -2.343305302643
    3     -2.484961173768     -5.111578218661     -2.343305302643
    3      2.626617044893     -2.343305302643     -0.000000000000
   22      4.969922347536     -0.000000000000     -0.000000000000
    3     -0.141655871125     -5.111578218661     -0.000000000000
    3     -2.484961173768     -2.343305302643     -5.111578218661
    3     -0.141655871125     -0.000000000000     -5.111578218661
   22     -4.887515824925     -5.052328870146     -5.052328870146
   16      2.386993704935      2.582928642601      2.582928642601
   16      4.969922347536      4.912443999631      2.542439521673
   16      0.057478347905     -0.000000000000      2.542439521673
   16      4.969922347536      2.542439521673      4.912443999631
   16      7.552850990137      4.871954878702      4.871954878702
   16      2.427482825863     -0.000000000000      4.912443999631
   16      0.057478347905      2.542439521673     -0.000000000000
   16      2.427482825863      4.912443999631      0.000000000000
   16     -2.484961173768     -0.000000000000     -0.000000000000
   16      2.386993704935      4.871954878702      4.871954878702
   16      4.969922347536      7.454883521304      5.009292827323
   16      0.097967468833      2.582928642601      4.871954878702
   16      4.969922347536      5.009292827323      7.454883521304
   16      7.415513041516      7.454883521304      7.454883521304
   16      2.427482825863      2.542439521673      7.454883521304
   16      0.097967468833      4.871954878702      2.582928642601
   16      2.427482825863      7.454883521304      2.542439521673
   16     -2.484961173768      2.542439521673      2.542439521673
   16      2.524331653555     -0.000000000000     -0.000000000000
   16      4.969922347536      2.445590693980     -0.000000000000
   16      0.057478347905     -2.542439521673     -0.000000000000
   16      4.969922347536     -0.000000000000      2.445590693980
   16      7.552850990137      2.582928642601      2.582928642601
   16      2.386993704935     -2.582928642601      2.582928642601
   16      0.057478347905     -0.000000000000     -2.542439521673
   16      2.386993704935      2.582928642601     -2.582928642601
   16     -2.484961173768     -2.542439521673     -2.542439521673
  225   48
