   3   1   1 E -1.8527572279381E+04 DE-3.0E-09(  6)
  0.000000000000E+00  0.746716907903E+01  0.746716907903E+01
  0.746716907903E+01  0.000000000000E+00  0.746716907903E+01
  0.746716907903E+01  0.746716907903E+01  0.000000000000E+00
   48
  0.100000000000E+01 -0.000000000000E+00  0.000000000000E+00
 -0.000000000000E+00  0.100000000000E+01  0.000000000000E+00
 -0.000000000000E+00  0.000000000000E+00  0.100000000000E+01
  0.000000000000E+00  0.000000000000E+00  0.000000000000E+00
 -0.000000000000E+00 -0.100000000000E+01  0.000000000000E+00
  0.100000000000E+01  0.000000000000E+00  0.000000000000E+00
  0.000000000000E+00  0.000000000000E+00  0.100000000000E+01
  0.497811271935E+01  0.248905635968E+01  0.746716907903E+01
  0.000000000000E+00  0.100000000000E+01  0.000000000000E+00
 -0.100000000000E+01 -0.000000000000E+00  0.000000000000E+00
 -0.000000000000E+00 -0.000000000000E+00  0.100000000000E+01
  0.497811271935E+01  0.497811271935E+01  0.000000000000E+00
 -0.100000000000E+01  0.000000000000E+00  0.000000000000E+00
  0.000000000000E+00 -0.100000000000E+01  0.000000000000E+00
  0.000000000000E+00 -0.000000000000E+00  0.100000000000E+01
  0.995622543870E+01  0.746716907903E+01  0.746716907903E+01
  0.100000000000E+01  0.000000000000E+00 -0.000000000000E+00
 -0.000000000000E+00 -0.100000000000E+01 -0.000000000000E+00
 -0.000000000000E+00 -0.000000000000E+00 -0.100000000000E+01
  0.000000000000E+00  0.000000000000E+00  0.000000000000E+00
  0.000000000000E+00 -0.100000000000E+01 -0.000000000000E+00
 -0.100000000000E+01  0.000000000000E+00 -0.000000000000E+00
 -0.000000000000E+00  0.000000000000E+00 -0.100000000000E+01
  0.497811271935E+01  0.497811271935E+01  0.000000000000E+00
 -0.100000000000E+01 -0.000000000000E+00 -0.000000000000E+00
  0.000000000000E+00  0.100000000000E+01 -0.000000000000E+00
  0.000000000000E+00  0.000000000000E+00 -0.100000000000E+01
  0.995622543870E+01  0.746716907903E+01  0.746716907903E+01
 -0.000000000000E+00  0.100000000000E+01 -0.000000000000E+00
  0.100000000000E+01 -0.000000000000E+00 -0.000000000000E+00
  0.000000000000E+00 -0.000000000000E+00 -0.100000000000E+01
  0.497811271935E+01  0.248905635968E+01  0.746716907903E+01
 -0.000000000000E+00  0.000000000000E+00  0.100000000000E+01
  0.100000000000E+01  0.000000000000E+00 -0.000000000000E+00
  0.000000000000E+00  0.100000000000E+01 -0.000000000000E+00
  0.497811271935E+01  0.248905635968E+01  0.746716907903E+01
  0.000000000000E+00  0.100000000000E+01 -0.000000000000E+00
  0.000000000000E+00 -0.000000000000E+00  0.100000000000E+01
  0.100000000000E+01 -0.000000000000E+00  0.000000000000E+00
  0.497811271935E+01  0.746716907903E+01  0.248905635968E+01
  0.000000000000E+00 -0.000000000000E+00  0.100000000000E+01
 -0.100000000000E+01 -0.000000000000E+00 -0.000000000000E+00
 -0.000000000000E+00 -0.100000000000E+01 -0.000000000000E+00
  0.497811271935E+01  0.497811271935E+01  0.000000000000E+00
  0.000000000000E+00 -0.100000000000E+01  0.000000000000E+00
  0.000000000000E+00  0.000000000000E+00 -0.100000000000E+01
  0.100000000000E+01  0.000000000000E+00 -0.000000000000E+00
  0.497811271935E+01  0.746716907903E+01  0.248905635968E+01
 -0.000000000000E+00 -0.000000000000E+00 -0.100000000000E+01
  0.100000000000E+01 -0.000000000000E+00  0.000000000000E+00
  0.000000000000E+00 -0.100000000000E+01  0.000000000000E+00
  0.497811271935E+01  0.248905635968E+01  0.746716907903E+01
 -0.000000000000E+00  0.100000000000E+01  0.000000000000E+00
 -0.000000000000E+00 -0.000000000000E+00 -0.100000000000E+01
 -0.100000000000E+01 -0.000000000000E+00 -0.000000000000E+00
  0.497811271935E+01  0.000000000000E+00  0.497811271935E+01
  0.000000000000E+00  0.000000000000E+00 -0.100000000000E+01
 -0.100000000000E+01  0.000000000000E+00  0.000000000000E+00
 -0.000000000000E+00  0.100000000000E+01  0.000000000000E+00
  0.497811271935E+01  0.497811271935E+01  0.000000000000E+00
 -0.000000000000E+00 -0.100000000000E+01 -0.000000000000E+00
 -0.000000000000E+00  0.000000000000E+00  0.100000000000E+01
 -0.100000000000E+01  0.000000000000E+00  0.000000000000E+00
  0.497811271935E+01  0.000000000000E+00  0.497811271935E+01
  0.000000000000E+00  0.000000000000E+00  0.100000000000E+01
  0.000000000000E+00 -0.100000000000E+01 -0.000000000000E+00
  0.100000000000E+01 -0.000000000000E+00 -0.000000000000E+00
  0.497811271935E+01  0.746716907903E+01  0.248905635968E+01
  0.100000000000E+01 -0.000000000000E+00 -0.000000000000E+00
 -0.000000000000E+00 -0.000000000000E+00  0.100000000000E+01
 -0.000000000000E+00 -0.100000000000E+01  0.000000000000E+00
  0.000000000000E+00  0.000000000000E+00  0.000000000000E+00
  0.100000000000E+01  0.000000000000E+00  0.000000000000E+00
 -0.000000000000E+00  0.000000000000E+00 -0.100000000000E+01
 -0.000000000000E+00  0.100000000000E+01 -0.000000000000E+00
  0.000000000000E+00  0.000000000000E+00  0.000000000000E+00
 -0.100000000000E+01  0.000000000000E+00 -0.000000000000E+00
  0.000000000000E+00  0.000000000000E+00  0.100000000000E+01
  0.000000000000E+00  0.100000000000E+01  0.000000000000E+00
  0.995622543870E+01  0.746716907903E+01  0.746716907903E+01
 -0.000000000000E+00 -0.000000000000E+00  0.100000000000E+01
 -0.000000000000E+00  0.100000000000E+01 -0.000000000000E+00
 -0.100000000000E+01  0.000000000000E+00 -0.000000000000E+00
  0.497811271935E+01  0.000000000000E+00  0.497811271935E+01
  0.000000000000E+00 -0.000000000000E+00 -0.100000000000E+01
  0.000000000000E+00  0.100000000000E+01  0.000000000000E+00
  0.100000000000E+01  0.000000000000E+00  0.000000000000E+00
  0.497811271935E+01  0.746716907903E+01  0.248905635968E+01
 -0.000000000000E+00  0.000000000000E+00 -0.100000000000E+01
 -0.000000000000E+00 -0.100000000000E+01  0.000000000000E+00
 -0.100000000000E+01 -0.000000000000E+00  0.000000000000E+00
  0.497811271935E+01  0.000000000000E+00  0.497811271935E+01
 -0.100000000000E+01 -0.000000000000E+00  0.000000000000E+00
  0.000000000000E+00 -0.000000000000E+00 -0.100000000000E+01
  0.000000000000E+00 -0.100000000000E+01 -0.000000000000E+00
  0.995622543870E+01  0.746716907903E+01  0.746716907903E+01
 -0.100000000000E+01  0.000000000000E+00 -0.000000000000E+00
  0.000000000000E+00 -0.100000000000E+01 -0.000000000000E+00
  0.000000000000E+00 -0.000000000000E+00 -0.100000000000E+01
  0.995622543870E+01  0.746716907903E+01  0.746716907903E+01
  0.000000000000E+00  0.100000000000E+01 -0.000000000000E+00
 -0.100000000000E+01 -0.000000000000E+00 -0.000000000000E+00
 -0.000000000000E+00 -0.000000000000E+00 -0.100000000000E+01
  0.497811271935E+01  0.497811271935E+01  0.000000000000E+00
 -0.000000000000E+00 -0.100000000000E+01 -0.000000000000E+00
  0.100000000000E+01  0.000000000000E+00 -0.000000000000E+00
  0.000000000000E+00  0.000000000000E+00 -0.100000000000E+01
  0.497811271935E+01  0.248905635968E+01  0.746716907903E+01
  0.100000000000E+01 -0.000000000000E+00 -0.000000000000E+00
 -0.000000000000E+00  0.100000000000E+01 -0.000000000000E+00
 -0.000000000000E+00  0.000000000000E+00 -0.100000000000E+01
  0.000000000000E+00  0.000000000000E+00  0.000000000000E+00
 -0.100000000000E+01 -0.000000000000E+00  0.000000000000E+00
  0.000000000000E+00  0.100000000000E+01  0.000000000000E+00
  0.000000000000E+00  0.000000000000E+00  0.100000000000E+01
  0.995622543870E+01  0.746716907903E+01  0.746716907903E+01
 -0.000000000000E+00  0.100000000000E+01  0.000000000000E+00
  0.100000000000E+01 -0.000000000000E+00  0.000000000000E+00
  0.000000000000E+00 -0.000000000000E+00  0.100000000000E+01
  0.497811271935E+01  0.248905635968E+01  0.746716907903E+01
  0.100000000000E+01  0.000000000000E+00  0.000000000000E+00
 -0.000000000000E+00 -0.100000000000E+01  0.000000000000E+00
 -0.000000000000E+00 -0.000000000000E+00  0.100000000000E+01
  0.000000000000E+00  0.000000000000E+00  0.000000000000E+00
  0.000000000000E+00 -0.100000000000E+01  0.000000000000E+00
 -0.100000000000E+01  0.000000000000E+00  0.000000000000E+00
 -0.000000000000E+00  0.000000000000E+00  0.100000000000E+01
  0.497811271935E+01  0.497811271935E+01  0.000000000000E+00
  0.000000000000E+00 -0.000000000000E+00 -0.100000000000E+01
 -0.100000000000E+01 -0.000000000000E+00  0.000000000000E+00
 -0.000000000000E+00 -0.100000000000E+01  0.000000000000E+00
  0.497811271935E+01  0.497811271935E+01  0.000000000000E+00
 -0.000000000000E+00 -0.100000000000E+01  0.000000000000E+00
 -0.000000000000E+00  0.000000000000E+00 -0.100000000000E+01
 -0.100000000000E+01  0.000000000000E+00 -0.000000000000E+00
  0.497811271935E+01  0.000000000000E+00  0.497811271935E+01
 -0.000000000000E+00  0.000000000000E+00 -0.100000000000E+01
  0.100000000000E+01  0.000000000000E+00  0.000000000000E+00
  0.000000000000E+00  0.100000000000E+01  0.000000000000E+00
  0.497811271935E+01  0.248905635968E+01  0.746716907903E+01
 -0.000000000000E+00  0.100000000000E+01 -0.000000000000E+00
 -0.000000000000E+00 -0.000000000000E+00  0.100000000000E+01
 -0.100000000000E+01 -0.000000000000E+00  0.000000000000E+00
  0.497811271935E+01  0.000000000000E+00  0.497811271935E+01
  0.000000000000E+00  0.000000000000E+00  0.100000000000E+01
 -0.100000000000E+01  0.000000000000E+00 -0.000000000000E+00
 -0.000000000000E+00  0.100000000000E+01 -0.000000000000E+00
  0.497811271935E+01  0.497811271935E+01  0.000000000000E+00
  0.000000000000E+00 -0.100000000000E+01 -0.000000000000E+00
  0.000000000000E+00  0.000000000000E+00  0.100000000000E+01
  0.100000000000E+01  0.000000000000E+00  0.000000000000E+00
  0.497811271935E+01  0.746716907903E+01  0.248905635968E+01
 -0.000000000000E+00 -0.000000000000E+00  0.100000000000E+01
  0.100000000000E+01 -0.000000000000E+00 -0.000000000000E+00
  0.000000000000E+00 -0.100000000000E+01 -0.000000000000E+00
  0.497811271935E+01  0.248905635968E+01  0.746716907903E+01
  0.000000000000E+00  0.100000000000E+01  0.000000000000E+00
  0.000000000000E+00 -0.000000000000E+00 -0.100000000000E+01
  0.100000000000E+01 -0.000000000000E+00 -0.000000000000E+00
  0.497811271935E+01  0.746716907903E+01  0.248905635968E+01
 -0.000000000000E+00 -0.000000000000E+00 -0.100000000000E+01
 -0.000000000000E+00  0.100000000000E+01  0.000000000000E+00
 -0.100000000000E+01  0.000000000000E+00  0.000000000000E+00
  0.497811271935E+01  0.000000000000E+00  0.497811271935E+01
 -0.100000000000E+01  0.000000000000E+00  0.000000000000E+00
  0.000000000000E+00  0.000000000000E+00 -0.100000000000E+01
  0.000000000000E+00  0.100000000000E+01 -0.000000000000E+00
  0.995622543870E+01  0.746716907903E+01  0.746716907903E+01
 -0.100000000000E+01 -0.000000000000E+00 -0.000000000000E+00
  0.000000000000E+00 -0.000000000000E+00  0.100000000000E+01
  0.000000000000E+00 -0.100000000000E+01  0.000000000000E+00
  0.995622543870E+01  0.746716907903E+01  0.746716907903E+01
  0.100000000000E+01 -0.000000000000E+00  0.000000000000E+00
 -0.000000000000E+00 -0.000000000000E+00 -0.100000000000E+01
 -0.000000000000E+00 -0.100000000000E+01 -0.000000000000E+00
  0.000000000000E+00  0.000000000000E+00  0.000000000000E+00
  0.000000000000E+00  0.000000000000E+00 -0.100000000000E+01
  0.000000000000E+00 -0.100000000000E+01  0.000000000000E+00
  0.100000000000E+01 -0.000000000000E+00  0.000000000000E+00
  0.497811271935E+01  0.746716907903E+01  0.248905635968E+01
 -0.000000000000E+00  0.000000000000E+00  0.100000000000E+01
 -0.000000000000E+00 -0.100000000000E+01 -0.000000000000E+00
 -0.100000000000E+01 -0.000000000000E+00 -0.000000000000E+00
  0.497811271935E+01  0.000000000000E+00  0.497811271935E+01
  0.000000000000E+00 -0.000000000000E+00  0.100000000000E+01
  0.000000000000E+00  0.100000000000E+01 -0.000000000000E+00
  0.100000000000E+01  0.000000000000E+00 -0.000000000000E+00
  0.497811271935E+01  0.746716907903E+01  0.248905635968E+01
  0.100000000000E+01  0.000000000000E+00 -0.000000000000E+00
 -0.000000000000E+00  0.000000000000E+00  0.100000000000E+01
 -0.000000000000E+00  0.100000000000E+01  0.000000000000E+00
  0.000000000000E+00  0.000000000000E+00  0.000000000000E+00
   54
    3     -0.085503595836      0.000000000000      0.000000000000
    3      2.640663637077      2.337449082275     -0.000000000000
    3     -2.489056359676     -2.403552763840      0.000000000000
    3      2.640663637077      0.000000000000      2.337449082275
    3      4.978112719352      2.337449082275      2.337449082275
   22     -0.080468849461     -2.408587510216      2.408587510216
    3     -2.489056359676      0.000000000000     -2.403552763840
   22     -0.080468849461      2.408587510216     -2.408587510216
   22     -4.897643869892     -2.408587510216     -2.408587510216
   22     -0.080468849461      2.408587510216      2.408587510216
   22      2.569525209137      5.058581568813      2.408587510216
    3     -2.489056359676      0.000000000000      2.403552763840
   22      2.569525209137      2.408587510216      5.058581568813
    3      4.978112719352      5.129719996753      5.129719996753
    3     -0.151607277401      0.000000000000      5.129719996753
    3     -2.489056359676      2.403552763840      0.000000000000
    3     -0.151607277401      5.129719996753      0.000000000000
    3     -4.892609123516     -0.000000000000      0.000000000000
   22     -0.080468849461     -2.408587510216     -2.408587510216
    3      2.640663637077     -0.000000000000     -2.337449082275
    3     -2.489056359676     -5.129719996753     -2.337449082275
    3      2.640663637077     -2.337449082275     -0.000000000000
   22      4.978112719352     -0.000000000000     -0.000000000000
    3     -0.151607277401     -5.129719996753     -0.000000000000
    3     -2.489056359676     -2.337449082275     -5.129719996753
    3     -0.151607277401     -0.000000000000     -5.129719996753
   22     -4.897643869892     -5.058581568813     -5.058581568813
   16      2.386324211006      2.591788508347      2.591788508347
   16      4.978112719352      4.926255883931      2.540913195097
   16      0.051856835421     -0.000000000000      2.540913195097
   16      4.978112719352      2.540913195097      4.926255883931
   16      7.569901227699      4.875380570682      4.875380570682
   16      2.437199524255     -0.000000000000      4.926255883931
   16      0.051856835421      2.540913195097     -0.000000000000
   16      2.437199524255      4.926255883931      0.000000000000
   16     -2.489056359676     -0.000000000000     -0.000000000000
   16      2.386324211006      4.875380570682      4.875380570682
   16      4.978112719352      7.467169079028      5.021724552086
   16      0.102732148671      2.591788508347      4.875380570682
   16      4.978112719352      5.021724552086      7.467169079028
   16      7.423557246295      7.467169079028      7.467169079028
   16      2.437199524255      2.540913195097      7.467169079028
   16      0.102732148671      4.875380570682      2.591788508347
   16      2.437199524255      7.467169079028      2.540913195097
   16     -2.489056359676      2.540913195097      2.540913195097
   16      2.532668192410     -0.000000000000     -0.000000000000
   16      4.978112719352      2.445444526942     -0.000000000000
   16      0.051856835421     -2.540913195097     -0.000000000000
   16      4.978112719352     -0.000000000000      2.445444526942
   16      7.569901227699      2.591788508347      2.591788508347
   16      2.386324211006     -2.591788508347      2.591788508347
   16      0.051856835421     -0.000000000000     -2.540913195097
   16      2.386324211006      2.591788508347     -2.591788508347
   16     -2.489056359676     -2.540913195097     -2.540913195097
  225   48
