   3   1   1 E -1.8527493638386E+04 DE 6.5E-08( 22)
  0.000000000000E+00  0.757324734306E+01  0.757324734306E+01
  0.757324734306E+01  0.000000000000E+00  0.757324734306E+01
  0.757324734306E+01  0.757324734306E+01  0.000000000000E+00
   48
  0.100000000000E+01 -0.000000000000E+00  0.000000000000E+00
 -0.000000000000E+00  0.100000000000E+01  0.000000000000E+00
 -0.000000000000E+00  0.000000000000E+00  0.100000000000E+01
  0.000000000000E+00  0.000000000000E+00  0.000000000000E+00
 -0.000000000000E+00 -0.100000000000E+01  0.000000000000E+00
  0.100000000000E+01  0.000000000000E+00  0.000000000000E+00
  0.000000000000E+00  0.000000000000E+00  0.100000000000E+01
  0.504883156204E+01  0.252441578102E+01  0.757324734306E+01
  0.000000000000E+00  0.100000000000E+01  0.000000000000E+00
 -0.100000000000E+01 -0.000000000000E+00  0.000000000000E+00
 -0.000000000000E+00 -0.000000000000E+00  0.100000000000E+01
  0.504883156204E+01  0.504883156204E+01  0.000000000000E+00
 -0.100000000000E+01  0.000000000000E+00  0.000000000000E+00
  0.000000000000E+00 -0.100000000000E+01  0.000000000000E+00
  0.000000000000E+00 -0.000000000000E+00  0.100000000000E+01
  0.100976631241E+02  0.757324734306E+01  0.757324734306E+01
  0.100000000000E+01  0.000000000000E+00 -0.000000000000E+00
 -0.000000000000E+00 -0.100000000000E+01 -0.000000000000E+00
 -0.000000000000E+00 -0.000000000000E+00 -0.100000000000E+01
  0.000000000000E+00  0.000000000000E+00  0.000000000000E+00
  0.000000000000E+00 -0.100000000000E+01 -0.000000000000E+00
 -0.100000000000E+01  0.000000000000E+00 -0.000000000000E+00
 -0.000000000000E+00  0.000000000000E+00 -0.100000000000E+01
  0.504883156204E+01  0.504883156204E+01  0.000000000000E+00
 -0.100000000000E+01 -0.000000000000E+00 -0.000000000000E+00
  0.000000000000E+00  0.100000000000E+01 -0.000000000000E+00
  0.000000000000E+00  0.000000000000E+00 -0.100000000000E+01
  0.100976631241E+02  0.757324734306E+01  0.757324734306E+01
 -0.000000000000E+00  0.100000000000E+01 -0.000000000000E+00
  0.100000000000E+01 -0.000000000000E+00 -0.000000000000E+00
  0.000000000000E+00 -0.000000000000E+00 -0.100000000000E+01
  0.504883156204E+01  0.252441578102E+01  0.757324734306E+01
 -0.000000000000E+00  0.000000000000E+00  0.100000000000E+01
  0.100000000000E+01  0.000000000000E+00 -0.000000000000E+00
  0.000000000000E+00  0.100000000000E+01 -0.000000000000E+00
  0.504883156204E+01  0.252441578102E+01  0.757324734306E+01
  0.000000000000E+00  0.100000000000E+01 -0.000000000000E+00
  0.000000000000E+00 -0.000000000000E+00  0.100000000000E+01
  0.100000000000E+01 -0.000000000000E+00  0.000000000000E+00
  0.504883156204E+01  0.757324734306E+01  0.252441578102E+01
  0.000000000000E+00 -0.000000000000E+00  0.100000000000E+01
 -0.100000000000E+01 -0.000000000000E+00 -0.000000000000E+00
 -0.000000000000E+00 -0.100000000000E+01 -0.000000000000E+00
  0.504883156204E+01  0.504883156204E+01  0.000000000000E+00
  0.000000000000E+00 -0.100000000000E+01  0.000000000000E+00
  0.000000000000E+00  0.000000000000E+00 -0.100000000000E+01
  0.100000000000E+01  0.000000000000E+00 -0.000000000000E+00
  0.504883156204E+01  0.757324734306E+01  0.252441578102E+01
 -0.000000000000E+00 -0.000000000000E+00 -0.100000000000E+01
  0.100000000000E+01 -0.000000000000E+00  0.000000000000E+00
  0.000000000000E+00 -0.100000000000E+01  0.000000000000E+00
  0.504883156204E+01  0.252441578102E+01  0.757324734306E+01
 -0.000000000000E+00  0.100000000000E+01  0.000000000000E+00
 -0.000000000000E+00 -0.000000000000E+00 -0.100000000000E+01
 -0.100000000000E+01 -0.000000000000E+00 -0.000000000000E+00
  0.504883156204E+01  0.000000000000E+00  0.504883156204E+01
  0.000000000000E+00  0.000000000000E+00 -0.100000000000E+01
 -0.100000000000E+01  0.000000000000E+00  0.000000000000E+00
 -0.000000000000E+00  0.100000000000E+01  0.000000000000E+00
  0.504883156204E+01  0.504883156204E+01  0.000000000000E+00
 -0.000000000000E+00 -0.100000000000E+01 -0.000000000000E+00
 -0.000000000000E+00  0.000000000000E+00  0.100000000000E+01
 -0.100000000000E+01  0.000000000000E+00  0.000000000000E+00
  0.504883156204E+01  0.000000000000E+00  0.504883156204E+01
  0.000000000000E+00  0.000000000000E+00  0.100000000000E+01
  0.000000000000E+00 -0.100000000000E+01 -0.000000000000E+00
  0.100000000000E+01 -0.000000000000E+00 -0.000000000000E+00
  0.504883156204E+01  0.757324734306E+01  0.252441578102E+01
  0.100000000000E+01 -0.000000000000E+00 -0.000000000000E+00
 -0.000000000000E+00 -0.000000000000E+00  0.100000000000E+01
 -0.000000000000E+00 -0.100000000000E+01  0.000000000000E+00
  0.000000000000E+00  0.000000000000E+00  0.000000000000E+00
  0.100000000000E+01  0.000000000000E+00  0.000000000000E+00
 -0.000000000000E+00  0.000000000000E+00 -0.100000000000E+01
 -0.000000000000E+00  0.100000000000E+01 -0.000000000000E+00
  0.000000000000E+00  0.000000000000E+00  0.000000000000E+00
 -0.100000000000E+01  0.000000000000E+00 -0.000000000000E+00
  0.000000000000E+00  0.000000000000E+00  0.100000000000E+01
  0.000000000000E+00  0.100000000000E+01  0.000000000000E+00
  0.100976631241E+02  0.757324734306E+01  0.757324734306E+01
 -0.000000000000E+00 -0.000000000000E+00  0.100000000000E+01
 -0.000000000000E+00  0.100000000000E+01 -0.000000000000E+00
 -0.100000000000E+01  0.000000000000E+00 -0.000000000000E+00
  0.504883156204E+01  0.000000000000E+00  0.504883156204E+01
  0.000000000000E+00 -0.000000000000E+00 -0.100000000000E+01
  0.000000000000E+00  0.100000000000E+01  0.000000000000E+00
  0.100000000000E+01  0.000000000000E+00  0.000000000000E+00
  0.504883156204E+01  0.757324734306E+01  0.252441578102E+01
 -0.000000000000E+00  0.000000000000E+00 -0.100000000000E+01
 -0.000000000000E+00 -0.100000000000E+01  0.000000000000E+00
 -0.100000000000E+01 -0.000000000000E+00  0.000000000000E+00
  0.504883156204E+01  0.000000000000E+00  0.504883156204E+01
 -0.100000000000E+01 -0.000000000000E+00  0.000000000000E+00
  0.000000000000E+00 -0.000000000000E+00 -0.100000000000E+01
  0.000000000000E+00 -0.100000000000E+01 -0.000000000000E+00
  0.100976631241E+02  0.757324734306E+01  0.757324734306E+01
 -0.100000000000E+01  0.000000000000E+00 -0.000000000000E+00
  0.000000000000E+00 -0.100000000000E+01 -0.000000000000E+00
  0.000000000000E+00 -0.000000000000E+00 -0.100000000000E+01
  0.100976631241E+02  0.757324734306E+01  0.757324734306E+01
  0.000000000000E+00  0.100000000000E+01 -0.000000000000E+00
 -0.100000000000E+01 -0.000000000000E+00 -0.000000000000E+00
 -0.000000000000E+00 -0.000000000000E+00 -0.100000000000E+01
  0.504883156204E+01  0.504883156204E+01  0.000000000000E+00
 -0.000000000000E+00 -0.100000000000E+01 -0.000000000000E+00
  0.100000000000E+01  0.000000000000E+00 -0.000000000000E+00
  0.000000000000E+00  0.000000000000E+00 -0.100000000000E+01
  0.504883156204E+01  0.252441578102E+01  0.757324734306E+01
  0.100000000000E+01 -0.000000000000E+00 -0.000000000000E+00
 -0.000000000000E+00  0.100000000000E+01 -0.000000000000E+00
 -0.000000000000E+00  0.000000000000E+00 -0.100000000000E+01
  0.000000000000E+00  0.000000000000E+00  0.000000000000E+00
 -0.100000000000E+01 -0.000000000000E+00  0.000000000000E+00
  0.000000000000E+00  0.100000000000E+01  0.000000000000E+00
  0.000000000000E+00  0.000000000000E+00  0.100000000000E+01
  0.100976631241E+02  0.757324734306E+01  0.757324734306E+01
 -0.000000000000E+00  0.100000000000E+01  0.000000000000E+00
  0.100000000000E+01 -0.000000000000E+00  0.000000000000E+00
  0.000000000000E+00 -0.000000000000E+00  0.100000000000E+01
  0.504883156204E+01  0.252441578102E+01  0.757324734306E+01
  0.100000000000E+01  0.000000000000E+00  0.000000000000E+00
 -0.000000000000E+00 -0.100000000000E+01  0.000000000000E+00
 -0.000000000000E+00 -0.000000000000E+00  0.100000000000E+01
  0.000000000000E+00  0.000000000000E+00  0.000000000000E+00
  0.000000000000E+00 -0.100000000000E+01  0.000000000000E+00
 -0.100000000000E+01  0.000000000000E+00  0.000000000000E+00
 -0.000000000000E+00  0.000000000000E+00  0.100000000000E+01
  0.504883156204E+01  0.504883156204E+01  0.000000000000E+00
  0.000000000000E+00 -0.000000000000E+00 -0.100000000000E+01
 -0.100000000000E+01 -0.000000000000E+00  0.000000000000E+00
 -0.000000000000E+00 -0.100000000000E+01  0.000000000000E+00
  0.504883156204E+01  0.504883156204E+01  0.000000000000E+00
 -0.000000000000E+00 -0.100000000000E+01  0.000000000000E+00
 -0.000000000000E+00  0.000000000000E+00 -0.100000000000E+01
 -0.100000000000E+01  0.000000000000E+00 -0.000000000000E+00
  0.504883156204E+01  0.000000000000E+00  0.504883156204E+01
 -0.000000000000E+00  0.000000000000E+00 -0.100000000000E+01
  0.100000000000E+01  0.000000000000E+00  0.000000000000E+00
  0.000000000000E+00  0.100000000000E+01  0.000000000000E+00
  0.504883156204E+01  0.252441578102E+01  0.757324734306E+01
 -0.000000000000E+00  0.100000000000E+01 -0.000000000000E+00
 -0.000000000000E+00 -0.000000000000E+00  0.100000000000E+01
 -0.100000000000E+01 -0.000000000000E+00  0.000000000000E+00
  0.504883156204E+01  0.000000000000E+00  0.504883156204E+01
  0.000000000000E+00  0.000000000000E+00  0.100000000000E+01
 -0.100000000000E+01  0.000000000000E+00 -0.000000000000E+00
 -0.000000000000E+00  0.100000000000E+01 -0.000000000000E+00
  0.504883156204E+01  0.504883156204E+01  0.000000000000E+00
  0.000000000000E+00 -0.100000000000E+01 -0.000000000000E+00
  0.000000000000E+00  0.000000000000E+00  0.100000000000E+01
  0.100000000000E+01  0.000000000000E+00  0.000000000000E+00
  0.504883156204E+01  0.757324734306E+01  0.252441578102E+01
 -0.000000000000E+00 -0.000000000000E+00  0.100000000000E+01
  0.100000000000E+01 -0.000000000000E+00 -0.000000000000E+00
  0.000000000000E+00 -0.100000000000E+01 -0.000000000000E+00
  0.504883156204E+01  0.252441578102E+01  0.757324734306E+01
  0.000000000000E+00  0.100000000000E+01  0.000000000000E+00
  0.000000000000E+00 -0.000000000000E+00 -0.100000000000E+01
  0.100000000000E+01 -0.000000000000E+00 -0.000000000000E+00
  0.504883156204E+01  0.757324734306E+01  0.252441578102E+01
 -0.000000000000E+00 -0.000000000000E+00 -0.100000000000E+01
 -0.000000000000E+00  0.100000000000E+01  0.000000000000E+00
 -0.100000000000E+01  0.000000000000E+00  0.000000000000E+00
  0.504883156204E+01  0.000000000000E+00  0.504883156204E+01
 -0.100000000000E+01  0.000000000000E+00  0.000000000000E+00
  0.000000000000E+00  0.000000000000E+00 -0.100000000000E+01
  0.000000000000E+00  0.100000000000E+01 -0.000000000000E+00
  0.100976631241E+02  0.757324734306E+01  0.757324734306E+01
 -0.100000000000E+01 -0.000000000000E+00 -0.000000000000E+00
  0.000000000000E+00 -0.000000000000E+00  0.100000000000E+01
  0.000000000000E+00 -0.100000000000E+01  0.000000000000E+00
  0.100976631241E+02  0.757324734306E+01  0.757324734306E+01
  0.100000000000E+01 -0.000000000000E+00  0.000000000000E+00
 -0.000000000000E+00 -0.000000000000E+00 -0.100000000000E+01
 -0.000000000000E+00 -0.100000000000E+01 -0.000000000000E+00
  0.000000000000E+00  0.000000000000E+00  0.000000000000E+00
  0.000000000000E+00  0.000000000000E+00 -0.100000000000E+01
  0.000000000000E+00 -0.100000000000E+01  0.000000000000E+00
  0.100000000000E+01 -0.000000000000E+00  0.000000000000E+00
  0.504883156204E+01  0.757324734306E+01  0.252441578102E+01
 -0.000000000000E+00  0.000000000000E+00  0.100000000000E+01
 -0.000000000000E+00 -0.100000000000E+01 -0.000000000000E+00
 -0.100000000000E+01 -0.000000000000E+00 -0.000000000000E+00
  0.504883156204E+01  0.000000000000E+00  0.504883156204E+01
  0.000000000000E+00 -0.000000000000E+00  0.100000000000E+01
  0.000000000000E+00  0.100000000000E+01 -0.000000000000E+00
  0.100000000000E+01  0.000000000000E+00 -0.000000000000E+00
  0.504883156204E+01  0.757324734306E+01  0.252441578102E+01
  0.100000000000E+01  0.000000000000E+00 -0.000000000000E+00
 -0.000000000000E+00  0.000000000000E+00  0.100000000000E+01
 -0.000000000000E+00  0.100000000000E+01  0.000000000000E+00
  0.000000000000E+00  0.000000000000E+00  0.000000000000E+00
   54
    3     -0.005147372889      0.000000000000      0.000000000000
    3      2.539568617858      2.509262944179     -0.000000000000
    3     -2.524415781019     -2.519268408130      0.000000000000
    3      2.539568617858      0.000000000000      2.509262944179
    3      5.048831562037      2.509262944179      2.509262944179
   22     -0.033563315684     -2.490852465334      2.490852465334
    3     -2.524415781019      0.000000000000     -2.519268408130
   22     -0.033563315684      2.490852465334     -2.490852465334
   22     -5.015268246353     -2.490852465334     -2.490852465334
   22     -0.033563315684      2.490852465334      2.490852465334
   22      2.557979096703      5.082394877721      2.490852465334
    3     -2.524415781019      0.000000000000      2.519268408130
   22      2.557979096703      2.490852465334      5.082394877721
    3      5.048831562037      5.063984398877      5.063984398877
    3     -0.015152836840      0.000000000000      5.063984398877
    3     -2.524415781019      2.519268408130      0.000000000000
    3     -0.015152836840      5.063984398877      0.000000000000
    3     -5.043684189149     -0.000000000000      0.000000000000
   22     -0.033563315684     -2.490852465334     -2.490852465334
    3      2.539568617858     -0.000000000000     -2.509262944179
    3     -2.524415781019     -5.063984398877     -2.509262944179
    3      2.539568617858     -2.509262944179     -0.000000000000
   22      5.048831562037     -0.000000000000     -0.000000000000
    3     -0.015152836840     -5.063984398877     -0.000000000000
    3     -2.524415781019     -2.509262944179     -5.063984398877
    3     -0.015152836840     -0.000000000000     -5.063984398877
   22     -5.015268246353     -5.082394877721     -5.082394877721
   16      2.472635251444      2.576196310593      2.576196310593
   16      5.048831562037      5.046298144013      2.526949199043
   16      0.002533418024     -0.000000000000      2.526949199043
   16      5.048831562037      2.526949199043      5.046298144013
   16      7.625027872631      4.997051032462      4.997051032462
   16      2.521882362994     -0.000000000000      5.046298144013
   16      0.002533418024      2.526949199043     -0.000000000000
   16      2.521882362994      5.046298144013      0.000000000000
   16     -2.524415781019     -0.000000000000     -0.000000000000
   16      2.472635251444      4.997051032462      4.997051032462
   16      5.048831562037      7.573247343056      5.102614788752
   16      0.051780529575      2.576196310593      4.997051032462
   16      5.048831562037      5.102614788752      7.573247343056
   16      7.519464116341      7.573247343056      7.573247343056
   16      2.521882362994      2.526949199043      7.573247343056
   16      0.051780529575      4.997051032462      2.576196310593
   16      2.521882362994      7.573247343056      2.526949199043
   16     -2.524415781019      2.526949199043      2.526949199043
   16      2.578199007733     -0.000000000000     -0.000000000000
   16      5.048831562037      2.470632554304     -0.000000000000
   16      0.002533418024     -2.526949199043     -0.000000000000
   16      5.048831562037     -0.000000000000      2.470632554304
   16      7.625027872631      2.576196310593      2.576196310593
   16      2.472635251444     -2.576196310593      2.576196310593
   16      0.002533418024     -0.000000000000     -2.526949199043
   16      2.472635251444      2.576196310593     -2.576196310593
   16     -2.524415781019     -2.526949199043     -2.526949199043
  225   48
