   3   1   1 E -1.8527572280096E+04 DE 1.1E-08(  5)
  0.000000000000E+00  0.746734230553E+01  0.746734230553E+01
  0.746734230553E+01  0.000000000000E+00  0.746734230553E+01
  0.746734230553E+01  0.746734230553E+01  0.000000000000E+00
   48
  0.100000000000E+01 -0.000000000000E+00  0.000000000000E+00
 -0.000000000000E+00  0.100000000000E+01  0.000000000000E+00
 -0.000000000000E+00  0.000000000000E+00  0.100000000000E+01
  0.000000000000E+00  0.000000000000E+00  0.000000000000E+00
 -0.000000000000E+00 -0.100000000000E+01  0.000000000000E+00
  0.100000000000E+01  0.000000000000E+00  0.000000000000E+00
  0.000000000000E+00  0.000000000000E+00  0.100000000000E+01
  0.497822820369E+01  0.248911410184E+01  0.746734230553E+01
  0.000000000000E+00  0.100000000000E+01  0.000000000000E+00
 -0.100000000000E+01 -0.000000000000E+00  0.000000000000E+00
 -0.000000000000E+00 -0.000000000000E+00  0.100000000000E+01
  0.497822820369E+01  0.497822820369E+01  0.000000000000E+00
 -0.100000000000E+01  0.000000000000E+00  0.000000000000E+00
  0.000000000000E+00 -0.100000000000E+01  0.000000000000E+00
  0.000000000000E+00 -0.000000000000E+00  0.100000000000E+01
  0.995645640738E+01  0.746734230553E+01  0.746734230553E+01
  0.100000000000E+01  0.000000000000E+00 -0.000000000000E+00
 -0.000000000000E+00 -0.100000000000E+01 -0.000000000000E+00
 -0.000000000000E+00 -0.000000000000E+00 -0.100000000000E+01
  0.000000000000E+00  0.000000000000E+00  0.000000000000E+00
  0.000000000000E+00 -0.100000000000E+01 -0.000000000000E+00
 -0.100000000000E+01  0.000000000000E+00 -0.000000000000E+00
 -0.000000000000E+00  0.000000000000E+00 -0.100000000000E+01
  0.497822820369E+01  0.497822820369E+01  0.000000000000E+00
 -0.100000000000E+01 -0.000000000000E+00 -0.000000000000E+00
  0.000000000000E+00  0.100000000000E+01 -0.000000000000E+00
  0.000000000000E+00  0.000000000000E+00 -0.100000000000E+01
  0.995645640738E+01  0.746734230553E+01  0.746734230553E+01
 -0.000000000000E+00  0.100000000000E+01 -0.000000000000E+00
  0.100000000000E+01 -0.000000000000E+00 -0.000000000000E+00
  0.000000000000E+00 -0.000000000000E+00 -0.100000000000E+01
  0.497822820369E+01  0.248911410184E+01  0.746734230553E+01
 -0.000000000000E+00  0.000000000000E+00  0.100000000000E+01
  0.100000000000E+01  0.000000000000E+00 -0.000000000000E+00
  0.000000000000E+00  0.100000000000E+01 -0.000000000000E+00
  0.497822820369E+01  0.248911410184E+01  0.746734230553E+01
  0.000000000000E+00  0.100000000000E+01 -0.000000000000E+00
  0.000000000000E+00 -0.000000000000E+00  0.100000000000E+01
  0.100000000000E+01 -0.000000000000E+00  0.000000000000E+00
  0.497822820369E+01  0.746734230553E+01  0.248911410184E+01
  0.000000000000E+00 -0.000000000000E+00  0.100000000000E+01
 -0.100000000000E+01 -0.000000000000E+00 -0.000000000000E+00
 -0.000000000000E+00 -0.100000000000E+01 -0.000000000000E+00
  0.497822820369E+01  0.497822820369E+01  0.000000000000E+00
  0.000000000000E+00 -0.100000000000E+01  0.000000000000E+00
  0.000000000000E+00  0.000000000000E+00 -0.100000000000E+01
  0.100000000000E+01  0.000000000000E+00 -0.000000000000E+00
  0.497822820369E+01  0.746734230553E+01  0.248911410184E+01
 -0.000000000000E+00 -0.000000000000E+00 -0.100000000000E+01
  0.100000000000E+01 -0.000000000000E+00  0.000000000000E+00
  0.000000000000E+00 -0.100000000000E+01  0.000000000000E+00
  0.497822820369E+01  0.248911410184E+01  0.746734230553E+01
 -0.000000000000E+00  0.100000000000E+01  0.000000000000E+00
 -0.000000000000E+00 -0.000000000000E+00 -0.100000000000E+01
 -0.100000000000E+01 -0.000000000000E+00 -0.000000000000E+00
  0.497822820369E+01  0.000000000000E+00  0.497822820369E+01
  0.000000000000E+00  0.000000000000E+00 -0.100000000000E+01
 -0.100000000000E+01  0.000000000000E+00  0.000000000000E+00
 -0.000000000000E+00  0.100000000000E+01  0.000000000000E+00
  0.497822820369E+01  0.497822820369E+01  0.000000000000E+00
 -0.000000000000E+00 -0.100000000000E+01 -0.000000000000E+00
 -0.000000000000E+00  0.000000000000E+00  0.100000000000E+01
 -0.100000000000E+01  0.000000000000E+00  0.000000000000E+00
  0.497822820369E+01  0.000000000000E+00  0.497822820369E+01
  0.000000000000E+00  0.000000000000E+00  0.100000000000E+01
  0.000000000000E+00 -0.100000000000E+01 -0.000000000000E+00
  0.100000000000E+01 -0.000000000000E+00 -0.000000000000E+00
  0.497822820369E+01  0.746734230553E+01  0.248911410184E+01
  0.100000000000E+01 -0.000000000000E+00 -0.000000000000E+00
 -0.000000000000E+00 -0.000000000000E+00  0.100000000000E+01
 -0.000000000000E+00 -0.100000000000E+01  0.000000000000E+00
  0.000000000000E+00  0.000000000000E+00  0.000000000000E+00
  0.100000000000E+01  0.000000000000E+00  0.000000000000E+00
 -0.000000000000E+00  0.000000000000E+00 -0.100000000000E+01
 -0.000000000000E+00  0.100000000000E+01 -0.000000000000E+00
  0.000000000000E+00  0.000000000000E+00  0.000000000000E+00
 -0.100000000000E+01  0.000000000000E+00 -0.000000000000E+00
  0.000000000000E+00  0.000000000000E+00  0.100000000000E+01
  0.000000000000E+00  0.100000000000E+01  0.000000000000E+00
  0.995645640738E+01  0.746734230553E+01  0.746734230553E+01
 -0.000000000000E+00 -0.000000000000E+00  0.100000000000E+01
 -0.000000000000E+00  0.100000000000E+01 -0.000000000000E+00
 -0.100000000000E+01  0.000000000000E+00 -0.000000000000E+00
  0.497822820369E+01  0.000000000000E+00  0.497822820369E+01
  0.000000000000E+00 -0.000000000000E+00 -0.100000000000E+01
  0.000000000000E+00  0.100000000000E+01  0.000000000000E+00
  0.100000000000E+01  0.000000000000E+00  0.000000000000E+00
  0.497822820369E+01  0.746734230553E+01  0.248911410184E+01
 -0.000000000000E+00  0.000000000000E+00 -0.100000000000E+01
 -0.000000000000E+00 -0.100000000000E+01  0.000000000000E+00
 -0.100000000000E+01 -0.000000000000E+00  0.000000000000E+00
  0.497822820369E+01  0.000000000000E+00  0.497822820369E+01
 -0.100000000000E+01 -0.000000000000E+00  0.000000000000E+00
  0.000000000000E+00 -0.000000000000E+00 -0.100000000000E+01
  0.000000000000E+00 -0.100000000000E+01 -0.000000000000E+00
  0.995645640738E+01  0.746734230553E+01  0.746734230553E+01
 -0.100000000000E+01  0.000000000000E+00 -0.000000000000E+00
  0.000000000000E+00 -0.100000000000E+01 -0.000000000000E+00
  0.000000000000E+00 -0.000000000000E+00 -0.100000000000E+01
  0.995645640738E+01  0.746734230553E+01  0.746734230553E+01
  0.000000000000E+00  0.100000000000E+01 -0.000000000000E+00
 -0.100000000000E+01 -0.000000000000E+00 -0.000000000000E+00
 -0.000000000000E+00 -0.000000000000E+00 -0.100000000000E+01
  0.497822820369E+01  0.497822820369E+01  0.000000000000E+00
 -0.000000000000E+00 -0.100000000000E+01 -0.000000000000E+00
  0.100000000000E+01  0.000000000000E+00 -0.000000000000E+00
  0.000000000000E+00  0.000000000000E+00 -0.100000000000E+01
  0.497822820369E+01  0.248911410184E+01  0.746734230553E+01
  0.100000000000E+01 -0.000000000000E+00 -0.000000000000E+00
 -0.000000000000E+00  0.100000000000E+01 -0.000000000000E+00
 -0.000000000000E+00  0.000000000000E+00 -0.100000000000E+01
  0.000000000000E+00  0.000000000000E+00  0.000000000000E+00
 -0.100000000000E+01 -0.000000000000E+00  0.000000000000E+00
  0.000000000000E+00  0.100000000000E+01  0.000000000000E+00
  0.000000000000E+00  0.000000000000E+00  0.100000000000E+01
  0.995645640738E+01  0.746734230553E+01  0.746734230553E+01
 -0.000000000000E+00  0.100000000000E+01  0.000000000000E+00
  0.100000000000E+01 -0.000000000000E+00  0.000000000000E+00
  0.000000000000E+00 -0.000000000000E+00  0.100000000000E+01
  0.497822820369E+01  0.248911410184E+01  0.746734230553E+01
  0.100000000000E+01  0.000000000000E+00  0.000000000000E+00
 -0.000000000000E+00 -0.100000000000E+01  0.000000000000E+00
 -0.000000000000E+00 -0.000000000000E+00  0.100000000000E+01
  0.000000000000E+00  0.000000000000E+00  0.000000000000E+00
  0.000000000000E+00 -0.100000000000E+01  0.000000000000E+00
 -0.100000000000E+01  0.000000000000E+00  0.000000000000E+00
 -0.000000000000E+00  0.000000000000E+00  0.100000000000E+01
  0.497822820369E+01  0.497822820369E+01  0.000000000000E+00
  0.000000000000E+00 -0.000000000000E+00 -0.100000000000E+01
 -0.100000000000E+01 -0.000000000000E+00  0.000000000000E+00
 -0.000000000000E+00 -0.100000000000E+01  0.000000000000E+00
  0.497822820369E+01  0.497822820369E+01  0.000000000000E+00
 -0.000000000000E+00 -0.100000000000E+01  0.000000000000E+00
 -0.000000000000E+00  0.000000000000E+00 -0.100000000000E+01
 -0.100000000000E+01  0.000000000000E+00 -0.000000000000E+00
  0.497822820369E+01  0.000000000000E+00  0.497822820369E+01
 -0.000000000000E+00  0.000000000000E+00 -0.100000000000E+01
  0.100000000000E+01  0.000000000000E+00  0.000000000000E+00
  0.000000000000E+00  0.100000000000E+01  0.000000000000E+00
  0.497822820369E+01  0.248911410184E+01  0.746734230553E+01
 -0.000000000000E+00  0.100000000000E+01 -0.000000000000E+00
 -0.000000000000E+00 -0.000000000000E+00  0.100000000000E+01
 -0.100000000000E+01 -0.000000000000E+00  0.000000000000E+00
  0.497822820369E+01  0.000000000000E+00  0.497822820369E+01
  0.000000000000E+00  0.000000000000E+00  0.100000000000E+01
 -0.100000000000E+01  0.000000000000E+00 -0.000000000000E+00
 -0.000000000000E+00  0.100000000000E+01 -0.000000000000E+00
  0.497822820369E+01  0.497822820369E+01  0.000000000000E+00
  0.000000000000E+00 -0.100000000000E+01 -0.000000000000E+00
  0.000000000000E+00  0.000000000000E+00  0.100000000000E+01
  0.100000000000E+01  0.000000000000E+00  0.000000000000E+00
  0.497822820369E+01  0.746734230553E+01  0.248911410184E+01
 -0.000000000000E+00 -0.000000000000E+00  0.100000000000E+01
  0.100000000000E+01 -0.000000000000E+00 -0.000000000000E+00
  0.000000000000E+00 -0.100000000000E+01 -0.000000000000E+00
  0.497822820369E+01  0.248911410184E+01  0.746734230553E+01
  0.000000000000E+00  0.100000000000E+01  0.000000000000E+00
  0.000000000000E+00 -0.000000000000E+00 -0.100000000000E+01
  0.100000000000E+01 -0.000000000000E+00 -0.000000000000E+00
  0.497822820369E+01  0.746734230553E+01  0.248911410184E+01
 -0.000000000000E+00 -0.000000000000E+00 -0.100000000000E+01
 -0.000000000000E+00  0.100000000000E+01  0.000000000000E+00
 -0.100000000000E+01  0.000000000000E+00  0.000000000000E+00
  0.497822820369E+01  0.000000000000E+00  0.497822820369E+01
 -0.100000000000E+01  0.000000000000E+00  0.000000000000E+00
  0.000000000000E+00  0.000000000000E+00 -0.100000000000E+01
  0.000000000000E+00  0.100000000000E+01 -0.000000000000E+00
  0.995645640738E+01  0.746734230553E+01  0.746734230553E+01
 -0.100000000000E+01 -0.000000000000E+00 -0.000000000000E+00
  0.000000000000E+00 -0.000000000000E+00  0.100000000000E+01
  0.000000000000E+00 -0.100000000000E+01  0.000000000000E+00
  0.995645640738E+01  0.746734230553E+01  0.746734230553E+01
  0.100000000000E+01 -0.000000000000E+00  0.000000000000E+00
 -0.000000000000E+00 -0.000000000000E+00 -0.100000000000E+01
 -0.000000000000E+00 -0.100000000000E+01 -0.000000000000E+00
  0.000000000000E+00  0.000000000000E+00  0.000000000000E+00
  0.000000000000E+00  0.000000000000E+00 -0.100000000000E+01
  0.000000000000E+00 -0.100000000000E+01  0.000000000000E+00
  0.100000000000E+01 -0.000000000000E+00  0.000000000000E+00
  0.497822820369E+01  0.746734230553E+01  0.248911410184E+01
 -0.000000000000E+00  0.000000000000E+00  0.100000000000E+01
 -0.000000000000E+00 -0.100000000000E+01 -0.000000000000E+00
 -0.100000000000E+01 -0.000000000000E+00 -0.000000000000E+00
  0.497822820369E+01  0.000000000000E+00  0.497822820369E+01
  0.000000000000E+00 -0.000000000000E+00  0.100000000000E+01
  0.000000000000E+00  0.100000000000E+01 -0.000000000000E+00
  0.100000000000E+01  0.000000000000E+00 -0.000000000000E+00
  0.497822820369E+01  0.746734230553E+01  0.248911410184E+01
  0.100000000000E+01  0.000000000000E+00 -0.000000000000E+00
 -0.000000000000E+00  0.000000000000E+00  0.100000000000E+01
 -0.000000000000E+00  0.100000000000E+01  0.000000000000E+00
  0.000000000000E+00  0.000000000000E+00  0.000000000000E+00
   54
    3     -0.085702412505      0.000000000000      0.000000000000
    3      2.640713470414      2.337514733275     -0.000000000000
    3     -2.489114101844     -2.403411689340      0.000000000000
    3      2.640713470414      0.000000000000      2.337514733275
    3      4.978228203688      2.337514733275      2.337514733275
   22     -0.080471070666     -2.408643031178      2.408643031178
    3     -2.489114101844      0.000000000000     -2.403411689340
   22     -0.080471070666      2.408643031178     -2.408643031178
   22     -4.897757133022     -2.408643031178     -2.408643031178
   22     -0.080471070666      2.408643031178      2.408643031178
   22      2.569585172510      5.058699274354      2.408643031178
    3     -2.489114101844      0.000000000000      2.403411689340
   22      2.569585172510      2.408643031178      5.058699274354
    3      4.978228203688      5.129827572258      5.129827572258
    3     -0.151599368569      0.000000000000      5.129827572258
    3     -2.489114101844      2.403411689340      0.000000000000
    3     -0.151599368569      5.129827572258      0.000000000000
    3     -4.892525791184     -0.000000000000      0.000000000000
   22     -0.080471070666     -2.408643031178     -2.408643031178
    3      2.640713470414     -0.000000000000     -2.337514733275
    3     -2.489114101844     -5.129827572258     -2.337514733275
    3      2.640713470414     -2.337514733275     -0.000000000000
   22      4.978228203688     -0.000000000000     -0.000000000000
    3     -0.151599368569     -5.129827572258     -0.000000000000
    3     -2.489114101844     -2.337514733275     -5.129827572258
    3     -0.151599368569     -0.000000000000     -5.129827572258
   22     -4.897757133022     -5.058699274354     -5.058699274354
   16      2.386283755124      2.591944448564      2.591944448564
   16      4.978228203688      4.925968917858      2.541373387674
   16      0.052259285830     -0.000000000000      2.541373387674
   16      4.978228203688      2.541373387674      4.925968917858
   16      7.570172652252      4.875397856968      4.875397856968
   16      2.436854816014     -0.000000000000      4.925968917858
   16      0.052259285830      2.541373387674     -0.000000000000
   16      2.436854816014      4.925968917858      0.000000000000
   16     -2.489114101844     -0.000000000000     -0.000000000000
   16      2.386283755124      4.875397856968      4.875397856968
   16      4.978228203688      7.467342305532      5.022195823595
   16      0.102830346720      2.591944448564      4.875397856968
   16      4.978228203688      5.022195823595      7.467342305532
   16      7.423374685625      7.467342305532      7.467342305532
   16      2.436854816014      2.541373387674      7.467342305532
   16      0.102830346720      4.875397856968      2.591944448564
   16      2.436854816014      7.467342305532      2.541373387674
   16     -2.489114101844      2.541373387674      2.541373387674
   16      2.533081721751     -0.000000000000     -0.000000000000
   16      4.978228203688      2.445146481937     -0.000000000000
   16      0.052259285830     -2.541373387674     -0.000000000000
   16      4.978228203688     -0.000000000000      2.445146481937
   16      7.570172652252      2.591944448564      2.591944448564
   16      2.386283755124     -2.591944448564      2.591944448564
   16      0.052259285830     -0.000000000000     -2.541373387674
   16      2.386283755124      2.591944448564     -2.591944448564
   16     -2.489114101844     -2.541373387674     -2.541373387674
  225   48
