   3   1   1 E -1.8527572216572E+04 DE 1.7E-09(  7)
  0.000000000000E+00  0.746745455448E+01  0.746745455448E+01
  0.746745455448E+01  0.000000000000E+00  0.746745455448E+01
  0.746745455448E+01  0.746745455448E+01  0.000000000000E+00
   48
  0.100000000000E+01 -0.000000000000E+00  0.000000000000E+00
 -0.000000000000E+00  0.100000000000E+01  0.000000000000E+00
 -0.000000000000E+00  0.000000000000E+00  0.100000000000E+01
  0.000000000000E+00  0.000000000000E+00  0.000000000000E+00
 -0.000000000000E+00 -0.100000000000E+01  0.000000000000E+00
  0.100000000000E+01  0.000000000000E+00  0.000000000000E+00
  0.000000000000E+00  0.000000000000E+00  0.100000000000E+01
  0.497830303632E+01  0.248915151816E+01  0.746745455448E+01
  0.000000000000E+00  0.100000000000E+01  0.000000000000E+00
 -0.100000000000E+01 -0.000000000000E+00  0.000000000000E+00
 -0.000000000000E+00 -0.000000000000E+00  0.100000000000E+01
  0.497830303632E+01  0.497830303632E+01  0.000000000000E+00
 -0.100000000000E+01  0.000000000000E+00  0.000000000000E+00
  0.000000000000E+00 -0.100000000000E+01  0.000000000000E+00
  0.000000000000E+00 -0.000000000000E+00  0.100000000000E+01
  0.995660607264E+01  0.746745455448E+01  0.746745455448E+01
  0.100000000000E+01  0.000000000000E+00 -0.000000000000E+00
 -0.000000000000E+00 -0.100000000000E+01 -0.000000000000E+00
 -0.000000000000E+00 -0.000000000000E+00 -0.100000000000E+01
  0.000000000000E+00  0.000000000000E+00  0.000000000000E+00
  0.000000000000E+00 -0.100000000000E+01 -0.000000000000E+00
 -0.100000000000E+01  0.000000000000E+00 -0.000000000000E+00
 -0.000000000000E+00  0.000000000000E+00 -0.100000000000E+01
  0.497830303632E+01  0.497830303632E+01  0.000000000000E+00
 -0.100000000000E+01 -0.000000000000E+00 -0.000000000000E+00
  0.000000000000E+00  0.100000000000E+01 -0.000000000000E+00
  0.000000000000E+00  0.000000000000E+00 -0.100000000000E+01
  0.995660607264E+01  0.746745455448E+01  0.746745455448E+01
 -0.000000000000E+00  0.100000000000E+01 -0.000000000000E+00
  0.100000000000E+01 -0.000000000000E+00 -0.000000000000E+00
  0.000000000000E+00 -0.000000000000E+00 -0.100000000000E+01
  0.497830303632E+01  0.248915151816E+01  0.746745455448E+01
 -0.000000000000E+00  0.000000000000E+00  0.100000000000E+01
  0.100000000000E+01  0.000000000000E+00 -0.000000000000E+00
  0.000000000000E+00  0.100000000000E+01 -0.000000000000E+00
  0.497830303632E+01  0.248915151816E+01  0.746745455448E+01
  0.000000000000E+00  0.100000000000E+01 -0.000000000000E+00
  0.000000000000E+00 -0.000000000000E+00  0.100000000000E+01
  0.100000000000E+01 -0.000000000000E+00  0.000000000000E+00
  0.497830303632E+01  0.746745455448E+01  0.248915151816E+01
  0.000000000000E+00 -0.000000000000E+00  0.100000000000E+01
 -0.100000000000E+01 -0.000000000000E+00 -0.000000000000E+00
 -0.000000000000E+00 -0.100000000000E+01 -0.000000000000E+00
  0.497830303632E+01  0.497830303632E+01  0.000000000000E+00
  0.000000000000E+00 -0.100000000000E+01  0.000000000000E+00
  0.000000000000E+00  0.000000000000E+00 -0.100000000000E+01
  0.100000000000E+01  0.000000000000E+00 -0.000000000000E+00
  0.497830303632E+01  0.746745455448E+01  0.248915151816E+01
 -0.000000000000E+00 -0.000000000000E+00 -0.100000000000E+01
  0.100000000000E+01 -0.000000000000E+00  0.000000000000E+00
  0.000000000000E+00 -0.100000000000E+01  0.000000000000E+00
  0.497830303632E+01  0.248915151816E+01  0.746745455448E+01
 -0.000000000000E+00  0.100000000000E+01  0.000000000000E+00
 -0.000000000000E+00 -0.000000000000E+00 -0.100000000000E+01
 -0.100000000000E+01 -0.000000000000E+00 -0.000000000000E+00
  0.497830303632E+01  0.000000000000E+00  0.497830303632E+01
  0.000000000000E+00  0.000000000000E+00 -0.100000000000E+01
 -0.100000000000E+01  0.000000000000E+00  0.000000000000E+00
 -0.000000000000E+00  0.100000000000E+01  0.000000000000E+00
  0.497830303632E+01  0.497830303632E+01  0.000000000000E+00
 -0.000000000000E+00 -0.100000000000E+01 -0.000000000000E+00
 -0.000000000000E+00  0.000000000000E+00  0.100000000000E+01
 -0.100000000000E+01  0.000000000000E+00  0.000000000000E+00
  0.497830303632E+01  0.000000000000E+00  0.497830303632E+01
  0.000000000000E+00  0.000000000000E+00  0.100000000000E+01
  0.000000000000E+00 -0.100000000000E+01 -0.000000000000E+00
  0.100000000000E+01 -0.000000000000E+00 -0.000000000000E+00
  0.497830303632E+01  0.746745455448E+01  0.248915151816E+01
  0.100000000000E+01 -0.000000000000E+00 -0.000000000000E+00
 -0.000000000000E+00 -0.000000000000E+00  0.100000000000E+01
 -0.000000000000E+00 -0.100000000000E+01  0.000000000000E+00
  0.000000000000E+00  0.000000000000E+00  0.000000000000E+00
  0.100000000000E+01  0.000000000000E+00  0.000000000000E+00
 -0.000000000000E+00  0.000000000000E+00 -0.100000000000E+01
 -0.000000000000E+00  0.100000000000E+01 -0.000000000000E+00
  0.000000000000E+00  0.000000000000E+00  0.000000000000E+00
 -0.100000000000E+01  0.000000000000E+00 -0.000000000000E+00
  0.000000000000E+00  0.000000000000E+00  0.100000000000E+01
  0.000000000000E+00  0.100000000000E+01  0.000000000000E+00
  0.995660607264E+01  0.746745455448E+01  0.746745455448E+01
 -0.000000000000E+00 -0.000000000000E+00  0.100000000000E+01
 -0.000000000000E+00  0.100000000000E+01 -0.000000000000E+00
 -0.100000000000E+01  0.000000000000E+00 -0.000000000000E+00
  0.497830303632E+01  0.000000000000E+00  0.497830303632E+01
  0.000000000000E+00 -0.000000000000E+00 -0.100000000000E+01
  0.000000000000E+00  0.100000000000E+01  0.000000000000E+00
  0.100000000000E+01  0.000000000000E+00  0.000000000000E+00
  0.497830303632E+01  0.746745455448E+01  0.248915151816E+01
 -0.000000000000E+00  0.000000000000E+00 -0.100000000000E+01
 -0.000000000000E+00 -0.100000000000E+01  0.000000000000E+00
 -0.100000000000E+01 -0.000000000000E+00  0.000000000000E+00
  0.497830303632E+01  0.000000000000E+00  0.497830303632E+01
 -0.100000000000E+01 -0.000000000000E+00  0.000000000000E+00
  0.000000000000E+00 -0.000000000000E+00 -0.100000000000E+01
  0.000000000000E+00 -0.100000000000E+01 -0.000000000000E+00
  0.995660607264E+01  0.746745455448E+01  0.746745455448E+01
 -0.100000000000E+01  0.000000000000E+00 -0.000000000000E+00
  0.000000000000E+00 -0.100000000000E+01 -0.000000000000E+00
  0.000000000000E+00 -0.000000000000E+00 -0.100000000000E+01
  0.995660607264E+01  0.746745455448E+01  0.746745455448E+01
  0.000000000000E+00  0.100000000000E+01 -0.000000000000E+00
 -0.100000000000E+01 -0.000000000000E+00 -0.000000000000E+00
 -0.000000000000E+00 -0.000000000000E+00 -0.100000000000E+01
  0.497830303632E+01  0.497830303632E+01  0.000000000000E+00
 -0.000000000000E+00 -0.100000000000E+01 -0.000000000000E+00
  0.100000000000E+01  0.000000000000E+00 -0.000000000000E+00
  0.000000000000E+00  0.000000000000E+00 -0.100000000000E+01
  0.497830303632E+01  0.248915151816E+01  0.746745455448E+01
  0.100000000000E+01 -0.000000000000E+00 -0.000000000000E+00
 -0.000000000000E+00  0.100000000000E+01 -0.000000000000E+00
 -0.000000000000E+00  0.000000000000E+00 -0.100000000000E+01
  0.000000000000E+00  0.000000000000E+00  0.000000000000E+00
 -0.100000000000E+01 -0.000000000000E+00  0.000000000000E+00
  0.000000000000E+00  0.100000000000E+01  0.000000000000E+00
  0.000000000000E+00  0.000000000000E+00  0.100000000000E+01
  0.995660607264E+01  0.746745455448E+01  0.746745455448E+01
 -0.000000000000E+00  0.100000000000E+01  0.000000000000E+00
  0.100000000000E+01 -0.000000000000E+00  0.000000000000E+00
  0.000000000000E+00 -0.000000000000E+00  0.100000000000E+01
  0.497830303632E+01  0.248915151816E+01  0.746745455448E+01
  0.100000000000E+01  0.000000000000E+00  0.000000000000E+00
 -0.000000000000E+00 -0.100000000000E+01  0.000000000000E+00
 -0.000000000000E+00 -0.000000000000E+00  0.100000000000E+01
  0.000000000000E+00  0.000000000000E+00  0.000000000000E+00
  0.000000000000E+00 -0.100000000000E+01  0.000000000000E+00
 -0.100000000000E+01  0.000000000000E+00  0.000000000000E+00
 -0.000000000000E+00  0.000000000000E+00  0.100000000000E+01
  0.497830303632E+01  0.497830303632E+01  0.000000000000E+00
  0.000000000000E+00 -0.000000000000E+00 -0.100000000000E+01
 -0.100000000000E+01 -0.000000000000E+00  0.000000000000E+00
 -0.000000000000E+00 -0.100000000000E+01  0.000000000000E+00
  0.497830303632E+01  0.497830303632E+01  0.000000000000E+00
 -0.000000000000E+00 -0.100000000000E+01  0.000000000000E+00
 -0.000000000000E+00  0.000000000000E+00 -0.100000000000E+01
 -0.100000000000E+01  0.000000000000E+00 -0.000000000000E+00
  0.497830303632E+01  0.000000000000E+00  0.497830303632E+01
 -0.000000000000E+00  0.000000000000E+00 -0.100000000000E+01
  0.100000000000E+01  0.000000000000E+00  0.000000000000E+00
  0.000000000000E+00  0.100000000000E+01  0.000000000000E+00
  0.497830303632E+01  0.248915151816E+01  0.746745455448E+01
 -0.000000000000E+00  0.100000000000E+01 -0.000000000000E+00
 -0.000000000000E+00 -0.000000000000E+00  0.100000000000E+01
 -0.100000000000E+01 -0.000000000000E+00  0.000000000000E+00
  0.497830303632E+01  0.000000000000E+00  0.497830303632E+01
  0.000000000000E+00  0.000000000000E+00  0.100000000000E+01
 -0.100000000000E+01  0.000000000000E+00 -0.000000000000E+00
 -0.000000000000E+00  0.100000000000E+01 -0.000000000000E+00
  0.497830303632E+01  0.497830303632E+01  0.000000000000E+00
  0.000000000000E+00 -0.100000000000E+01 -0.000000000000E+00
  0.000000000000E+00  0.000000000000E+00  0.100000000000E+01
  0.100000000000E+01  0.000000000000E+00  0.000000000000E+00
  0.497830303632E+01  0.746745455448E+01  0.248915151816E+01
 -0.000000000000E+00 -0.000000000000E+00  0.100000000000E+01
  0.100000000000E+01 -0.000000000000E+00 -0.000000000000E+00
  0.000000000000E+00 -0.100000000000E+01 -0.000000000000E+00
  0.497830303632E+01  0.248915151816E+01  0.746745455448E+01
  0.000000000000E+00  0.100000000000E+01  0.000000000000E+00
  0.000000000000E+00 -0.000000000000E+00 -0.100000000000E+01
  0.100000000000E+01 -0.000000000000E+00 -0.000000000000E+00
  0.497830303632E+01  0.746745455448E+01  0.248915151816E+01
 -0.000000000000E+00 -0.000000000000E+00 -0.100000000000E+01
 -0.000000000000E+00  0.100000000000E+01  0.000000000000E+00
 -0.100000000000E+01  0.000000000000E+00  0.000000000000E+00
  0.497830303632E+01  0.000000000000E+00  0.497830303632E+01
 -0.100000000000E+01  0.000000000000E+00  0.000000000000E+00
  0.000000000000E+00  0.000000000000E+00 -0.100000000000E+01
  0.000000000000E+00  0.100000000000E+01 -0.000000000000E+00
  0.995660607264E+01  0.746745455448E+01  0.746745455448E+01
 -0.100000000000E+01 -0.000000000000E+00 -0.000000000000E+00
  0.000000000000E+00 -0.000000000000E+00  0.100000000000E+01
  0.000000000000E+00 -0.100000000000E+01  0.000000000000E+00
  0.995660607264E+01  0.746745455448E+01  0.746745455448E+01
  0.100000000000E+01 -0.000000000000E+00  0.000000000000E+00
 -0.000000000000E+00 -0.000000000000E+00 -0.100000000000E+01
 -0.000000000000E+00 -0.100000000000E+01 -0.000000000000E+00
  0.000000000000E+00  0.000000000000E+00  0.000000000000E+00
  0.000000000000E+00  0.000000000000E+00 -0.100000000000E+01
  0.000000000000E+00 -0.100000000000E+01  0.000000000000E+00
  0.100000000000E+01 -0.000000000000E+00  0.000000000000E+00
  0.497830303632E+01  0.746745455448E+01  0.248915151816E+01
 -0.000000000000E+00  0.000000000000E+00  0.100000000000E+01
 -0.000000000000E+00 -0.100000000000E+01 -0.000000000000E+00
 -0.100000000000E+01 -0.000000000000E+00 -0.000000000000E+00
  0.497830303632E+01  0.000000000000E+00  0.497830303632E+01
  0.000000000000E+00 -0.000000000000E+00  0.100000000000E+01
  0.000000000000E+00  0.100000000000E+01 -0.000000000000E+00
  0.100000000000E+01  0.000000000000E+00 -0.000000000000E+00
  0.497830303632E+01  0.746745455448E+01  0.248915151816E+01
  0.100000000000E+01  0.000000000000E+00 -0.000000000000E+00
 -0.000000000000E+00  0.000000000000E+00  0.100000000000E+01
 -0.000000000000E+00  0.100000000000E+01  0.000000000000E+00
  0.000000000000E+00  0.000000000000E+00  0.000000000000E+00
   54
    3     -0.085862014879      0.000000000000      0.000000000000
    3      2.640734804301      2.337568232018     -0.000000000000
    3     -2.489151518160     -2.403289503281      0.000000000000
    3      2.640734804301      0.000000000000      2.337568232018
    3      4.978303036319      2.337568232018      2.337568232018
   22     -0.080481294939     -2.408670223220      2.408670223220
    3     -2.489151518160      0.000000000000     -2.403289503281
   22     -0.080481294939      2.408670223220     -2.408670223220
   22     -4.897821741380     -2.408670223220     -2.408670223220
   22     -0.080481294939      2.408670223220      2.408670223220
   22      2.569632813099      5.058784331259      2.408670223220
    3     -2.489151518160      0.000000000000      2.403289503281
   22      2.569632813099      2.408670223220      5.058784331259
    3      4.978303036319      5.129886322461      5.129886322461
    3     -0.151583286142      0.000000000000      5.129886322461
    3     -2.489151518160      2.403289503281      0.000000000000
    3     -0.151583286142      5.129886322461      0.000000000000
    3     -4.892441021441     -0.000000000000      0.000000000000
   22     -0.080481294939     -2.408670223220     -2.408670223220
    3      2.640734804301     -0.000000000000     -2.337568232018
    3     -2.489151518160     -5.129886322461     -2.337568232018
    3      2.640734804301     -2.337568232018     -0.000000000000
   22      4.978303036319     -0.000000000000     -0.000000000000
    3     -0.151583286142     -5.129886322461     -0.000000000000
    3     -2.489151518160     -2.337568232018     -5.129886322461
    3     -0.151583286142     -0.000000000000     -5.129886322461
   22     -4.897821741380     -5.058784331259     -5.058784331259
   16      2.386235031088      2.592068005232      2.592068005232
   16      4.978303036319      4.925712526785      2.541742027694
   16      0.052590509535     -0.000000000000      2.541742027694
   16      4.978303036319      2.541742027694      4.925712526785
   16      7.570371041551      4.875386549248      4.875386549248
   16      2.436561008625     -0.000000000000      4.925712526785
   16      0.052590509535      2.541742027694     -0.000000000000
   16      2.436561008625      4.925712526785      0.000000000000
   16     -2.489151518160     -0.000000000000     -0.000000000000
   16      2.386235031088      4.875386549248      4.875386549248
   16      4.978303036319      7.467454554479      5.022649645912
   16      0.102916487072      2.592068005232      4.875386549248
   16      4.978303036319      5.022649645912      7.467454554479
   16      7.423107944887      7.467454554479      7.467454554479
   16      2.436561008625      2.541742027694      7.467454554479
   16      0.102916487072      4.875386549248      2.592068005232
   16      2.436561008625      7.467454554479      2.541742027694
   16     -2.489151518160      2.541742027694      2.541742027694
   16      2.533498127752     -0.000000000000     -0.000000000000
   16      4.978303036319      2.444804908568     -0.000000000000
   16      0.052590509535     -2.541742027694     -0.000000000000
   16      4.978303036319     -0.000000000000      2.444804908568
   16      7.570371041551      2.592068005232      2.592068005232
   16      2.386235031088     -2.592068005232      2.592068005232
   16      0.052590509535     -0.000000000000     -2.541742027694
   16      2.386235031088      2.592068005232     -2.592068005232
   16     -2.489151518160     -2.541742027694     -2.541742027694
  225   48
