   3   1   1 E -1.8527572279955E+04 DE-5.1E-08(  3)
  0.000000000000E+00  0.746729839734E+01  0.746729839734E+01
  0.746729839734E+01  0.000000000000E+00  0.746729839734E+01
  0.746729839734E+01  0.746729839734E+01  0.000000000000E+00
   48
  0.100000000000E+01 -0.000000000000E+00  0.000000000000E+00
 -0.000000000000E+00  0.100000000000E+01  0.000000000000E+00
 -0.000000000000E+00  0.000000000000E+00  0.100000000000E+01
  0.000000000000E+00  0.000000000000E+00  0.000000000000E+00
 -0.000000000000E+00 -0.100000000000E+01  0.000000000000E+00
  0.100000000000E+01  0.000000000000E+00  0.000000000000E+00
  0.000000000000E+00  0.000000000000E+00  0.100000000000E+01
  0.497819893156E+01  0.248909946578E+01  0.746729839734E+01
  0.000000000000E+00  0.100000000000E+01  0.000000000000E+00
 -0.100000000000E+01 -0.000000000000E+00  0.000000000000E+00
 -0.000000000000E+00 -0.000000000000E+00  0.100000000000E+01
  0.497819893156E+01  0.497819893156E+01  0.000000000000E+00
 -0.100000000000E+01  0.000000000000E+00  0.000000000000E+00
  0.000000000000E+00 -0.100000000000E+01  0.000000000000E+00
  0.000000000000E+00 -0.000000000000E+00  0.100000000000E+01
  0.995639786312E+01  0.746729839734E+01  0.746729839734E+01
  0.100000000000E+01  0.000000000000E+00 -0.000000000000E+00
 -0.000000000000E+00 -0.100000000000E+01 -0.000000000000E+00
 -0.000000000000E+00 -0.000000000000E+00 -0.100000000000E+01
  0.000000000000E+00  0.000000000000E+00  0.000000000000E+00
  0.000000000000E+00 -0.100000000000E+01 -0.000000000000E+00
 -0.100000000000E+01  0.000000000000E+00 -0.000000000000E+00
 -0.000000000000E+00  0.000000000000E+00 -0.100000000000E+01
  0.497819893156E+01  0.497819893156E+01  0.000000000000E+00
 -0.100000000000E+01 -0.000000000000E+00 -0.000000000000E+00
  0.000000000000E+00  0.100000000000E+01 -0.000000000000E+00
  0.000000000000E+00  0.000000000000E+00 -0.100000000000E+01
  0.995639786312E+01  0.746729839734E+01  0.746729839734E+01
 -0.000000000000E+00  0.100000000000E+01 -0.000000000000E+00
  0.100000000000E+01 -0.000000000000E+00 -0.000000000000E+00
  0.000000000000E+00 -0.000000000000E+00 -0.100000000000E+01
  0.497819893156E+01  0.248909946578E+01  0.746729839734E+01
 -0.000000000000E+00  0.000000000000E+00  0.100000000000E+01
  0.100000000000E+01  0.000000000000E+00 -0.000000000000E+00
  0.000000000000E+00  0.100000000000E+01 -0.000000000000E+00
  0.497819893156E+01  0.248909946578E+01  0.746729839734E+01
  0.000000000000E+00  0.100000000000E+01 -0.000000000000E+00
  0.000000000000E+00 -0.000000000000E+00  0.100000000000E+01
  0.100000000000E+01 -0.000000000000E+00  0.000000000000E+00
  0.497819893156E+01  0.746729839734E+01  0.248909946578E+01
  0.000000000000E+00 -0.000000000000E+00  0.100000000000E+01
 -0.100000000000E+01 -0.000000000000E+00 -0.000000000000E+00
 -0.000000000000E+00 -0.100000000000E+01 -0.000000000000E+00
  0.497819893156E+01  0.497819893156E+01  0.000000000000E+00
  0.000000000000E+00 -0.100000000000E+01  0.000000000000E+00
  0.000000000000E+00  0.000000000000E+00 -0.100000000000E+01
  0.100000000000E+01  0.000000000000E+00 -0.000000000000E+00
  0.497819893156E+01  0.746729839734E+01  0.248909946578E+01
 -0.000000000000E+00 -0.000000000000E+00 -0.100000000000E+01
  0.100000000000E+01 -0.000000000000E+00  0.000000000000E+00
  0.000000000000E+00 -0.100000000000E+01  0.000000000000E+00
  0.497819893156E+01  0.248909946578E+01  0.746729839734E+01
 -0.000000000000E+00  0.100000000000E+01  0.000000000000E+00
 -0.000000000000E+00 -0.000000000000E+00 -0.100000000000E+01
 -0.100000000000E+01 -0.000000000000E+00 -0.000000000000E+00
  0.497819893156E+01  0.000000000000E+00  0.497819893156E+01
  0.000000000000E+00  0.000000000000E+00 -0.100000000000E+01
 -0.100000000000E+01  0.000000000000E+00  0.000000000000E+00
 -0.000000000000E+00  0.100000000000E+01  0.000000000000E+00
  0.497819893156E+01  0.497819893156E+01  0.000000000000E+00
 -0.000000000000E+00 -0.100000000000E+01 -0.000000000000E+00
 -0.000000000000E+00  0.000000000000E+00  0.100000000000E+01
 -0.100000000000E+01  0.000000000000E+00  0.000000000000E+00
  0.497819893156E+01  0.000000000000E+00  0.497819893156E+01
  0.000000000000E+00  0.000000000000E+00  0.100000000000E+01
  0.000000000000E+00 -0.100000000000E+01 -0.000000000000E+00
  0.100000000000E+01 -0.000000000000E+00 -0.000000000000E+00
  0.497819893156E+01  0.746729839734E+01  0.248909946578E+01
  0.100000000000E+01 -0.000000000000E+00 -0.000000000000E+00
 -0.000000000000E+00 -0.000000000000E+00  0.100000000000E+01
 -0.000000000000E+00 -0.100000000000E+01  0.000000000000E+00
  0.000000000000E+00  0.000000000000E+00  0.000000000000E+00
  0.100000000000E+01  0.000000000000E+00  0.000000000000E+00
 -0.000000000000E+00  0.000000000000E+00 -0.100000000000E+01
 -0.000000000000E+00  0.100000000000E+01 -0.000000000000E+00
  0.000000000000E+00  0.000000000000E+00  0.000000000000E+00
 -0.100000000000E+01  0.000000000000E+00 -0.000000000000E+00
  0.000000000000E+00  0.000000000000E+00  0.100000000000E+01
  0.000000000000E+00  0.100000000000E+01  0.000000000000E+00
  0.995639786312E+01  0.746729839734E+01  0.746729839734E+01
 -0.000000000000E+00 -0.000000000000E+00  0.100000000000E+01
 -0.000000000000E+00  0.100000000000E+01 -0.000000000000E+00
 -0.100000000000E+01  0.000000000000E+00 -0.000000000000E+00
  0.497819893156E+01  0.000000000000E+00  0.497819893156E+01
  0.000000000000E+00 -0.000000000000E+00 -0.100000000000E+01
  0.000000000000E+00  0.100000000000E+01  0.000000000000E+00
  0.100000000000E+01  0.000000000000E+00  0.000000000000E+00
  0.497819893156E+01  0.746729839734E+01  0.248909946578E+01
 -0.000000000000E+00  0.000000000000E+00 -0.100000000000E+01
 -0.000000000000E+00 -0.100000000000E+01  0.000000000000E+00
 -0.100000000000E+01 -0.000000000000E+00  0.000000000000E+00
  0.497819893156E+01  0.000000000000E+00  0.497819893156E+01
 -0.100000000000E+01 -0.000000000000E+00  0.000000000000E+00
  0.000000000000E+00 -0.000000000000E+00 -0.100000000000E+01
  0.000000000000E+00 -0.100000000000E+01 -0.000000000000E+00
  0.995639786312E+01  0.746729839734E+01  0.746729839734E+01
 -0.100000000000E+01  0.000000000000E+00 -0.000000000000E+00
  0.000000000000E+00 -0.100000000000E+01 -0.000000000000E+00
  0.000000000000E+00 -0.000000000000E+00 -0.100000000000E+01
  0.995639786312E+01  0.746729839734E+01  0.746729839734E+01
  0.000000000000E+00  0.100000000000E+01 -0.000000000000E+00
 -0.100000000000E+01 -0.000000000000E+00 -0.000000000000E+00
 -0.000000000000E+00 -0.000000000000E+00 -0.100000000000E+01
  0.497819893156E+01  0.497819893156E+01  0.000000000000E+00
 -0.000000000000E+00 -0.100000000000E+01 -0.000000000000E+00
  0.100000000000E+01  0.000000000000E+00 -0.000000000000E+00
  0.000000000000E+00  0.000000000000E+00 -0.100000000000E+01
  0.497819893156E+01  0.248909946578E+01  0.746729839734E+01
  0.100000000000E+01 -0.000000000000E+00 -0.000000000000E+00
 -0.000000000000E+00  0.100000000000E+01 -0.000000000000E+00
 -0.000000000000E+00  0.000000000000E+00 -0.100000000000E+01
  0.000000000000E+00  0.000000000000E+00  0.000000000000E+00
 -0.100000000000E+01 -0.000000000000E+00  0.000000000000E+00
  0.000000000000E+00  0.100000000000E+01  0.000000000000E+00
  0.000000000000E+00  0.000000000000E+00  0.100000000000E+01
  0.995639786312E+01  0.746729839734E+01  0.746729839734E+01
 -0.000000000000E+00  0.100000000000E+01  0.000000000000E+00
  0.100000000000E+01 -0.000000000000E+00  0.000000000000E+00
  0.000000000000E+00 -0.000000000000E+00  0.100000000000E+01
  0.497819893156E+01  0.248909946578E+01  0.746729839734E+01
  0.100000000000E+01  0.000000000000E+00  0.000000000000E+00
 -0.000000000000E+00 -0.100000000000E+01  0.000000000000E+00
 -0.000000000000E+00 -0.000000000000E+00  0.100000000000E+01
  0.000000000000E+00  0.000000000000E+00  0.000000000000E+00
  0.000000000000E+00 -0.100000000000E+01  0.000000000000E+00
 -0.100000000000E+01  0.000000000000E+00  0.000000000000E+00
 -0.000000000000E+00  0.000000000000E+00  0.100000000000E+01
  0.497819893156E+01  0.497819893156E+01  0.000000000000E+00
  0.000000000000E+00 -0.000000000000E+00 -0.100000000000E+01
 -0.100000000000E+01 -0.000000000000E+00  0.000000000000E+00
 -0.000000000000E+00 -0.100000000000E+01  0.000000000000E+00
  0.497819893156E+01  0.497819893156E+01  0.000000000000E+00
 -0.000000000000E+00 -0.100000000000E+01  0.000000000000E+00
 -0.000000000000E+00  0.000000000000E+00 -0.100000000000E+01
 -0.100000000000E+01  0.000000000000E+00 -0.000000000000E+00
  0.497819893156E+01  0.000000000000E+00  0.497819893156E+01
 -0.000000000000E+00  0.000000000000E+00 -0.100000000000E+01
  0.100000000000E+01  0.000000000000E+00  0.000000000000E+00
  0.000000000000E+00  0.100000000000E+01  0.000000000000E+00
  0.497819893156E+01  0.248909946578E+01  0.746729839734E+01
 -0.000000000000E+00  0.100000000000E+01 -0.000000000000E+00
 -0.000000000000E+00 -0.000000000000E+00  0.100000000000E+01
 -0.100000000000E+01 -0.000000000000E+00  0.000000000000E+00
  0.497819893156E+01  0.000000000000E+00  0.497819893156E+01
  0.000000000000E+00  0.000000000000E+00  0.100000000000E+01
 -0.100000000000E+01  0.000000000000E+00 -0.000000000000E+00
 -0.000000000000E+00  0.100000000000E+01 -0.000000000000E+00
  0.497819893156E+01  0.497819893156E+01  0.000000000000E+00
  0.000000000000E+00 -0.100000000000E+01 -0.000000000000E+00
  0.000000000000E+00  0.000000000000E+00  0.100000000000E+01
  0.100000000000E+01  0.000000000000E+00  0.000000000000E+00
  0.497819893156E+01  0.746729839734E+01  0.248909946578E+01
 -0.000000000000E+00 -0.000000000000E+00  0.100000000000E+01
  0.100000000000E+01 -0.000000000000E+00 -0.000000000000E+00
  0.000000000000E+00 -0.100000000000E+01 -0.000000000000E+00
  0.497819893156E+01  0.248909946578E+01  0.746729839734E+01
  0.000000000000E+00  0.100000000000E+01  0.000000000000E+00
  0.000000000000E+00 -0.000000000000E+00 -0.100000000000E+01
  0.100000000000E+01 -0.000000000000E+00 -0.000000000000E+00
  0.497819893156E+01  0.746729839734E+01  0.248909946578E+01
 -0.000000000000E+00 -0.000000000000E+00 -0.100000000000E+01
 -0.000000000000E+00  0.100000000000E+01  0.000000000000E+00
 -0.100000000000E+01  0.000000000000E+00  0.000000000000E+00
  0.497819893156E+01  0.000000000000E+00  0.497819893156E+01
 -0.100000000000E+01  0.000000000000E+00  0.000000000000E+00
  0.000000000000E+00  0.000000000000E+00 -0.100000000000E+01
  0.000000000000E+00  0.100000000000E+01 -0.000000000000E+00
  0.995639786312E+01  0.746729839734E+01  0.746729839734E+01
 -0.100000000000E+01 -0.000000000000E+00 -0.000000000000E+00
  0.000000000000E+00 -0.000000000000E+00  0.100000000000E+01
  0.000000000000E+00 -0.100000000000E+01  0.000000000000E+00
  0.995639786312E+01  0.746729839734E+01  0.746729839734E+01
  0.100000000000E+01 -0.000000000000E+00  0.000000000000E+00
 -0.000000000000E+00 -0.000000000000E+00 -0.100000000000E+01
 -0.000000000000E+00 -0.100000000000E+01 -0.000000000000E+00
  0.000000000000E+00  0.000000000000E+00  0.000000000000E+00
  0.000000000000E+00  0.000000000000E+00 -0.100000000000E+01
  0.000000000000E+00 -0.100000000000E+01  0.000000000000E+00
  0.100000000000E+01 -0.000000000000E+00  0.000000000000E+00
  0.497819893156E+01  0.746729839734E+01  0.248909946578E+01
 -0.000000000000E+00  0.000000000000E+00  0.100000000000E+01
 -0.000000000000E+00 -0.100000000000E+01 -0.000000000000E+00
 -0.100000000000E+01 -0.000000000000E+00 -0.000000000000E+00
  0.497819893156E+01  0.000000000000E+00  0.497819893156E+01
  0.000000000000E+00 -0.000000000000E+00  0.100000000000E+01
  0.000000000000E+00  0.100000000000E+01 -0.000000000000E+00
  0.100000000000E+01  0.000000000000E+00 -0.000000000000E+00
  0.497819893156E+01  0.746729839734E+01  0.248909946578E+01
  0.100000000000E+01  0.000000000000E+00 -0.000000000000E+00
 -0.000000000000E+00  0.000000000000E+00  0.100000000000E+01
 -0.000000000000E+00  0.100000000000E+01  0.000000000000E+00
  0.000000000000E+00  0.000000000000E+00  0.000000000000E+00
   54
    3     -0.085646828856      0.000000000000      0.000000000000
    3      2.640708081259      2.337490850300     -0.000000000000
    3     -2.489099465779     -2.403452636923      0.000000000000
    3      2.640708081259      0.000000000000      2.337490850300
    3      4.978198931559      2.337490850300      2.337490850300
   22     -0.080468411438     -2.408631054341      2.408631054341
    3     -2.489099465779      0.000000000000     -2.403452636923
   22     -0.080468411438      2.408631054341     -2.408631054341
   22     -4.897730520121     -2.408631054341     -2.408631054341
   22     -0.080468411438      2.408631054341      2.408631054341
   22      2.569567877218      5.058667342997      2.408631054341
    3     -2.489099465779      0.000000000000      2.403452636923
   22      2.569567877218      2.408631054341      5.058667342997
    3      4.978198931559      5.129807547038      5.129807547038
    3     -0.151608615479      0.000000000000      5.129807547038
    3     -2.489099465779      2.403452636923      0.000000000000
    3     -0.151608615479      5.129807547038      0.000000000000
    3     -4.892552102703     -0.000000000000      0.000000000000
   22     -0.080468411438     -2.408631054341     -2.408631054341
    3      2.640708081259     -0.000000000000     -2.337490850300
    3     -2.489099465779     -5.129807547038     -2.337490850300
    3      2.640708081259     -2.337490850300     -0.000000000000
   22      4.978198931559     -0.000000000000     -0.000000000000
    3     -0.151608615479     -5.129807547038     -0.000000000000
    3     -2.489099465779     -2.337490850300     -5.129807547038
    3     -0.151608615479     -0.000000000000     -5.129807547038
   22     -4.897730520121     -5.058667342997     -5.058667342997
   16      2.386293870564      2.591905060995      2.591905060995
   16      4.978198931559      4.926051827459      2.541246569880
   16      0.052147104100     -0.000000000000      2.541246569880
   16      4.978198931559      2.541246569880      4.926051827459
   16      7.570103992554      4.875393336344      4.875393336344
   16      2.436952361679     -0.000000000000      4.926051827459
   16      0.052147104100      2.541246569880     -0.000000000000
   16      2.436952361679      4.926051827459      0.000000000000
   16     -2.489099465779     -0.000000000000     -0.000000000000
   16      2.386293870564      4.875393336344      4.875393336344
   16      4.978198931559      7.467298397338      5.022046971814
   16      0.102805595215      2.591905060995      4.875393336344
   16      4.978198931559      5.022046971814      7.467298397338
   16      7.423450357083      7.467298397338      7.467298397338
   16      2.436952361679      2.541246569880      7.467298397338
   16      0.102805595215      4.875393336344      2.591905060995
   16      2.436952361679      7.467298397338      2.541246569880
   16     -2.489099465779      2.541246569880      2.541246569880
   16      2.532947506035     -0.000000000000     -0.000000000000
   16      4.978198931559      2.445251425524     -0.000000000000
   16      0.052147104100     -2.541246569880     -0.000000000000
   16      4.978198931559     -0.000000000000      2.445251425524
   16      7.570103992554      2.591905060995      2.591905060995
   16      2.386293870564     -2.591905060995      2.591905060995
   16      0.052147104100     -0.000000000000     -2.541246569880
   16      2.386293870564      2.591905060995     -2.591905060995
   16     -2.489099465779     -2.541246569880     -2.541246569880
  225   48
