   3   1   1 E -1.8527431731461E+04 DE 4.1E-08( 21)
  0.000000000000E+00  0.760429648282E+01  0.760429648282E+01
  0.760429648282E+01  0.000000000000E+00  0.760429648282E+01
  0.760429648282E+01  0.760429648282E+01  0.000000000000E+00
   48
  0.100000000000E+01 -0.000000000000E+00  0.000000000000E+00
 -0.000000000000E+00  0.100000000000E+01  0.000000000000E+00
 -0.000000000000E+00  0.000000000000E+00  0.100000000000E+01
  0.000000000000E+00  0.000000000000E+00  0.000000000000E+00
 -0.000000000000E+00 -0.100000000000E+01  0.000000000000E+00
  0.100000000000E+01  0.000000000000E+00  0.000000000000E+00
  0.000000000000E+00  0.000000000000E+00  0.100000000000E+01
  0.506953098855E+01  0.253476549427E+01  0.760429648282E+01
  0.000000000000E+00  0.100000000000E+01  0.000000000000E+00
 -0.100000000000E+01 -0.000000000000E+00  0.000000000000E+00
 -0.000000000000E+00 -0.000000000000E+00  0.100000000000E+01
  0.506953098855E+01  0.506953098855E+01  0.000000000000E+00
 -0.100000000000E+01  0.000000000000E+00  0.000000000000E+00
  0.000000000000E+00 -0.100000000000E+01  0.000000000000E+00
  0.000000000000E+00 -0.000000000000E+00  0.100000000000E+01
  0.101390619771E+02  0.760429648282E+01  0.760429648282E+01
  0.100000000000E+01  0.000000000000E+00 -0.000000000000E+00
 -0.000000000000E+00 -0.100000000000E+01 -0.000000000000E+00
 -0.000000000000E+00 -0.000000000000E+00 -0.100000000000E+01
  0.000000000000E+00  0.000000000000E+00  0.000000000000E+00
  0.000000000000E+00 -0.100000000000E+01 -0.000000000000E+00
 -0.100000000000E+01  0.000000000000E+00 -0.000000000000E+00
 -0.000000000000E+00  0.000000000000E+00 -0.100000000000E+01
  0.506953098855E+01  0.506953098855E+01  0.000000000000E+00
 -0.100000000000E+01 -0.000000000000E+00 -0.000000000000E+00
  0.000000000000E+00  0.100000000000E+01 -0.000000000000E+00
  0.000000000000E+00  0.000000000000E+00 -0.100000000000E+01
  0.101390619771E+02  0.760429648282E+01  0.760429648282E+01
 -0.000000000000E+00  0.100000000000E+01 -0.000000000000E+00
  0.100000000000E+01 -0.000000000000E+00 -0.000000000000E+00
  0.000000000000E+00 -0.000000000000E+00 -0.100000000000E+01
  0.506953098855E+01  0.253476549427E+01  0.760429648282E+01
 -0.000000000000E+00  0.000000000000E+00  0.100000000000E+01
  0.100000000000E+01  0.000000000000E+00 -0.000000000000E+00
  0.000000000000E+00  0.100000000000E+01 -0.000000000000E+00
  0.506953098855E+01  0.253476549427E+01  0.760429648282E+01
  0.000000000000E+00  0.100000000000E+01 -0.000000000000E+00
  0.000000000000E+00 -0.000000000000E+00  0.100000000000E+01
  0.100000000000E+01 -0.000000000000E+00  0.000000000000E+00
  0.506953098855E+01  0.760429648282E+01  0.253476549427E+01
  0.000000000000E+00 -0.000000000000E+00  0.100000000000E+01
 -0.100000000000E+01 -0.000000000000E+00 -0.000000000000E+00
 -0.000000000000E+00 -0.100000000000E+01 -0.000000000000E+00
  0.506953098855E+01  0.506953098855E+01  0.000000000000E+00
  0.000000000000E+00 -0.100000000000E+01  0.000000000000E+00
  0.000000000000E+00  0.000000000000E+00 -0.100000000000E+01
  0.100000000000E+01  0.000000000000E+00 -0.000000000000E+00
  0.506953098855E+01  0.760429648282E+01  0.253476549427E+01
 -0.000000000000E+00 -0.000000000000E+00 -0.100000000000E+01
  0.100000000000E+01 -0.000000000000E+00  0.000000000000E+00
  0.000000000000E+00 -0.100000000000E+01  0.000000000000E+00
  0.506953098855E+01  0.253476549427E+01  0.760429648282E+01
 -0.000000000000E+00  0.100000000000E+01  0.000000000000E+00
 -0.000000000000E+00 -0.000000000000E+00 -0.100000000000E+01
 -0.100000000000E+01 -0.000000000000E+00 -0.000000000000E+00
  0.506953098855E+01  0.000000000000E+00  0.506953098855E+01
  0.000000000000E+00  0.000000000000E+00 -0.100000000000E+01
 -0.100000000000E+01  0.000000000000E+00  0.000000000000E+00
 -0.000000000000E+00  0.100000000000E+01  0.000000000000E+00
  0.506953098855E+01  0.506953098855E+01  0.000000000000E+00
 -0.000000000000E+00 -0.100000000000E+01 -0.000000000000E+00
 -0.000000000000E+00  0.000000000000E+00  0.100000000000E+01
 -0.100000000000E+01  0.000000000000E+00  0.000000000000E+00
  0.506953098855E+01  0.000000000000E+00  0.506953098855E+01
  0.000000000000E+00  0.000000000000E+00  0.100000000000E+01
  0.000000000000E+00 -0.100000000000E+01 -0.000000000000E+00
  0.100000000000E+01 -0.000000000000E+00 -0.000000000000E+00
  0.506953098855E+01  0.760429648282E+01  0.253476549427E+01
  0.100000000000E+01 -0.000000000000E+00 -0.000000000000E+00
 -0.000000000000E+00 -0.000000000000E+00  0.100000000000E+01
 -0.000000000000E+00 -0.100000000000E+01  0.000000000000E+00
  0.000000000000E+00  0.000000000000E+00  0.000000000000E+00
  0.100000000000E+01  0.000000000000E+00  0.000000000000E+00
 -0.000000000000E+00  0.000000000000E+00 -0.100000000000E+01
 -0.000000000000E+00  0.100000000000E+01 -0.000000000000E+00
  0.000000000000E+00  0.000000000000E+00  0.000000000000E+00
 -0.100000000000E+01  0.000000000000E+00 -0.000000000000E+00
  0.000000000000E+00  0.000000000000E+00  0.100000000000E+01
  0.000000000000E+00  0.100000000000E+01  0.000000000000E+00
  0.101390619771E+02  0.760429648282E+01  0.760429648282E+01
 -0.000000000000E+00 -0.000000000000E+00  0.100000000000E+01
 -0.000000000000E+00  0.100000000000E+01 -0.000000000000E+00
 -0.100000000000E+01  0.000000000000E+00 -0.000000000000E+00
  0.506953098855E+01  0.000000000000E+00  0.506953098855E+01
  0.000000000000E+00 -0.000000000000E+00 -0.100000000000E+01
  0.000000000000E+00  0.100000000000E+01  0.000000000000E+00
  0.100000000000E+01  0.000000000000E+00  0.000000000000E+00
  0.506953098855E+01  0.760429648282E+01  0.253476549427E+01
 -0.000000000000E+00  0.000000000000E+00 -0.100000000000E+01
 -0.000000000000E+00 -0.100000000000E+01  0.000000000000E+00
 -0.100000000000E+01 -0.000000000000E+00  0.000000000000E+00
  0.506953098855E+01  0.000000000000E+00  0.506953098855E+01
 -0.100000000000E+01 -0.000000000000E+00  0.000000000000E+00
  0.000000000000E+00 -0.000000000000E+00 -0.100000000000E+01
  0.000000000000E+00 -0.100000000000E+01 -0.000000000000E+00
  0.101390619771E+02  0.760429648282E+01  0.760429648282E+01
 -0.100000000000E+01  0.000000000000E+00 -0.000000000000E+00
  0.000000000000E+00 -0.100000000000E+01 -0.000000000000E+00
  0.000000000000E+00 -0.000000000000E+00 -0.100000000000E+01
  0.101390619771E+02  0.760429648282E+01  0.760429648282E+01
  0.000000000000E+00  0.100000000000E+01 -0.000000000000E+00
 -0.100000000000E+01 -0.000000000000E+00 -0.000000000000E+00
 -0.000000000000E+00 -0.000000000000E+00 -0.100000000000E+01
  0.506953098855E+01  0.506953098855E+01  0.000000000000E+00
 -0.000000000000E+00 -0.100000000000E+01 -0.000000000000E+00
  0.100000000000E+01  0.000000000000E+00 -0.000000000000E+00
  0.000000000000E+00  0.000000000000E+00 -0.100000000000E+01
  0.506953098855E+01  0.253476549427E+01  0.760429648282E+01
  0.100000000000E+01 -0.000000000000E+00 -0.000000000000E+00
 -0.000000000000E+00  0.100000000000E+01 -0.000000000000E+00
 -0.000000000000E+00  0.000000000000E+00 -0.100000000000E+01
  0.000000000000E+00  0.000000000000E+00  0.000000000000E+00
 -0.100000000000E+01 -0.000000000000E+00  0.000000000000E+00
  0.000000000000E+00  0.100000000000E+01  0.000000000000E+00
  0.000000000000E+00  0.000000000000E+00  0.100000000000E+01
  0.101390619771E+02  0.760429648282E+01  0.760429648282E+01
 -0.000000000000E+00  0.100000000000E+01  0.000000000000E+00
  0.100000000000E+01 -0.000000000000E+00  0.000000000000E+00
  0.000000000000E+00 -0.000000000000E+00  0.100000000000E+01
  0.506953098855E+01  0.253476549427E+01  0.760429648282E+01
  0.100000000000E+01  0.000000000000E+00  0.000000000000E+00
 -0.000000000000E+00 -0.100000000000E+01  0.000000000000E+00
 -0.000000000000E+00 -0.000000000000E+00  0.100000000000E+01
  0.000000000000E+00  0.000000000000E+00  0.000000000000E+00
  0.000000000000E+00 -0.100000000000E+01  0.000000000000E+00
 -0.100000000000E+01  0.000000000000E+00  0.000000000000E+00
 -0.000000000000E+00  0.000000000000E+00  0.100000000000E+01
  0.506953098855E+01  0.506953098855E+01  0.000000000000E+00
  0.000000000000E+00 -0.000000000000E+00 -0.100000000000E+01
 -0.100000000000E+01 -0.000000000000E+00  0.000000000000E+00
 -0.000000000000E+00 -0.100000000000E+01  0.000000000000E+00
  0.506953098855E+01  0.506953098855E+01  0.000000000000E+00
 -0.000000000000E+00 -0.100000000000E+01  0.000000000000E+00
 -0.000000000000E+00  0.000000000000E+00 -0.100000000000E+01
 -0.100000000000E+01  0.000000000000E+00 -0.000000000000E+00
  0.506953098855E+01  0.000000000000E+00  0.506953098855E+01
 -0.000000000000E+00  0.000000000000E+00 -0.100000000000E+01
  0.100000000000E+01  0.000000000000E+00  0.000000000000E+00
  0.000000000000E+00  0.100000000000E+01  0.000000000000E+00
  0.506953098855E+01  0.253476549427E+01  0.760429648282E+01
 -0.000000000000E+00  0.100000000000E+01 -0.000000000000E+00
 -0.000000000000E+00 -0.000000000000E+00  0.100000000000E+01
 -0.100000000000E+01 -0.000000000000E+00  0.000000000000E+00
  0.506953098855E+01  0.000000000000E+00  0.506953098855E+01
  0.000000000000E+00  0.000000000000E+00  0.100000000000E+01
 -0.100000000000E+01  0.000000000000E+00 -0.000000000000E+00
 -0.000000000000E+00  0.100000000000E+01 -0.000000000000E+00
  0.506953098855E+01  0.506953098855E+01  0.000000000000E+00
  0.000000000000E+00 -0.100000000000E+01 -0.000000000000E+00
  0.000000000000E+00  0.000000000000E+00  0.100000000000E+01
  0.100000000000E+01  0.000000000000E+00  0.000000000000E+00
  0.506953098855E+01  0.760429648282E+01  0.253476549427E+01
 -0.000000000000E+00 -0.000000000000E+00  0.100000000000E+01
  0.100000000000E+01 -0.000000000000E+00 -0.000000000000E+00
  0.000000000000E+00 -0.100000000000E+01 -0.000000000000E+00
  0.506953098855E+01  0.253476549427E+01  0.760429648282E+01
  0.000000000000E+00  0.100000000000E+01  0.000000000000E+00
  0.000000000000E+00 -0.000000000000E+00 -0.100000000000E+01
  0.100000000000E+01 -0.000000000000E+00 -0.000000000000E+00
  0.506953098855E+01  0.760429648282E+01  0.253476549427E+01
 -0.000000000000E+00 -0.000000000000E+00 -0.100000000000E+01
 -0.000000000000E+00  0.100000000000E+01  0.000000000000E+00
 -0.100000000000E+01  0.000000000000E+00  0.000000000000E+00
  0.506953098855E+01  0.000000000000E+00  0.506953098855E+01
 -0.100000000000E+01  0.000000000000E+00  0.000000000000E+00
  0.000000000000E+00  0.000000000000E+00 -0.100000000000E+01
  0.000000000000E+00  0.100000000000E+01 -0.000000000000E+00
  0.101390619771E+02  0.760429648282E+01  0.760429648282E+01
 -0.100000000000E+01 -0.000000000000E+00 -0.000000000000E+00
  0.000000000000E+00 -0.000000000000E+00  0.100000000000E+01
  0.000000000000E+00 -0.100000000000E+01  0.000000000000E+00
  0.101390619771E+02  0.760429648282E+01  0.760429648282E+01
  0.100000000000E+01 -0.000000000000E+00  0.000000000000E+00
 -0.000000000000E+00 -0.000000000000E+00 -0.100000000000E+01
 -0.000000000000E+00 -0.100000000000E+01 -0.000000000000E+00
  0.000000000000E+00  0.000000000000E+00  0.000000000000E+00
  0.000000000000E+00  0.000000000000E+00 -0.100000000000E+01
  0.000000000000E+00 -0.100000000000E+01  0.000000000000E+00
  0.100000000000E+01 -0.000000000000E+00  0.000000000000E+00
  0.506953098855E+01  0.760429648282E+01  0.253476549427E+01
 -0.000000000000E+00  0.000000000000E+00  0.100000000000E+01
 -0.000000000000E+00 -0.100000000000E+01 -0.000000000000E+00
 -0.100000000000E+01 -0.000000000000E+00 -0.000000000000E+00
  0.506953098855E+01  0.000000000000E+00  0.506953098855E+01
  0.000000000000E+00 -0.000000000000E+00  0.100000000000E+01
  0.000000000000E+00  0.100000000000E+01 -0.000000000000E+00
  0.100000000000E+01  0.000000000000E+00 -0.000000000000E+00
  0.506953098855E+01  0.760429648282E+01  0.253476549427E+01
  0.100000000000E+01  0.000000000000E+00 -0.000000000000E+00
 -0.000000000000E+00  0.000000000000E+00  0.100000000000E+01
 -0.000000000000E+00  0.100000000000E+01  0.000000000000E+00
  0.000000000000E+00  0.000000000000E+00  0.000000000000E+00
   54
    3     -0.001489679339      0.000000000000      0.000000000000
    3      2.537982440556      2.531548547992     -0.000000000000
    3     -2.534765494274     -2.533275814935      0.000000000000
    3      2.537982440556      0.000000000000      2.531548547992
    3      5.069530988547      2.531548547992      2.531548547992
   22     -0.007712776808     -2.527052717466      2.527052717466
    3     -2.534765494274      0.000000000000     -2.533275814935
   22     -0.007712776808      2.527052717466     -2.527052717466
   22     -5.061818211740     -2.527052717466     -2.527052717466
   22     -0.007712776808      2.527052717466      2.527052717466
   22      2.542478271082      5.077243765355      2.527052717466
    3     -2.534765494274      0.000000000000      2.533275814935
   22      2.542478271082      2.527052717466      5.077243765355
    3      5.069530988547      5.072747934829      5.072747934829
    3     -0.003216946282      0.000000000000      5.072747934829
    3     -2.534765494274      2.533275814935      0.000000000000
    3     -0.003216946282      5.072747934829      0.000000000000
    3     -5.068041309208     -0.000000000000      0.000000000000
   22     -0.007712776808     -2.527052717466     -2.527052717466
    3      2.537982440556     -0.000000000000     -2.531548547992
    3     -2.534765494274     -5.072747934829     -2.531548547992
    3      2.537982440556     -2.531548547992     -0.000000000000
   22      5.069530988547     -0.000000000000     -0.000000000000
    3     -0.003216946282     -5.072747934829     -0.000000000000
    3     -2.534765494274     -2.531548547992     -5.072747934829
    3     -0.003216946282     -0.000000000000     -5.072747934829
   22     -5.061818211740     -5.077243765355     -5.077243765355
   16      2.522796174930      2.546734813618      2.546734813618
   16      5.069530988547      5.069607940957      2.534688541864
   16     -0.000076952409     -0.000000000000      2.534688541864
   16      5.069530988547      2.534688541864      5.069607940957
   16      7.616265802165      5.057561669203      5.057561669203
   16      2.534842446683     -0.000000000000      5.069607940957
   16     -0.000076952409      2.534688541864     -0.000000000000
   16      2.534842446683      5.069607940957      0.000000000000
   16     -2.534765494274     -0.000000000000     -0.000000000000
   16      2.522796174930      5.057561669203      5.057561669203
   16      5.069530988547      7.604296482821      5.083076942132
   16      0.011969319344      2.546734813618      5.057561669203
   16      5.069530988547      5.083076942132      7.604296482821
   16      7.590750529237      7.604296482821      7.604296482821
   16      2.534842446683      2.534688541864      7.604296482821
   16      0.011969319344      5.057561669203      2.546734813618
   16      2.534842446683      7.604296482821      2.534688541864
   16     -2.534765494274      2.534688541864      2.534688541864
   16      2.548311447858     -0.000000000000     -0.000000000000
   16      5.069530988547      2.521219540689     -0.000000000000
   16     -0.000076952409     -2.534688541864     -0.000000000000
   16      5.069530988547     -0.000000000000      2.521219540689
   16      7.616265802165      2.546734813618      2.546734813618
   16      2.522796174930     -2.546734813618      2.546734813618
   16     -0.000076952409     -0.000000000000     -2.534688541864
   16      2.522796174930      2.546734813618     -2.546734813618
   16     -2.534765494274     -2.534688541864     -2.534688541864
  225   48
