   3   1   1 E -1.8527572280793E+04 DE-2.5E-07(  5)
  0.000000000000E+00  0.746738452272E+01  0.746738452272E+01
  0.746738452272E+01  0.000000000000E+00  0.746738452272E+01
  0.746738452272E+01  0.746738452272E+01  0.000000000000E+00
   48
  0.100000000000E+01 -0.000000000000E+00  0.000000000000E+00
 -0.000000000000E+00  0.100000000000E+01  0.000000000000E+00
 -0.000000000000E+00  0.000000000000E+00  0.100000000000E+01
  0.000000000000E+00  0.000000000000E+00  0.000000000000E+00
 -0.000000000000E+00 -0.100000000000E+01  0.000000000000E+00
  0.100000000000E+01  0.000000000000E+00  0.000000000000E+00
  0.000000000000E+00  0.000000000000E+00  0.100000000000E+01
  0.497825634848E+01  0.248912817424E+01  0.746738452272E+01
  0.000000000000E+00  0.100000000000E+01  0.000000000000E+00
 -0.100000000000E+01 -0.000000000000E+00  0.000000000000E+00
 -0.000000000000E+00 -0.000000000000E+00  0.100000000000E+01
  0.497825634848E+01  0.497825634848E+01  0.000000000000E+00
 -0.100000000000E+01  0.000000000000E+00  0.000000000000E+00
  0.000000000000E+00 -0.100000000000E+01  0.000000000000E+00
  0.000000000000E+00 -0.000000000000E+00  0.100000000000E+01
  0.995651269696E+01  0.746738452272E+01  0.746738452272E+01
  0.100000000000E+01  0.000000000000E+00 -0.000000000000E+00
 -0.000000000000E+00 -0.100000000000E+01 -0.000000000000E+00
 -0.000000000000E+00 -0.000000000000E+00 -0.100000000000E+01
  0.000000000000E+00  0.000000000000E+00  0.000000000000E+00
  0.000000000000E+00 -0.100000000000E+01 -0.000000000000E+00
 -0.100000000000E+01  0.000000000000E+00 -0.000000000000E+00
 -0.000000000000E+00  0.000000000000E+00 -0.100000000000E+01
  0.497825634848E+01  0.497825634848E+01  0.000000000000E+00
 -0.100000000000E+01 -0.000000000000E+00 -0.000000000000E+00
  0.000000000000E+00  0.100000000000E+01 -0.000000000000E+00
  0.000000000000E+00  0.000000000000E+00 -0.100000000000E+01
  0.995651269696E+01  0.746738452272E+01  0.746738452272E+01
 -0.000000000000E+00  0.100000000000E+01 -0.000000000000E+00
  0.100000000000E+01 -0.000000000000E+00 -0.000000000000E+00
  0.000000000000E+00 -0.000000000000E+00 -0.100000000000E+01
  0.497825634848E+01  0.248912817424E+01  0.746738452272E+01
 -0.000000000000E+00  0.000000000000E+00  0.100000000000E+01
  0.100000000000E+01  0.000000000000E+00 -0.000000000000E+00
  0.000000000000E+00  0.100000000000E+01 -0.000000000000E+00
  0.497825634848E+01  0.248912817424E+01  0.746738452272E+01
  0.000000000000E+00  0.100000000000E+01 -0.000000000000E+00
  0.000000000000E+00 -0.000000000000E+00  0.100000000000E+01
  0.100000000000E+01 -0.000000000000E+00  0.000000000000E+00
  0.497825634848E+01  0.746738452272E+01  0.248912817424E+01
  0.000000000000E+00 -0.000000000000E+00  0.100000000000E+01
 -0.100000000000E+01 -0.000000000000E+00 -0.000000000000E+00
 -0.000000000000E+00 -0.100000000000E+01 -0.000000000000E+00
  0.497825634848E+01  0.497825634848E+01  0.000000000000E+00
  0.000000000000E+00 -0.100000000000E+01  0.000000000000E+00
  0.000000000000E+00  0.000000000000E+00 -0.100000000000E+01
  0.100000000000E+01  0.000000000000E+00 -0.000000000000E+00
  0.497825634848E+01  0.746738452272E+01  0.248912817424E+01
 -0.000000000000E+00 -0.000000000000E+00 -0.100000000000E+01
  0.100000000000E+01 -0.000000000000E+00  0.000000000000E+00
  0.000000000000E+00 -0.100000000000E+01  0.000000000000E+00
  0.497825634848E+01  0.248912817424E+01  0.746738452272E+01
 -0.000000000000E+00  0.100000000000E+01  0.000000000000E+00
 -0.000000000000E+00 -0.000000000000E+00 -0.100000000000E+01
 -0.100000000000E+01 -0.000000000000E+00 -0.000000000000E+00
  0.497825634848E+01  0.000000000000E+00  0.497825634848E+01
  0.000000000000E+00  0.000000000000E+00 -0.100000000000E+01
 -0.100000000000E+01  0.000000000000E+00  0.000000000000E+00
 -0.000000000000E+00  0.100000000000E+01  0.000000000000E+00
  0.497825634848E+01  0.497825634848E+01  0.000000000000E+00
 -0.000000000000E+00 -0.100000000000E+01 -0.000000000000E+00
 -0.000000000000E+00  0.000000000000E+00  0.100000000000E+01
 -0.100000000000E+01  0.000000000000E+00  0.000000000000E+00
  0.497825634848E+01  0.000000000000E+00  0.497825634848E+01
  0.000000000000E+00  0.000000000000E+00  0.100000000000E+01
  0.000000000000E+00 -0.100000000000E+01 -0.000000000000E+00
  0.100000000000E+01 -0.000000000000E+00 -0.000000000000E+00
  0.497825634848E+01  0.746738452272E+01  0.248912817424E+01
  0.100000000000E+01 -0.000000000000E+00 -0.000000000000E+00
 -0.000000000000E+00 -0.000000000000E+00  0.100000000000E+01
 -0.000000000000E+00 -0.100000000000E+01  0.000000000000E+00
  0.000000000000E+00  0.000000000000E+00  0.000000000000E+00
  0.100000000000E+01  0.000000000000E+00  0.000000000000E+00
 -0.000000000000E+00  0.000000000000E+00 -0.100000000000E+01
 -0.000000000000E+00  0.100000000000E+01 -0.000000000000E+00
  0.000000000000E+00  0.000000000000E+00  0.000000000000E+00
 -0.100000000000E+01  0.000000000000E+00 -0.000000000000E+00
  0.000000000000E+00  0.000000000000E+00  0.100000000000E+01
  0.000000000000E+00  0.100000000000E+01  0.000000000000E+00
  0.995651269696E+01  0.746738452272E+01  0.746738452272E+01
 -0.000000000000E+00 -0.000000000000E+00  0.100000000000E+01
 -0.000000000000E+00  0.100000000000E+01 -0.000000000000E+00
 -0.100000000000E+01  0.000000000000E+00 -0.000000000000E+00
  0.497825634848E+01  0.000000000000E+00  0.497825634848E+01
  0.000000000000E+00 -0.000000000000E+00 -0.100000000000E+01
  0.000000000000E+00  0.100000000000E+01  0.000000000000E+00
  0.100000000000E+01  0.000000000000E+00  0.000000000000E+00
  0.497825634848E+01  0.746738452272E+01  0.248912817424E+01
 -0.000000000000E+00  0.000000000000E+00 -0.100000000000E+01
 -0.000000000000E+00 -0.100000000000E+01  0.000000000000E+00
 -0.100000000000E+01 -0.000000000000E+00  0.000000000000E+00
  0.497825634848E+01  0.000000000000E+00  0.497825634848E+01
 -0.100000000000E+01 -0.000000000000E+00  0.000000000000E+00
  0.000000000000E+00 -0.000000000000E+00 -0.100000000000E+01
  0.000000000000E+00 -0.100000000000E+01 -0.000000000000E+00
  0.995651269696E+01  0.746738452272E+01  0.746738452272E+01
 -0.100000000000E+01  0.000000000000E+00 -0.000000000000E+00
  0.000000000000E+00 -0.100000000000E+01 -0.000000000000E+00
  0.000000000000E+00 -0.000000000000E+00 -0.100000000000E+01
  0.995651269696E+01  0.746738452272E+01  0.746738452272E+01
  0.000000000000E+00  0.100000000000E+01 -0.000000000000E+00
 -0.100000000000E+01 -0.000000000000E+00 -0.000000000000E+00
 -0.000000000000E+00 -0.000000000000E+00 -0.100000000000E+01
  0.497825634848E+01  0.497825634848E+01  0.000000000000E+00
 -0.000000000000E+00 -0.100000000000E+01 -0.000000000000E+00
  0.100000000000E+01  0.000000000000E+00 -0.000000000000E+00
  0.000000000000E+00  0.000000000000E+00 -0.100000000000E+01
  0.497825634848E+01  0.248912817424E+01  0.746738452272E+01
  0.100000000000E+01 -0.000000000000E+00 -0.000000000000E+00
 -0.000000000000E+00  0.100000000000E+01 -0.000000000000E+00
 -0.000000000000E+00  0.000000000000E+00 -0.100000000000E+01
  0.000000000000E+00  0.000000000000E+00  0.000000000000E+00
 -0.100000000000E+01 -0.000000000000E+00  0.000000000000E+00
  0.000000000000E+00  0.100000000000E+01  0.000000000000E+00
  0.000000000000E+00  0.000000000000E+00  0.100000000000E+01
  0.995651269696E+01  0.746738452272E+01  0.746738452272E+01
 -0.000000000000E+00  0.100000000000E+01  0.000000000000E+00
  0.100000000000E+01 -0.000000000000E+00  0.000000000000E+00
  0.000000000000E+00 -0.000000000000E+00  0.100000000000E+01
  0.497825634848E+01  0.248912817424E+01  0.746738452272E+01
  0.100000000000E+01  0.000000000000E+00  0.000000000000E+00
 -0.000000000000E+00 -0.100000000000E+01  0.000000000000E+00
 -0.000000000000E+00 -0.000000000000E+00  0.100000000000E+01
  0.000000000000E+00  0.000000000000E+00  0.000000000000E+00
  0.000000000000E+00 -0.100000000000E+01  0.000000000000E+00
 -0.100000000000E+01  0.000000000000E+00  0.000000000000E+00
 -0.000000000000E+00  0.000000000000E+00  0.100000000000E+01
  0.497825634848E+01  0.497825634848E+01  0.000000000000E+00
  0.000000000000E+00 -0.000000000000E+00 -0.100000000000E+01
 -0.100000000000E+01 -0.000000000000E+00  0.000000000000E+00
 -0.000000000000E+00 -0.100000000000E+01  0.000000000000E+00
  0.497825634848E+01  0.497825634848E+01  0.000000000000E+00
 -0.000000000000E+00 -0.100000000000E+01  0.000000000000E+00
 -0.000000000000E+00  0.000000000000E+00 -0.100000000000E+01
 -0.100000000000E+01  0.000000000000E+00 -0.000000000000E+00
  0.497825634848E+01  0.000000000000E+00  0.497825634848E+01
 -0.000000000000E+00  0.000000000000E+00 -0.100000000000E+01
  0.100000000000E+01  0.000000000000E+00  0.000000000000E+00
  0.000000000000E+00  0.100000000000E+01  0.000000000000E+00
  0.497825634848E+01  0.248912817424E+01  0.746738452272E+01
 -0.000000000000E+00  0.100000000000E+01 -0.000000000000E+00
 -0.000000000000E+00 -0.000000000000E+00  0.100000000000E+01
 -0.100000000000E+01 -0.000000000000E+00  0.000000000000E+00
  0.497825634848E+01  0.000000000000E+00  0.497825634848E+01
  0.000000000000E+00  0.000000000000E+00  0.100000000000E+01
 -0.100000000000E+01  0.000000000000E+00 -0.000000000000E+00
 -0.000000000000E+00  0.100000000000E+01 -0.000000000000E+00
  0.497825634848E+01  0.497825634848E+01  0.000000000000E+00
  0.000000000000E+00 -0.100000000000E+01 -0.000000000000E+00
  0.000000000000E+00  0.000000000000E+00  0.100000000000E+01
  0.100000000000E+01  0.000000000000E+00  0.000000000000E+00
  0.497825634848E+01  0.746738452272E+01  0.248912817424E+01
 -0.000000000000E+00 -0.000000000000E+00  0.100000000000E+01
  0.100000000000E+01 -0.000000000000E+00 -0.000000000000E+00
  0.000000000000E+00 -0.100000000000E+01 -0.000000000000E+00
  0.497825634848E+01  0.248912817424E+01  0.746738452272E+01
  0.000000000000E+00  0.100000000000E+01  0.000000000000E+00
  0.000000000000E+00 -0.000000000000E+00 -0.100000000000E+01
  0.100000000000E+01 -0.000000000000E+00 -0.000000000000E+00
  0.497825634848E+01  0.746738452272E+01  0.248912817424E+01
 -0.000000000000E+00 -0.000000000000E+00 -0.100000000000E+01
 -0.000000000000E+00  0.100000000000E+01  0.000000000000E+00
 -0.100000000000E+01  0.000000000000E+00  0.000000000000E+00
  0.497825634848E+01  0.000000000000E+00  0.497825634848E+01
 -0.100000000000E+01  0.000000000000E+00  0.000000000000E+00
  0.000000000000E+00  0.000000000000E+00 -0.100000000000E+01
  0.000000000000E+00  0.100000000000E+01 -0.000000000000E+00
  0.995651269696E+01  0.746738452272E+01  0.746738452272E+01
 -0.100000000000E+01 -0.000000000000E+00 -0.000000000000E+00
  0.000000000000E+00 -0.000000000000E+00  0.100000000000E+01
  0.000000000000E+00 -0.100000000000E+01  0.000000000000E+00
  0.995651269696E+01  0.746738452272E+01  0.746738452272E+01
  0.100000000000E+01 -0.000000000000E+00  0.000000000000E+00
 -0.000000000000E+00 -0.000000000000E+00 -0.100000000000E+01
 -0.000000000000E+00 -0.100000000000E+01 -0.000000000000E+00
  0.000000000000E+00  0.000000000000E+00  0.000000000000E+00
  0.000000000000E+00  0.000000000000E+00 -0.100000000000E+01
  0.000000000000E+00 -0.100000000000E+01  0.000000000000E+00
  0.100000000000E+01 -0.000000000000E+00  0.000000000000E+00
  0.497825634848E+01  0.746738452272E+01  0.248912817424E+01
 -0.000000000000E+00  0.000000000000E+00  0.100000000000E+01
 -0.000000000000E+00 -0.100000000000E+01 -0.000000000000E+00
 -0.100000000000E+01 -0.000000000000E+00 -0.000000000000E+00
  0.497825634848E+01  0.000000000000E+00  0.497825634848E+01
  0.000000000000E+00 -0.000000000000E+00  0.100000000000E+01
  0.000000000000E+00  0.100000000000E+01 -0.000000000000E+00
  0.100000000000E+01  0.000000000000E+00 -0.000000000000E+00
  0.497825634848E+01  0.746738452272E+01  0.248912817424E+01
  0.100000000000E+01  0.000000000000E+00 -0.000000000000E+00
 -0.000000000000E+00  0.000000000000E+00  0.100000000000E+01
 -0.000000000000E+00  0.100000000000E+01  0.000000000000E+00
  0.000000000000E+00  0.000000000000E+00  0.000000000000E+00
   54
    3     -0.085763817554      0.000000000000      0.000000000000
    3      2.640725372016      2.337530976467     -0.000000000000
    3     -2.489128174241     -2.403364356687      0.000000000000
    3      2.640725372016      0.000000000000      2.337530976467
    3      4.978256348482      2.337530976467      2.337530976467
   22     -0.080478437993     -2.408649736248      2.408649736248
    3     -2.489128174241      0.000000000000     -2.403364356687
   22     -0.080478437993      2.408649736248     -2.408649736248
   22     -4.897777910489     -2.408649736248     -2.408649736248
   22     -0.080478437993      2.408649736248      2.408649736248
   22      2.569606612234      5.058734786475      2.408649736248
    3     -2.489128174241      0.000000000000      2.403364356687
   22      2.569606612234      2.408649736248      5.058734786475
    3      4.978256348482      5.129853546257      5.129853546257
    3     -0.151597197774      0.000000000000      5.129853546257
    3     -2.489128174241      2.403364356687      0.000000000000
    3     -0.151597197774      5.129853546257      0.000000000000
    3     -4.892492530928     -0.000000000000      0.000000000000
   22     -0.080478437993     -2.408649736248     -2.408649736248
    3      2.640725372016     -0.000000000000     -2.337530976467
    3     -2.489128174241     -5.129853546257     -2.337530976467
    3      2.640725372016     -2.337530976467     -0.000000000000
   22      4.978256348482     -0.000000000000     -0.000000000000
    3     -0.151597197774     -5.129853546257     -0.000000000000
    3     -2.489128174241     -2.337530976467     -5.129853546257
    3     -0.151597197774     -0.000000000000     -5.129853546257
   22     -4.897777910489     -5.058734786475     -5.058734786475
   16      2.386268585176      2.591987763306      2.591987763306
   16      4.978256348482      4.925876478934      2.541508043790
   16      0.052379869549     -0.000000000000      2.541508043790
   16      4.978256348482      2.541508043790      4.925876478934
   16      7.570244111789      4.875396759417      4.875396759417
   16      2.436748304692     -0.000000000000      4.925876478934
   16      0.052379869549      2.541508043790     -0.000000000000
   16      2.436748304692      4.925876478934      0.000000000000
   16     -2.489128174241     -0.000000000000     -0.000000000000
   16      2.386268585176      4.875396759417      4.875396759417
   16      4.978256348482      7.467384522724      5.022348183438
   16      0.102859589065      2.591987763306      4.875396759417
   16      4.978256348482      5.022348183438      7.467384522724
   16      7.423292687768      7.467384522724      7.467384522724
   16      2.436748304692      2.541508043790      7.467384522724
   16      0.102859589065      4.875396759417      2.591987763306
   16      2.436748304692      7.467384522724      2.541508043790
   16     -2.489128174241      2.541508043790      2.541508043790
   16      2.533220009196     -0.000000000000     -0.000000000000
   16      4.978256348482      2.445036339286     -0.000000000000
   16      0.052379869549     -2.541508043790     -0.000000000000
   16      4.978256348482     -0.000000000000      2.445036339286
   16      7.570244111789      2.591987763306      2.591987763306
   16      2.386268585176     -2.591987763306      2.591987763306
   16      0.052379869549     -0.000000000000     -2.541508043790
   16      2.386268585176      2.591987763306     -2.591987763306
   16     -2.489128174241     -2.541508043790     -2.541508043790
  225   48
