   3   1   1 E -1.8527399123427E+04 DE-1.7E-08( 34)
  0.000000000000E+00  0.762825000000E+01  0.762825000000E+01
  0.762825000000E+01  0.000000000000E+00  0.762825000000E+01
  0.762825000000E+01  0.762825000000E+01  0.000000000000E+00
   48
  0.100000000000E+01 -0.000000000000E+00  0.000000000000E+00
 -0.000000000000E+00  0.100000000000E+01  0.000000000000E+00
 -0.000000000000E+00  0.000000000000E+00  0.100000000000E+01
  0.000000000000E+00  0.000000000000E+00  0.000000000000E+00
 -0.000000000000E+00 -0.100000000000E+01  0.000000000000E+00
  0.100000000000E+01  0.000000000000E+00  0.000000000000E+00
  0.000000000000E+00  0.000000000000E+00  0.100000000000E+01
  0.508550000000E+01  0.254275000000E+01  0.762825000000E+01
  0.000000000000E+00  0.100000000000E+01  0.000000000000E+00
 -0.100000000000E+01 -0.000000000000E+00  0.000000000000E+00
 -0.000000000000E+00 -0.000000000000E+00  0.100000000000E+01
  0.508550000000E+01  0.508550000000E+01  0.000000000000E+00
 -0.100000000000E+01  0.000000000000E+00  0.000000000000E+00
  0.000000000000E+00 -0.100000000000E+01  0.000000000000E+00
  0.000000000000E+00 -0.000000000000E+00  0.100000000000E+01
  0.101710000000E+02  0.762825000000E+01  0.762825000000E+01
  0.100000000000E+01  0.000000000000E+00 -0.000000000000E+00
 -0.000000000000E+00 -0.100000000000E+01 -0.000000000000E+00
 -0.000000000000E+00 -0.000000000000E+00 -0.100000000000E+01
  0.000000000000E+00  0.000000000000E+00  0.000000000000E+00
  0.000000000000E+00 -0.100000000000E+01 -0.000000000000E+00
 -0.100000000000E+01  0.000000000000E+00 -0.000000000000E+00
 -0.000000000000E+00  0.000000000000E+00 -0.100000000000E+01
  0.508550000000E+01  0.508550000000E+01  0.000000000000E+00
 -0.100000000000E+01 -0.000000000000E+00 -0.000000000000E+00
  0.000000000000E+00  0.100000000000E+01 -0.000000000000E+00
  0.000000000000E+00  0.000000000000E+00 -0.100000000000E+01
  0.101710000000E+02  0.762825000000E+01  0.762825000000E+01
 -0.000000000000E+00  0.100000000000E+01 -0.000000000000E+00
  0.100000000000E+01 -0.000000000000E+00 -0.000000000000E+00
  0.000000000000E+00 -0.000000000000E+00 -0.100000000000E+01
  0.508550000000E+01  0.254275000000E+01  0.762825000000E+01
 -0.000000000000E+00  0.000000000000E+00  0.100000000000E+01
  0.100000000000E+01  0.000000000000E+00 -0.000000000000E+00
  0.000000000000E+00  0.100000000000E+01 -0.000000000000E+00
  0.508550000000E+01  0.254275000000E+01  0.762825000000E+01
  0.000000000000E+00  0.100000000000E+01 -0.000000000000E+00
  0.000000000000E+00 -0.000000000000E+00  0.100000000000E+01
  0.100000000000E+01 -0.000000000000E+00  0.000000000000E+00
  0.508550000000E+01  0.762825000000E+01  0.254275000000E+01
  0.000000000000E+00 -0.000000000000E+00  0.100000000000E+01
 -0.100000000000E+01 -0.000000000000E+00 -0.000000000000E+00
 -0.000000000000E+00 -0.100000000000E+01 -0.000000000000E+00
  0.508550000000E+01  0.508550000000E+01  0.000000000000E+00
  0.000000000000E+00 -0.100000000000E+01  0.000000000000E+00
  0.000000000000E+00  0.000000000000E+00 -0.100000000000E+01
  0.100000000000E+01  0.000000000000E+00 -0.000000000000E+00
  0.508550000000E+01  0.762825000000E+01  0.254275000000E+01
 -0.000000000000E+00 -0.000000000000E+00 -0.100000000000E+01
  0.100000000000E+01 -0.000000000000E+00  0.000000000000E+00
  0.000000000000E+00 -0.100000000000E+01  0.000000000000E+00
  0.508550000000E+01  0.254275000000E+01  0.762825000000E+01
 -0.000000000000E+00  0.100000000000E+01  0.000000000000E+00
 -0.000000000000E+00 -0.000000000000E+00 -0.100000000000E+01
 -0.100000000000E+01 -0.000000000000E+00 -0.000000000000E+00
  0.508550000000E+01  0.000000000000E+00  0.508550000000E+01
  0.000000000000E+00  0.000000000000E+00 -0.100000000000E+01
 -0.100000000000E+01  0.000000000000E+00  0.000000000000E+00
 -0.000000000000E+00  0.100000000000E+01  0.000000000000E+00
  0.508550000000E+01  0.508550000000E+01  0.000000000000E+00
 -0.000000000000E+00 -0.100000000000E+01 -0.000000000000E+00
 -0.000000000000E+00  0.000000000000E+00  0.100000000000E+01
 -0.100000000000E+01  0.000000000000E+00  0.000000000000E+00
  0.508550000000E+01  0.000000000000E+00  0.508550000000E+01
  0.000000000000E+00  0.000000000000E+00  0.100000000000E+01
  0.000000000000E+00 -0.100000000000E+01 -0.000000000000E+00
  0.100000000000E+01 -0.000000000000E+00 -0.000000000000E+00
  0.508550000000E+01  0.762825000000E+01  0.254275000000E+01
  0.100000000000E+01 -0.000000000000E+00 -0.000000000000E+00
 -0.000000000000E+00 -0.000000000000E+00  0.100000000000E+01
 -0.000000000000E+00 -0.100000000000E+01  0.000000000000E+00
  0.000000000000E+00  0.000000000000E+00  0.000000000000E+00
  0.100000000000E+01  0.000000000000E+00  0.000000000000E+00
 -0.000000000000E+00  0.000000000000E+00 -0.100000000000E+01
 -0.000000000000E+00  0.100000000000E+01 -0.000000000000E+00
  0.000000000000E+00  0.000000000000E+00  0.000000000000E+00
 -0.100000000000E+01  0.000000000000E+00 -0.000000000000E+00
  0.000000000000E+00  0.000000000000E+00  0.100000000000E+01
  0.000000000000E+00  0.100000000000E+01  0.000000000000E+00
  0.101710000000E+02  0.762825000000E+01  0.762825000000E+01
 -0.000000000000E+00 -0.000000000000E+00  0.100000000000E+01
 -0.000000000000E+00  0.100000000000E+01 -0.000000000000E+00
 -0.100000000000E+01  0.000000000000E+00 -0.000000000000E+00
  0.508550000000E+01  0.000000000000E+00  0.508550000000E+01
  0.000000000000E+00 -0.000000000000E+00 -0.100000000000E+01
  0.000000000000E+00  0.100000000000E+01  0.000000000000E+00
  0.100000000000E+01  0.000000000000E+00  0.000000000000E+00
  0.508550000000E+01  0.762825000000E+01  0.254275000000E+01
 -0.000000000000E+00  0.000000000000E+00 -0.100000000000E+01
 -0.000000000000E+00 -0.100000000000E+01  0.000000000000E+00
 -0.100000000000E+01 -0.000000000000E+00  0.000000000000E+00
  0.508550000000E+01  0.000000000000E+00  0.508550000000E+01
 -0.100000000000E+01 -0.000000000000E+00  0.000000000000E+00
  0.000000000000E+00 -0.000000000000E+00 -0.100000000000E+01
  0.000000000000E+00 -0.100000000000E+01 -0.000000000000E+00
  0.101710000000E+02  0.762825000000E+01  0.762825000000E+01
 -0.100000000000E+01  0.000000000000E+00 -0.000000000000E+00
  0.000000000000E+00 -0.100000000000E+01 -0.000000000000E+00
  0.000000000000E+00 -0.000000000000E+00 -0.100000000000E+01
  0.101710000000E+02  0.762825000000E+01  0.762825000000E+01
  0.000000000000E+00  0.100000000000E+01 -0.000000000000E+00
 -0.100000000000E+01 -0.000000000000E+00 -0.000000000000E+00
 -0.000000000000E+00 -0.000000000000E+00 -0.100000000000E+01
  0.508550000000E+01  0.508550000000E+01  0.000000000000E+00
 -0.000000000000E+00 -0.100000000000E+01 -0.000000000000E+00
  0.100000000000E+01  0.000000000000E+00 -0.000000000000E+00
  0.000000000000E+00  0.000000000000E+00 -0.100000000000E+01
  0.508550000000E+01  0.254275000000E+01  0.762825000000E+01
  0.100000000000E+01 -0.000000000000E+00 -0.000000000000E+00
 -0.000000000000E+00  0.100000000000E+01 -0.000000000000E+00
 -0.000000000000E+00  0.000000000000E+00 -0.100000000000E+01
  0.000000000000E+00  0.000000000000E+00  0.000000000000E+00
 -0.100000000000E+01 -0.000000000000E+00  0.000000000000E+00
  0.000000000000E+00  0.100000000000E+01  0.000000000000E+00
  0.000000000000E+00  0.000000000000E+00  0.100000000000E+01
  0.101710000000E+02  0.762825000000E+01  0.762825000000E+01
 -0.000000000000E+00  0.100000000000E+01  0.000000000000E+00
  0.100000000000E+01 -0.000000000000E+00  0.000000000000E+00
  0.000000000000E+00 -0.000000000000E+00  0.100000000000E+01
  0.508550000000E+01  0.254275000000E+01  0.762825000000E+01
  0.100000000000E+01  0.000000000000E+00  0.000000000000E+00
 -0.000000000000E+00 -0.100000000000E+01  0.000000000000E+00
 -0.000000000000E+00 -0.000000000000E+00  0.100000000000E+01
  0.000000000000E+00  0.000000000000E+00  0.000000000000E+00
  0.000000000000E+00 -0.100000000000E+01  0.000000000000E+00
 -0.100000000000E+01  0.000000000000E+00  0.000000000000E+00
 -0.000000000000E+00  0.000000000000E+00  0.100000000000E+01
  0.508550000000E+01  0.508550000000E+01  0.000000000000E+00
  0.000000000000E+00 -0.000000000000E+00 -0.100000000000E+01
 -0.100000000000E+01 -0.000000000000E+00  0.000000000000E+00
 -0.000000000000E+00 -0.100000000000E+01  0.000000000000E+00
  0.508550000000E+01  0.508550000000E+01  0.000000000000E+00
 -0.000000000000E+00 -0.100000000000E+01  0.000000000000E+00
 -0.000000000000E+00  0.000000000000E+00 -0.100000000000E+01
 -0.100000000000E+01  0.000000000000E+00 -0.000000000000E+00
  0.508550000000E+01  0.000000000000E+00  0.508550000000E+01
 -0.000000000000E+00  0.000000000000E+00 -0.100000000000E+01
  0.100000000000E+01  0.000000000000E+00  0.000000000000E+00
  0.000000000000E+00  0.100000000000E+01  0.000000000000E+00
  0.508550000000E+01  0.254275000000E+01  0.762825000000E+01
 -0.000000000000E+00  0.100000000000E+01 -0.000000000000E+00
 -0.000000000000E+00 -0.000000000000E+00  0.100000000000E+01
 -0.100000000000E+01 -0.000000000000E+00  0.000000000000E+00
  0.508550000000E+01  0.000000000000E+00  0.508550000000E+01
  0.000000000000E+00  0.000000000000E+00  0.100000000000E+01
 -0.100000000000E+01  0.000000000000E+00 -0.000000000000E+00
 -0.000000000000E+00  0.100000000000E+01 -0.000000000000E+00
  0.508550000000E+01  0.508550000000E+01  0.000000000000E+00
  0.000000000000E+00 -0.100000000000E+01 -0.000000000000E+00
  0.000000000000E+00  0.000000000000E+00  0.100000000000E+01
  0.100000000000E+01  0.000000000000E+00  0.000000000000E+00
  0.508550000000E+01  0.762825000000E+01  0.254275000000E+01
 -0.000000000000E+00 -0.000000000000E+00  0.100000000000E+01
  0.100000000000E+01 -0.000000000000E+00 -0.000000000000E+00
  0.000000000000E+00 -0.100000000000E+01 -0.000000000000E+00
  0.508550000000E+01  0.254275000000E+01  0.762825000000E+01
  0.000000000000E+00  0.100000000000E+01  0.000000000000E+00
  0.000000000000E+00 -0.000000000000E+00 -0.100000000000E+01
  0.100000000000E+01 -0.000000000000E+00 -0.000000000000E+00
  0.508550000000E+01  0.762825000000E+01  0.254275000000E+01
 -0.000000000000E+00 -0.000000000000E+00 -0.100000000000E+01
 -0.000000000000E+00  0.100000000000E+01  0.000000000000E+00
 -0.100000000000E+01  0.000000000000E+00  0.000000000000E+00
  0.508550000000E+01  0.000000000000E+00  0.508550000000E+01
 -0.100000000000E+01  0.000000000000E+00  0.000000000000E+00
  0.000000000000E+00  0.000000000000E+00 -0.100000000000E+01
  0.000000000000E+00  0.100000000000E+01 -0.000000000000E+00
  0.101710000000E+02  0.762825000000E+01  0.762825000000E+01
 -0.100000000000E+01 -0.000000000000E+00 -0.000000000000E+00
  0.000000000000E+00 -0.000000000000E+00  0.100000000000E+01
  0.000000000000E+00 -0.100000000000E+01  0.000000000000E+00
  0.101710000000E+02  0.762825000000E+01  0.762825000000E+01
  0.100000000000E+01 -0.000000000000E+00  0.000000000000E+00
 -0.000000000000E+00 -0.000000000000E+00 -0.100000000000E+01
 -0.000000000000E+00 -0.100000000000E+01 -0.000000000000E+00
  0.000000000000E+00  0.000000000000E+00  0.000000000000E+00
  0.000000000000E+00  0.000000000000E+00 -0.100000000000E+01
  0.000000000000E+00 -0.100000000000E+01  0.000000000000E+00
  0.100000000000E+01 -0.000000000000E+00  0.000000000000E+00
  0.508550000000E+01  0.762825000000E+01  0.254275000000E+01
 -0.000000000000E+00  0.000000000000E+00  0.100000000000E+01
 -0.000000000000E+00 -0.100000000000E+01 -0.000000000000E+00
 -0.100000000000E+01 -0.000000000000E+00 -0.000000000000E+00
  0.508550000000E+01  0.000000000000E+00  0.508550000000E+01
  0.000000000000E+00 -0.000000000000E+00  0.100000000000E+01
  0.000000000000E+00  0.100000000000E+01 -0.000000000000E+00
  0.100000000000E+01  0.000000000000E+00 -0.000000000000E+00
  0.508550000000E+01  0.762825000000E+01  0.254275000000E+01
  0.100000000000E+01  0.000000000000E+00 -0.000000000000E+00
 -0.000000000000E+00  0.000000000000E+00  0.100000000000E+01
 -0.000000000000E+00  0.100000000000E+01  0.000000000000E+00
  0.000000000000E+00  0.000000000000E+00  0.000000000000E+00
   54
    3      0.000000000000      0.000000000000      0.000000000000
    3      2.542750000000      2.542750000000     -0.000000000000
    3     -2.542750000000     -2.542750000000      0.000000000000
    3      2.542750000000      0.000000000000      2.542750000000
    3      5.085500000000      2.542750000000      2.542750000000
   22     -0.000000000000     -2.542750000000      2.542750000000
    3     -2.542750000000      0.000000000000     -2.542750000000
   22     -0.000000000000      2.542750000000     -2.542750000000
   22     -5.085500000000     -2.542750000000     -2.542750000000
   22     -0.000000000000      2.542750000000      2.542750000000
   22      2.542750000000      5.085500000000      2.542750000000
    3     -2.542750000000      0.000000000000      2.542750000000
   22      2.542750000000      2.542750000000      5.085500000000
    3      5.085500000000      5.085500000000      5.085500000000
    3      0.000000000000      0.000000000000      5.085500000000
    3     -2.542750000000      2.542750000000      0.000000000000
    3     -0.000000000000      5.085500000000      0.000000000000
    3     -5.085500000000     -0.000000000000      0.000000000000
   22     -0.000000000000     -2.542750000000     -2.542750000000
    3      2.542750000000     -0.000000000000     -2.542750000000
    3     -2.542750000000     -5.085500000000     -2.542750000000
    3      2.542750000000     -2.542750000000     -0.000000000000
   22      5.085500000000     -0.000000000000     -0.000000000000
    3     -0.000000000000     -5.085500000000     -0.000000000000
    3     -2.542750000000     -2.542750000000     -5.085500000000
    3     -0.000000000000     -0.000000000000     -5.085500000000
   22     -5.085500000000     -5.085500000000     -5.085500000000
   16      2.542750000000      2.542750000000      2.542750000000
   16      5.085500000000      5.085500000000      2.542750000000
   16     -0.000000000000     -0.000000000000      2.542750000000
   16      5.085500000000      2.542750000000      5.085500000000
   16      7.628250000000      5.085500000000      5.085500000000
   16      2.542750000000     -0.000000000000      5.085500000000
   16     -0.000000000000      2.542750000000     -0.000000000000
   16      2.542750000000      5.085500000000      0.000000000000
   16     -2.542750000000     -0.000000000000     -0.000000000000
   16      2.542750000000      5.085500000000      5.085500000000
   16      5.085500000000      7.628250000000      5.085500000000
   16     -0.000000000000      2.542750000000      5.085500000000
   16      5.085500000000      5.085500000000      7.628250000000
   16      7.628250000000      7.628250000000      7.628250000000
   16      2.542750000000      2.542750000000      7.628250000000
   16     -0.000000000000      5.085500000000      2.542750000000
   16      2.542750000000      7.628250000000      2.542750000000
   16     -2.542750000000      2.542750000000      2.542750000000
   16      2.542750000000     -0.000000000000     -0.000000000000
   16      5.085500000000      2.542750000000     -0.000000000000
   16     -0.000000000000     -2.542750000000     -0.000000000000
   16      5.085500000000     -0.000000000000      2.542750000000
   16      7.628250000000      2.542750000000      2.542750000000
   16      2.542750000000     -2.542750000000      2.542750000000
   16     -0.000000000000     -0.000000000000     -2.542750000000
   16      2.542750000000      2.542750000000     -2.542750000000
   16     -2.542750000000     -2.542750000000     -2.542750000000
  225   48
