   3   1   1 E -1.8527515004404E+04 DE-5.3E-09( 19)
  0.000000000000E+00  0.755711721363E+01  0.755711721363E+01
  0.755711721363E+01  0.000000000000E+00  0.755711721363E+01
  0.755711721363E+01  0.755711721363E+01  0.000000000000E+00
   48
  0.100000000000E+01 -0.000000000000E+00  0.000000000000E+00
 -0.000000000000E+00  0.100000000000E+01  0.000000000000E+00
 -0.000000000000E+00  0.000000000000E+00  0.100000000000E+01
  0.000000000000E+00  0.000000000000E+00  0.000000000000E+00
 -0.000000000000E+00 -0.100000000000E+01  0.000000000000E+00
  0.100000000000E+01  0.000000000000E+00  0.000000000000E+00
  0.000000000000E+00  0.000000000000E+00  0.100000000000E+01
  0.503807814242E+01  0.251903907121E+01  0.755711721363E+01
  0.000000000000E+00  0.100000000000E+01  0.000000000000E+00
 -0.100000000000E+01 -0.000000000000E+00  0.000000000000E+00
 -0.000000000000E+00 -0.000000000000E+00  0.100000000000E+01
  0.503807814242E+01  0.503807814242E+01  0.000000000000E+00
 -0.100000000000E+01  0.000000000000E+00  0.000000000000E+00
  0.000000000000E+00 -0.100000000000E+01  0.000000000000E+00
  0.000000000000E+00 -0.000000000000E+00  0.100000000000E+01
  0.100761562848E+02  0.755711721363E+01  0.755711721363E+01
  0.100000000000E+01  0.000000000000E+00 -0.000000000000E+00
 -0.000000000000E+00 -0.100000000000E+01 -0.000000000000E+00
 -0.000000000000E+00 -0.000000000000E+00 -0.100000000000E+01
  0.000000000000E+00  0.000000000000E+00  0.000000000000E+00
  0.000000000000E+00 -0.100000000000E+01 -0.000000000000E+00
 -0.100000000000E+01  0.000000000000E+00 -0.000000000000E+00
 -0.000000000000E+00  0.000000000000E+00 -0.100000000000E+01
  0.503807814242E+01  0.503807814242E+01  0.000000000000E+00
 -0.100000000000E+01 -0.000000000000E+00 -0.000000000000E+00
  0.000000000000E+00  0.100000000000E+01 -0.000000000000E+00
  0.000000000000E+00  0.000000000000E+00 -0.100000000000E+01
  0.100761562848E+02  0.755711721363E+01  0.755711721363E+01
 -0.000000000000E+00  0.100000000000E+01 -0.000000000000E+00
  0.100000000000E+01 -0.000000000000E+00 -0.000000000000E+00
  0.000000000000E+00 -0.000000000000E+00 -0.100000000000E+01
  0.503807814242E+01  0.251903907121E+01  0.755711721363E+01
 -0.000000000000E+00  0.000000000000E+00  0.100000000000E+01
  0.100000000000E+01  0.000000000000E+00 -0.000000000000E+00
  0.000000000000E+00  0.100000000000E+01 -0.000000000000E+00
  0.503807814242E+01  0.251903907121E+01  0.755711721363E+01
  0.000000000000E+00  0.100000000000E+01 -0.000000000000E+00
  0.000000000000E+00 -0.000000000000E+00  0.100000000000E+01
  0.100000000000E+01 -0.000000000000E+00  0.000000000000E+00
  0.503807814242E+01  0.755711721363E+01  0.251903907121E+01
  0.000000000000E+00 -0.000000000000E+00  0.100000000000E+01
 -0.100000000000E+01 -0.000000000000E+00 -0.000000000000E+00
 -0.000000000000E+00 -0.100000000000E+01 -0.000000000000E+00
  0.503807814242E+01  0.503807814242E+01  0.000000000000E+00
  0.000000000000E+00 -0.100000000000E+01  0.000000000000E+00
  0.000000000000E+00  0.000000000000E+00 -0.100000000000E+01
  0.100000000000E+01  0.000000000000E+00 -0.000000000000E+00
  0.503807814242E+01  0.755711721363E+01  0.251903907121E+01
 -0.000000000000E+00 -0.000000000000E+00 -0.100000000000E+01
  0.100000000000E+01 -0.000000000000E+00  0.000000000000E+00
  0.000000000000E+00 -0.100000000000E+01  0.000000000000E+00
  0.503807814242E+01  0.251903907121E+01  0.755711721363E+01
 -0.000000000000E+00  0.100000000000E+01  0.000000000000E+00
 -0.000000000000E+00 -0.000000000000E+00 -0.100000000000E+01
 -0.100000000000E+01 -0.000000000000E+00 -0.000000000000E+00
  0.503807814242E+01  0.000000000000E+00  0.503807814242E+01
  0.000000000000E+00  0.000000000000E+00 -0.100000000000E+01
 -0.100000000000E+01  0.000000000000E+00  0.000000000000E+00
 -0.000000000000E+00  0.100000000000E+01  0.000000000000E+00
  0.503807814242E+01  0.503807814242E+01  0.000000000000E+00
 -0.000000000000E+00 -0.100000000000E+01 -0.000000000000E+00
 -0.000000000000E+00  0.000000000000E+00  0.100000000000E+01
 -0.100000000000E+01  0.000000000000E+00  0.000000000000E+00
  0.503807814242E+01  0.000000000000E+00  0.503807814242E+01
  0.000000000000E+00  0.000000000000E+00  0.100000000000E+01
  0.000000000000E+00 -0.100000000000E+01 -0.000000000000E+00
  0.100000000000E+01 -0.000000000000E+00 -0.000000000000E+00
  0.503807814242E+01  0.755711721363E+01  0.251903907121E+01
  0.100000000000E+01 -0.000000000000E+00 -0.000000000000E+00
 -0.000000000000E+00 -0.000000000000E+00  0.100000000000E+01
 -0.000000000000E+00 -0.100000000000E+01  0.000000000000E+00
  0.000000000000E+00  0.000000000000E+00  0.000000000000E+00
  0.100000000000E+01  0.000000000000E+00  0.000000000000E+00
 -0.000000000000E+00  0.000000000000E+00 -0.100000000000E+01
 -0.000000000000E+00  0.100000000000E+01 -0.000000000000E+00
  0.000000000000E+00  0.000000000000E+00  0.000000000000E+00
 -0.100000000000E+01  0.000000000000E+00 -0.000000000000E+00
  0.000000000000E+00  0.000000000000E+00  0.100000000000E+01
  0.000000000000E+00  0.100000000000E+01  0.000000000000E+00
  0.100761562848E+02  0.755711721363E+01  0.755711721363E+01
 -0.000000000000E+00 -0.000000000000E+00  0.100000000000E+01
 -0.000000000000E+00  0.100000000000E+01 -0.000000000000E+00
 -0.100000000000E+01  0.000000000000E+00 -0.000000000000E+00
  0.503807814242E+01  0.000000000000E+00  0.503807814242E+01
  0.000000000000E+00 -0.000000000000E+00 -0.100000000000E+01
  0.000000000000E+00  0.100000000000E+01  0.000000000000E+00
  0.100000000000E+01  0.000000000000E+00  0.000000000000E+00
  0.503807814242E+01  0.755711721363E+01  0.251903907121E+01
 -0.000000000000E+00  0.000000000000E+00 -0.100000000000E+01
 -0.000000000000E+00 -0.100000000000E+01  0.000000000000E+00
 -0.100000000000E+01 -0.000000000000E+00  0.000000000000E+00
  0.503807814242E+01  0.000000000000E+00  0.503807814242E+01
 -0.100000000000E+01 -0.000000000000E+00  0.000000000000E+00
  0.000000000000E+00 -0.000000000000E+00 -0.100000000000E+01
  0.000000000000E+00 -0.100000000000E+01 -0.000000000000E+00
  0.100761562848E+02  0.755711721363E+01  0.755711721363E+01
 -0.100000000000E+01  0.000000000000E+00 -0.000000000000E+00
  0.000000000000E+00 -0.100000000000E+01 -0.000000000000E+00
  0.000000000000E+00 -0.000000000000E+00 -0.100000000000E+01
  0.100761562848E+02  0.755711721363E+01  0.755711721363E+01
  0.000000000000E+00  0.100000000000E+01 -0.000000000000E+00
 -0.100000000000E+01 -0.000000000000E+00 -0.000000000000E+00
 -0.000000000000E+00 -0.000000000000E+00 -0.100000000000E+01
  0.503807814242E+01  0.503807814242E+01  0.000000000000E+00
 -0.000000000000E+00 -0.100000000000E+01 -0.000000000000E+00
  0.100000000000E+01  0.000000000000E+00 -0.000000000000E+00
  0.000000000000E+00  0.000000000000E+00 -0.100000000000E+01
  0.503807814242E+01  0.251903907121E+01  0.755711721363E+01
  0.100000000000E+01 -0.000000000000E+00 -0.000000000000E+00
 -0.000000000000E+00  0.100000000000E+01 -0.000000000000E+00
 -0.000000000000E+00  0.000000000000E+00 -0.100000000000E+01
  0.000000000000E+00  0.000000000000E+00  0.000000000000E+00
 -0.100000000000E+01 -0.000000000000E+00  0.000000000000E+00
  0.000000000000E+00  0.100000000000E+01  0.000000000000E+00
  0.000000000000E+00  0.000000000000E+00  0.100000000000E+01
  0.100761562848E+02  0.755711721363E+01  0.755711721363E+01
 -0.000000000000E+00  0.100000000000E+01  0.000000000000E+00
  0.100000000000E+01 -0.000000000000E+00  0.000000000000E+00
  0.000000000000E+00 -0.000000000000E+00  0.100000000000E+01
  0.503807814242E+01  0.251903907121E+01  0.755711721363E+01
  0.100000000000E+01  0.000000000000E+00  0.000000000000E+00
 -0.000000000000E+00 -0.100000000000E+01  0.000000000000E+00
 -0.000000000000E+00 -0.000000000000E+00  0.100000000000E+01
  0.000000000000E+00  0.000000000000E+00  0.000000000000E+00
  0.000000000000E+00 -0.100000000000E+01  0.000000000000E+00
 -0.100000000000E+01  0.000000000000E+00  0.000000000000E+00
 -0.000000000000E+00  0.000000000000E+00  0.100000000000E+01
  0.503807814242E+01  0.503807814242E+01  0.000000000000E+00
  0.000000000000E+00 -0.000000000000E+00 -0.100000000000E+01
 -0.100000000000E+01 -0.000000000000E+00  0.000000000000E+00
 -0.000000000000E+00 -0.100000000000E+01  0.000000000000E+00
  0.503807814242E+01  0.503807814242E+01  0.000000000000E+00
 -0.000000000000E+00 -0.100000000000E+01  0.000000000000E+00
 -0.000000000000E+00  0.000000000000E+00 -0.100000000000E+01
 -0.100000000000E+01  0.000000000000E+00 -0.000000000000E+00
  0.503807814242E+01  0.000000000000E+00  0.503807814242E+01
 -0.000000000000E+00  0.000000000000E+00 -0.100000000000E+01
  0.100000000000E+01  0.000000000000E+00  0.000000000000E+00
  0.000000000000E+00  0.100000000000E+01  0.000000000000E+00
  0.503807814242E+01  0.251903907121E+01  0.755711721363E+01
 -0.000000000000E+00  0.100000000000E+01 -0.000000000000E+00
 -0.000000000000E+00 -0.000000000000E+00  0.100000000000E+01
 -0.100000000000E+01 -0.000000000000E+00  0.000000000000E+00
  0.503807814242E+01  0.000000000000E+00  0.503807814242E+01
  0.000000000000E+00  0.000000000000E+00  0.100000000000E+01
 -0.100000000000E+01  0.000000000000E+00 -0.000000000000E+00
 -0.000000000000E+00  0.100000000000E+01 -0.000000000000E+00
  0.503807814242E+01  0.503807814242E+01  0.000000000000E+00
  0.000000000000E+00 -0.100000000000E+01 -0.000000000000E+00
  0.000000000000E+00  0.000000000000E+00  0.100000000000E+01
  0.100000000000E+01  0.000000000000E+00  0.000000000000E+00
  0.503807814242E+01  0.755711721363E+01  0.251903907121E+01
 -0.000000000000E+00 -0.000000000000E+00  0.100000000000E+01
  0.100000000000E+01 -0.000000000000E+00 -0.000000000000E+00
  0.000000000000E+00 -0.100000000000E+01 -0.000000000000E+00
  0.503807814242E+01  0.251903907121E+01  0.755711721363E+01
  0.000000000000E+00  0.100000000000E+01  0.000000000000E+00
  0.000000000000E+00 -0.000000000000E+00 -0.100000000000E+01
  0.100000000000E+01 -0.000000000000E+00 -0.000000000000E+00
  0.503807814242E+01  0.755711721363E+01  0.251903907121E+01
 -0.000000000000E+00 -0.000000000000E+00 -0.100000000000E+01
 -0.000000000000E+00  0.100000000000E+01  0.000000000000E+00
 -0.100000000000E+01  0.000000000000E+00  0.000000000000E+00
  0.503807814242E+01  0.000000000000E+00  0.503807814242E+01
 -0.100000000000E+01  0.000000000000E+00  0.000000000000E+00
  0.000000000000E+00  0.000000000000E+00 -0.100000000000E+01
  0.000000000000E+00  0.100000000000E+01 -0.000000000000E+00
  0.100761562848E+02  0.755711721363E+01  0.755711721363E+01
 -0.100000000000E+01 -0.000000000000E+00 -0.000000000000E+00
  0.000000000000E+00 -0.000000000000E+00  0.100000000000E+01
  0.000000000000E+00 -0.100000000000E+01  0.000000000000E+00
  0.100761562848E+02  0.755711721363E+01  0.755711721363E+01
  0.100000000000E+01 -0.000000000000E+00  0.000000000000E+00
 -0.000000000000E+00 -0.000000000000E+00 -0.100000000000E+01
 -0.000000000000E+00 -0.100000000000E+01 -0.000000000000E+00
  0.000000000000E+00  0.000000000000E+00  0.000000000000E+00
  0.000000000000E+00  0.000000000000E+00 -0.100000000000E+01
  0.000000000000E+00 -0.100000000000E+01  0.000000000000E+00
  0.100000000000E+01 -0.000000000000E+00  0.000000000000E+00
  0.503807814242E+01  0.755711721363E+01  0.251903907121E+01
 -0.000000000000E+00  0.000000000000E+00  0.100000000000E+01
 -0.000000000000E+00 -0.100000000000E+01 -0.000000000000E+00
 -0.100000000000E+01 -0.000000000000E+00 -0.000000000000E+00
  0.503807814242E+01  0.000000000000E+00  0.503807814242E+01
  0.000000000000E+00 -0.000000000000E+00  0.100000000000E+01
  0.000000000000E+00  0.100000000000E+01 -0.000000000000E+00
  0.100000000000E+01  0.000000000000E+00 -0.000000000000E+00
  0.503807814242E+01  0.755711721363E+01  0.251903907121E+01
  0.100000000000E+01  0.000000000000E+00 -0.000000000000E+00
 -0.000000000000E+00  0.000000000000E+00  0.100000000000E+01
 -0.000000000000E+00  0.100000000000E+01  0.000000000000E+00
  0.000000000000E+00  0.000000000000E+00  0.000000000000E+00
   54
    3     -0.007366137604      0.000000000000      0.000000000000
    3      2.541278308278      2.496799834142     -0.000000000000
    3     -2.519039071210     -2.511672933606      0.000000000000
    3      2.541278308278      0.000000000000      2.496799834142
    3      5.038078142421      2.496799834142      2.496799834142
   22     -0.046548322263     -2.472490748948      2.472490748948
    3     -2.519039071210      0.000000000000     -2.511672933606
   22     -0.046548322263      2.472490748948     -2.472490748948
   22     -4.991529820158     -2.472490748948     -2.472490748948
   22     -0.046548322263      2.472490748948      2.472490748948
   22      2.565587393473      5.084626464683      2.472490748948
    3     -2.519039071210      0.000000000000      2.511672933606
   22      2.565587393473      2.472490748948      5.084626464683
    3      5.038078142421      5.060317379489      5.060317379489
    3     -0.022239237068      0.000000000000      5.060317379489
    3     -2.519039071210      2.511672933606      0.000000000000
    3     -0.022239237068      5.060317379489      0.000000000000
    3     -5.030712004816     -0.000000000000      0.000000000000
   22     -0.046548322263     -2.472490748948     -2.472490748948
    3      2.541278308278     -0.000000000000     -2.496799834142
    3     -2.519039071210     -5.060317379489     -2.496799834142
    3      2.541278308278     -2.496799834142     -0.000000000000
   22      5.038078142421     -0.000000000000     -0.000000000000
    3     -0.022239237068     -5.060317379489     -0.000000000000
    3     -2.519039071210     -2.496799834142     -5.060317379489
    3     -0.022239237068     -0.000000000000     -5.060317379489
   22     -4.991529820158     -5.084626464683     -5.084626464683
   16      2.448031491540      2.590046650881      2.590046650881
   16      5.038078142421      5.033146642622      2.523970571009
   16      0.004931499799     -0.000000000000      2.523970571009
   16      5.038078142421      2.523970571009      5.033146642622
   16      7.628124793301      4.967070562750      4.967070562750
   16      2.514107571412     -0.000000000000      5.033146642622
   16      0.004931499799      2.523970571009     -0.000000000000
   16      2.514107571412      5.033146642622      0.000000000000
   16     -2.519039071210     -0.000000000000     -0.000000000000
   16      2.448031491540      4.967070562750      4.967070562750
   16      5.038078142421      7.557117213631      5.108751232299
   16      0.071007579670      2.590046650881      4.967070562750
   16      5.038078142421      5.108751232299      7.557117213631
   16      7.486444123752      7.557117213631      7.557117213631
   16      2.514107571412      2.523970571009      7.557117213631
   16      0.071007579670      4.967070562750      2.590046650881
   16      2.514107571412      7.557117213631      2.523970571009
   16     -2.519039071210      2.523970571009      2.523970571009
   16      2.589712161089     -0.000000000000     -0.000000000000
   16      5.038078142421      2.448365981332     -0.000000000000
   16      0.004931499799     -2.523970571009     -0.000000000000
   16      5.038078142421     -0.000000000000      2.448365981332
   16      7.628124793301      2.590046650881      2.590046650881
   16      2.448031491540     -2.590046650881      2.590046650881
   16      0.004931499799     -0.000000000000     -2.523970571009
   16      2.448031491540      2.590046650881     -2.590046650881
   16     -2.519039071210     -2.523970571009     -2.523970571009
  225   48
