   3   1   1 E -1.8527572279901E+04 DE 1.2E-08(  5)
  0.000000000000E+00  0.746729731200E+01  0.746729731200E+01
  0.746729731200E+01  0.000000000000E+00  0.746729731200E+01
  0.746729731200E+01  0.746729731200E+01  0.000000000000E+00
   48
  0.100000000000E+01 -0.000000000000E+00  0.000000000000E+00
 -0.000000000000E+00  0.100000000000E+01  0.000000000000E+00
 -0.000000000000E+00  0.000000000000E+00  0.100000000000E+01
  0.000000000000E+00  0.000000000000E+00  0.000000000000E+00
 -0.000000000000E+00 -0.100000000000E+01  0.000000000000E+00
  0.100000000000E+01  0.000000000000E+00  0.000000000000E+00
  0.000000000000E+00  0.000000000000E+00  0.100000000000E+01
  0.497819820800E+01  0.248909910400E+01  0.746729731200E+01
  0.000000000000E+00  0.100000000000E+01  0.000000000000E+00
 -0.100000000000E+01 -0.000000000000E+00  0.000000000000E+00
 -0.000000000000E+00 -0.000000000000E+00  0.100000000000E+01
  0.497819820800E+01  0.497819820800E+01  0.000000000000E+00
 -0.100000000000E+01  0.000000000000E+00  0.000000000000E+00
  0.000000000000E+00 -0.100000000000E+01  0.000000000000E+00
  0.000000000000E+00 -0.000000000000E+00  0.100000000000E+01
  0.995639641600E+01  0.746729731200E+01  0.746729731200E+01
  0.100000000000E+01  0.000000000000E+00 -0.000000000000E+00
 -0.000000000000E+00 -0.100000000000E+01 -0.000000000000E+00
 -0.000000000000E+00 -0.000000000000E+00 -0.100000000000E+01
  0.000000000000E+00  0.000000000000E+00  0.000000000000E+00
  0.000000000000E+00 -0.100000000000E+01 -0.000000000000E+00
 -0.100000000000E+01  0.000000000000E+00 -0.000000000000E+00
 -0.000000000000E+00  0.000000000000E+00 -0.100000000000E+01
  0.497819820800E+01  0.497819820800E+01  0.000000000000E+00
 -0.100000000000E+01 -0.000000000000E+00 -0.000000000000E+00
  0.000000000000E+00  0.100000000000E+01 -0.000000000000E+00
  0.000000000000E+00  0.000000000000E+00 -0.100000000000E+01
  0.995639641600E+01  0.746729731200E+01  0.746729731200E+01
 -0.000000000000E+00  0.100000000000E+01 -0.000000000000E+00
  0.100000000000E+01 -0.000000000000E+00 -0.000000000000E+00
  0.000000000000E+00 -0.000000000000E+00 -0.100000000000E+01
  0.497819820800E+01  0.248909910400E+01  0.746729731200E+01
 -0.000000000000E+00  0.000000000000E+00  0.100000000000E+01
  0.100000000000E+01  0.000000000000E+00 -0.000000000000E+00
  0.000000000000E+00  0.100000000000E+01 -0.000000000000E+00
  0.497819820800E+01  0.248909910400E+01  0.746729731200E+01
  0.000000000000E+00  0.100000000000E+01 -0.000000000000E+00
  0.000000000000E+00 -0.000000000000E+00  0.100000000000E+01
  0.100000000000E+01 -0.000000000000E+00  0.000000000000E+00
  0.497819820800E+01  0.746729731200E+01  0.248909910400E+01
  0.000000000000E+00 -0.000000000000E+00  0.100000000000E+01
 -0.100000000000E+01 -0.000000000000E+00 -0.000000000000E+00
 -0.000000000000E+00 -0.100000000000E+01 -0.000000000000E+00
  0.497819820800E+01  0.497819820800E+01  0.000000000000E+00
  0.000000000000E+00 -0.100000000000E+01  0.000000000000E+00
  0.000000000000E+00  0.000000000000E+00 -0.100000000000E+01
  0.100000000000E+01  0.000000000000E+00 -0.000000000000E+00
  0.497819820800E+01  0.746729731200E+01  0.248909910400E+01
 -0.000000000000E+00 -0.000000000000E+00 -0.100000000000E+01
  0.100000000000E+01 -0.000000000000E+00  0.000000000000E+00
  0.000000000000E+00 -0.100000000000E+01  0.000000000000E+00
  0.497819820800E+01  0.248909910400E+01  0.746729731200E+01
 -0.000000000000E+00  0.100000000000E+01  0.000000000000E+00
 -0.000000000000E+00 -0.000000000000E+00 -0.100000000000E+01
 -0.100000000000E+01 -0.000000000000E+00 -0.000000000000E+00
  0.497819820800E+01  0.000000000000E+00  0.497819820800E+01
  0.000000000000E+00  0.000000000000E+00 -0.100000000000E+01
 -0.100000000000E+01  0.000000000000E+00  0.000000000000E+00
 -0.000000000000E+00  0.100000000000E+01  0.000000000000E+00
  0.497819820800E+01  0.497819820800E+01  0.000000000000E+00
 -0.000000000000E+00 -0.100000000000E+01 -0.000000000000E+00
 -0.000000000000E+00  0.000000000000E+00  0.100000000000E+01
 -0.100000000000E+01  0.000000000000E+00  0.000000000000E+00
  0.497819820800E+01  0.000000000000E+00  0.497819820800E+01
  0.000000000000E+00  0.000000000000E+00  0.100000000000E+01
  0.000000000000E+00 -0.100000000000E+01 -0.000000000000E+00
  0.100000000000E+01 -0.000000000000E+00 -0.000000000000E+00
  0.497819820800E+01  0.746729731200E+01  0.248909910400E+01
  0.100000000000E+01 -0.000000000000E+00 -0.000000000000E+00
 -0.000000000000E+00 -0.000000000000E+00  0.100000000000E+01
 -0.000000000000E+00 -0.100000000000E+01  0.000000000000E+00
  0.000000000000E+00  0.000000000000E+00  0.000000000000E+00
  0.100000000000E+01  0.000000000000E+00  0.000000000000E+00
 -0.000000000000E+00  0.000000000000E+00 -0.100000000000E+01
 -0.000000000000E+00  0.100000000000E+01 -0.000000000000E+00
  0.000000000000E+00  0.000000000000E+00  0.000000000000E+00
 -0.100000000000E+01  0.000000000000E+00 -0.000000000000E+00
  0.000000000000E+00  0.000000000000E+00  0.100000000000E+01
  0.000000000000E+00  0.100000000000E+01  0.000000000000E+00
  0.995639641600E+01  0.746729731200E+01  0.746729731200E+01
 -0.000000000000E+00 -0.000000000000E+00  0.100000000000E+01
 -0.000000000000E+00  0.100000000000E+01 -0.000000000000E+00
 -0.100000000000E+01  0.000000000000E+00 -0.000000000000E+00
  0.497819820800E+01  0.000000000000E+00  0.497819820800E+01
  0.000000000000E+00 -0.000000000000E+00 -0.100000000000E+01
  0.000000000000E+00  0.100000000000E+01  0.000000000000E+00
  0.100000000000E+01  0.000000000000E+00  0.000000000000E+00
  0.497819820800E+01  0.746729731200E+01  0.248909910400E+01
 -0.000000000000E+00  0.000000000000E+00 -0.100000000000E+01
 -0.000000000000E+00 -0.100000000000E+01  0.000000000000E+00
 -0.100000000000E+01 -0.000000000000E+00  0.000000000000E+00
  0.497819820800E+01  0.000000000000E+00  0.497819820800E+01
 -0.100000000000E+01 -0.000000000000E+00  0.000000000000E+00
  0.000000000000E+00 -0.000000000000E+00 -0.100000000000E+01
  0.000000000000E+00 -0.100000000000E+01 -0.000000000000E+00
  0.995639641600E+01  0.746729731200E+01  0.746729731200E+01
 -0.100000000000E+01  0.000000000000E+00 -0.000000000000E+00
  0.000000000000E+00 -0.100000000000E+01 -0.000000000000E+00
  0.000000000000E+00 -0.000000000000E+00 -0.100000000000E+01
  0.995639641600E+01  0.746729731200E+01  0.746729731200E+01
  0.000000000000E+00  0.100000000000E+01 -0.000000000000E+00
 -0.100000000000E+01 -0.000000000000E+00 -0.000000000000E+00
 -0.000000000000E+00 -0.000000000000E+00 -0.100000000000E+01
  0.497819820800E+01  0.497819820800E+01  0.000000000000E+00
 -0.000000000000E+00 -0.100000000000E+01 -0.000000000000E+00
  0.100000000000E+01  0.000000000000E+00 -0.000000000000E+00
  0.000000000000E+00  0.000000000000E+00 -0.100000000000E+01
  0.497819820800E+01  0.248909910400E+01  0.746729731200E+01
  0.100000000000E+01 -0.000000000000E+00 -0.000000000000E+00
 -0.000000000000E+00  0.100000000000E+01 -0.000000000000E+00
 -0.000000000000E+00  0.000000000000E+00 -0.100000000000E+01
  0.000000000000E+00  0.000000000000E+00  0.000000000000E+00
 -0.100000000000E+01 -0.000000000000E+00  0.000000000000E+00
  0.000000000000E+00  0.100000000000E+01  0.000000000000E+00
  0.000000000000E+00  0.000000000000E+00  0.100000000000E+01
  0.995639641600E+01  0.746729731200E+01  0.746729731200E+01
 -0.000000000000E+00  0.100000000000E+01  0.000000000000E+00
  0.100000000000E+01 -0.000000000000E+00  0.000000000000E+00
  0.000000000000E+00 -0.000000000000E+00  0.100000000000E+01
  0.497819820800E+01  0.248909910400E+01  0.746729731200E+01
  0.100000000000E+01  0.000000000000E+00  0.000000000000E+00
 -0.000000000000E+00 -0.100000000000E+01  0.000000000000E+00
 -0.000000000000E+00 -0.000000000000E+00  0.100000000000E+01
  0.000000000000E+00  0.000000000000E+00  0.000000000000E+00
  0.000000000000E+00 -0.100000000000E+01  0.000000000000E+00
 -0.100000000000E+01  0.000000000000E+00  0.000000000000E+00
 -0.000000000000E+00  0.000000000000E+00  0.100000000000E+01
  0.497819820800E+01  0.497819820800E+01  0.000000000000E+00
  0.000000000000E+00 -0.000000000000E+00 -0.100000000000E+01
 -0.100000000000E+01 -0.000000000000E+00  0.000000000000E+00
 -0.000000000000E+00 -0.100000000000E+01  0.000000000000E+00
  0.497819820800E+01  0.497819820800E+01  0.000000000000E+00
 -0.000000000000E+00 -0.100000000000E+01  0.000000000000E+00
 -0.000000000000E+00  0.000000000000E+00 -0.100000000000E+01
 -0.100000000000E+01  0.000000000000E+00 -0.000000000000E+00
  0.497819820800E+01  0.000000000000E+00  0.497819820800E+01
 -0.000000000000E+00  0.000000000000E+00 -0.100000000000E+01
  0.100000000000E+01  0.000000000000E+00  0.000000000000E+00
  0.000000000000E+00  0.100000000000E+01  0.000000000000E+00
  0.497819820800E+01  0.248909910400E+01  0.746729731200E+01
 -0.000000000000E+00  0.100000000000E+01 -0.000000000000E+00
 -0.000000000000E+00 -0.000000000000E+00  0.100000000000E+01
 -0.100000000000E+01 -0.000000000000E+00  0.000000000000E+00
  0.497819820800E+01  0.000000000000E+00  0.497819820800E+01
  0.000000000000E+00  0.000000000000E+00  0.100000000000E+01
 -0.100000000000E+01  0.000000000000E+00 -0.000000000000E+00
 -0.000000000000E+00  0.100000000000E+01 -0.000000000000E+00
  0.497819820800E+01  0.497819820800E+01  0.000000000000E+00
  0.000000000000E+00 -0.100000000000E+01 -0.000000000000E+00
  0.000000000000E+00  0.000000000000E+00  0.100000000000E+01
  0.100000000000E+01  0.000000000000E+00  0.000000000000E+00
  0.497819820800E+01  0.746729731200E+01  0.248909910400E+01
 -0.000000000000E+00 -0.000000000000E+00  0.100000000000E+01
  0.100000000000E+01 -0.000000000000E+00 -0.000000000000E+00
  0.000000000000E+00 -0.100000000000E+01 -0.000000000000E+00
  0.497819820800E+01  0.248909910400E+01  0.746729731200E+01
  0.000000000000E+00  0.100000000000E+01  0.000000000000E+00
  0.000000000000E+00 -0.000000000000E+00 -0.100000000000E+01
  0.100000000000E+01 -0.000000000000E+00 -0.000000000000E+00
  0.497819820800E+01  0.746729731200E+01  0.248909910400E+01
 -0.000000000000E+00 -0.000000000000E+00 -0.100000000000E+01
 -0.000000000000E+00  0.100000000000E+01  0.000000000000E+00
 -0.100000000000E+01  0.000000000000E+00  0.000000000000E+00
  0.497819820800E+01  0.000000000000E+00  0.497819820800E+01
 -0.100000000000E+01  0.000000000000E+00  0.000000000000E+00
  0.000000000000E+00  0.000000000000E+00 -0.100000000000E+01
  0.000000000000E+00  0.100000000000E+01 -0.000000000000E+00
  0.995639641600E+01  0.746729731200E+01  0.746729731200E+01
 -0.100000000000E+01 -0.000000000000E+00 -0.000000000000E+00
  0.000000000000E+00 -0.000000000000E+00  0.100000000000E+01
  0.000000000000E+00 -0.100000000000E+01  0.000000000000E+00
  0.995639641600E+01  0.746729731200E+01  0.746729731200E+01
  0.100000000000E+01 -0.000000000000E+00  0.000000000000E+00
 -0.000000000000E+00 -0.000000000000E+00 -0.100000000000E+01
 -0.000000000000E+00 -0.100000000000E+01 -0.000000000000E+00
  0.000000000000E+00  0.000000000000E+00  0.000000000000E+00
  0.000000000000E+00  0.000000000000E+00 -0.100000000000E+01
  0.000000000000E+00 -0.100000000000E+01  0.000000000000E+00
  0.100000000000E+01 -0.000000000000E+00  0.000000000000E+00
  0.497819820800E+01  0.746729731200E+01  0.248909910400E+01
 -0.000000000000E+00  0.000000000000E+00  0.100000000000E+01
 -0.000000000000E+00 -0.100000000000E+01 -0.000000000000E+00
 -0.100000000000E+01 -0.000000000000E+00 -0.000000000000E+00
  0.497819820800E+01  0.000000000000E+00  0.497819820800E+01
  0.000000000000E+00 -0.000000000000E+00  0.100000000000E+01
  0.000000000000E+00  0.100000000000E+01 -0.000000000000E+00
  0.100000000000E+01  0.000000000000E+00 -0.000000000000E+00
  0.497819820800E+01  0.746729731200E+01  0.248909910400E+01
  0.100000000000E+01  0.000000000000E+00 -0.000000000000E+00
 -0.000000000000E+00  0.000000000000E+00  0.100000000000E+01
 -0.000000000000E+00  0.100000000000E+01  0.000000000000E+00
  0.000000000000E+00  0.000000000000E+00  0.000000000000E+00
   54
    3     -0.085645677719      0.000000000000      0.000000000000
    3      2.640707866969      2.337490341029     -0.000000000000
    3     -2.489099103999     -2.403453426280      0.000000000000
    3      2.640707866969      0.000000000000      2.337490341029
    3      4.978198207998      2.337490341029      2.337490341029
   22     -0.080468467724     -2.408630636275      2.408630636275
    3     -2.489099103999      0.000000000000     -2.403453426280
   22     -0.080468467724      2.408630636275     -2.408630636275
   22     -4.897729740274     -2.408630636275     -2.408630636275
   22     -0.080468467724      2.408630636275      2.408630636275
   22      2.569567571723      5.058666675722      2.408630636275
    3     -2.489099103999      0.000000000000      2.403453426280
   22      2.569567571723      2.408630636275      5.058666675722
    3      4.978198207998      5.129806970968      5.129806970968
    3     -0.151608762970      0.000000000000      5.129806970968
    3     -2.489099103999      2.403453426280      0.000000000000
    3     -0.151608762970      5.129806970968      0.000000000000
    3     -4.892552530279     -0.000000000000      0.000000000000
   22     -0.080468467724     -2.408630636275     -2.408630636275
    3      2.640707866969     -0.000000000000     -2.337490341029
    3     -2.489099103999     -5.129806970968     -2.337490341029
    3      2.640707866969     -2.337490341029     -0.000000000000
   22      4.978198207998     -0.000000000000     -0.000000000000
    3     -0.151608762970     -5.129806970968     -0.000000000000
    3     -2.489099103999     -2.337490341029     -5.129806970968
    3     -0.151608762970     -0.000000000000     -5.129806970968
   22     -4.897729740274     -5.058666675722     -5.058666675722
   16      2.386294157010      2.591904050988      2.591904050988
   16      4.978198207998      4.926053717378      2.541243594619
   16      0.052144490620     -0.000000000000      2.541243594619
   16      4.978198207998      2.541243594619      4.926053717378
   16      7.570102258986      4.875393261009      4.875393261009
   16      2.436954613379     -0.000000000000      4.926053717378
   16      0.052144490620      2.541243594619     -0.000000000000
   16      2.436954613379      4.926053717378      0.000000000000
   16     -2.489099103999     -0.000000000000     -0.000000000000
   16      2.386294157010      4.875393261009      4.875393261009
   16      4.978198207998      7.467297311997      5.022043596396
   16      0.102804946989      2.591904050988      4.875393261009
   16      4.978198207998      5.022043596396      7.467297311997
   16      7.423451923599      7.467297311997      7.467297311997
   16      2.436954613379      2.541243594619      7.467297311997
   16      0.102804946989      4.875393261009      2.591904050988
   16      2.436954613379      7.467297311997      2.541243594619
   16     -2.489099103999      2.541243594619      2.541243594619
   16      2.532944492397     -0.000000000000     -0.000000000000
   16      4.978198207998      2.445253715601     -0.000000000000
   16      0.052144490620     -2.541243594619     -0.000000000000
   16      4.978198207998     -0.000000000000      2.445253715601
   16      7.570102258986      2.591904050988      2.591904050988
   16      2.386294157010     -2.591904050988      2.591904050988
   16      0.052144490620     -0.000000000000     -2.541243594619
   16      2.386294157010      2.591904050988     -2.591904050988
   16     -2.489099103999     -2.541243594619     -2.541243594619
  225   48
