   3   1   1 E -1.8527572280111E+04 DE 6.2E-08(  6)
  0.000000000000E+00  0.746735202600E+01  0.746735202600E+01
  0.746735202600E+01  0.000000000000E+00  0.746735202600E+01
  0.746735202600E+01  0.746735202600E+01  0.000000000000E+00
   48
  0.100000000000E+01 -0.000000000000E+00  0.000000000000E+00
 -0.000000000000E+00  0.100000000000E+01  0.000000000000E+00
 -0.000000000000E+00  0.000000000000E+00  0.100000000000E+01
  0.000000000000E+00  0.000000000000E+00  0.000000000000E+00
 -0.000000000000E+00 -0.100000000000E+01  0.000000000000E+00
  0.100000000000E+01  0.000000000000E+00  0.000000000000E+00
  0.000000000000E+00  0.000000000000E+00  0.100000000000E+01
  0.497823468400E+01  0.248911734200E+01  0.746735202600E+01
  0.000000000000E+00  0.100000000000E+01  0.000000000000E+00
 -0.100000000000E+01 -0.000000000000E+00  0.000000000000E+00
 -0.000000000000E+00 -0.000000000000E+00  0.100000000000E+01
  0.497823468400E+01  0.497823468400E+01  0.000000000000E+00
 -0.100000000000E+01  0.000000000000E+00  0.000000000000E+00
  0.000000000000E+00 -0.100000000000E+01  0.000000000000E+00
  0.000000000000E+00 -0.000000000000E+00  0.100000000000E+01
  0.995646936800E+01  0.746735202600E+01  0.746735202600E+01
  0.100000000000E+01  0.000000000000E+00 -0.000000000000E+00
 -0.000000000000E+00 -0.100000000000E+01 -0.000000000000E+00
 -0.000000000000E+00 -0.000000000000E+00 -0.100000000000E+01
  0.000000000000E+00  0.000000000000E+00  0.000000000000E+00
  0.000000000000E+00 -0.100000000000E+01 -0.000000000000E+00
 -0.100000000000E+01  0.000000000000E+00 -0.000000000000E+00
 -0.000000000000E+00  0.000000000000E+00 -0.100000000000E+01
  0.497823468400E+01  0.497823468400E+01  0.000000000000E+00
 -0.100000000000E+01 -0.000000000000E+00 -0.000000000000E+00
  0.000000000000E+00  0.100000000000E+01 -0.000000000000E+00
  0.000000000000E+00  0.000000000000E+00 -0.100000000000E+01
  0.995646936800E+01  0.746735202600E+01  0.746735202600E+01
 -0.000000000000E+00  0.100000000000E+01 -0.000000000000E+00
  0.100000000000E+01 -0.000000000000E+00 -0.000000000000E+00
  0.000000000000E+00 -0.000000000000E+00 -0.100000000000E+01
  0.497823468400E+01  0.248911734200E+01  0.746735202600E+01
 -0.000000000000E+00  0.000000000000E+00  0.100000000000E+01
  0.100000000000E+01  0.000000000000E+00 -0.000000000000E+00
  0.000000000000E+00  0.100000000000E+01 -0.000000000000E+00
  0.497823468400E+01  0.248911734200E+01  0.746735202600E+01
  0.000000000000E+00  0.100000000000E+01 -0.000000000000E+00
  0.000000000000E+00 -0.000000000000E+00  0.100000000000E+01
  0.100000000000E+01 -0.000000000000E+00  0.000000000000E+00
  0.497823468400E+01  0.746735202600E+01  0.248911734200E+01
  0.000000000000E+00 -0.000000000000E+00  0.100000000000E+01
 -0.100000000000E+01 -0.000000000000E+00 -0.000000000000E+00
 -0.000000000000E+00 -0.100000000000E+01 -0.000000000000E+00
  0.497823468400E+01  0.497823468400E+01  0.000000000000E+00
  0.000000000000E+00 -0.100000000000E+01  0.000000000000E+00
  0.000000000000E+00  0.000000000000E+00 -0.100000000000E+01
  0.100000000000E+01  0.000000000000E+00 -0.000000000000E+00
  0.497823468400E+01  0.746735202600E+01  0.248911734200E+01
 -0.000000000000E+00 -0.000000000000E+00 -0.100000000000E+01
  0.100000000000E+01 -0.000000000000E+00  0.000000000000E+00
  0.000000000000E+00 -0.100000000000E+01  0.000000000000E+00
  0.497823468400E+01  0.248911734200E+01  0.746735202600E+01
 -0.000000000000E+00  0.100000000000E+01  0.000000000000E+00
 -0.000000000000E+00 -0.000000000000E+00 -0.100000000000E+01
 -0.100000000000E+01 -0.000000000000E+00 -0.000000000000E+00
  0.497823468400E+01  0.000000000000E+00  0.497823468400E+01
  0.000000000000E+00  0.000000000000E+00 -0.100000000000E+01
 -0.100000000000E+01  0.000000000000E+00  0.000000000000E+00
 -0.000000000000E+00  0.100000000000E+01  0.000000000000E+00
  0.497823468400E+01  0.497823468400E+01  0.000000000000E+00
 -0.000000000000E+00 -0.100000000000E+01 -0.000000000000E+00
 -0.000000000000E+00  0.000000000000E+00  0.100000000000E+01
 -0.100000000000E+01  0.000000000000E+00  0.000000000000E+00
  0.497823468400E+01  0.000000000000E+00  0.497823468400E+01
  0.000000000000E+00  0.000000000000E+00  0.100000000000E+01
  0.000000000000E+00 -0.100000000000E+01 -0.000000000000E+00
  0.100000000000E+01 -0.000000000000E+00 -0.000000000000E+00
  0.497823468400E+01  0.746735202600E+01  0.248911734200E+01
  0.100000000000E+01 -0.000000000000E+00 -0.000000000000E+00
 -0.000000000000E+00 -0.000000000000E+00  0.100000000000E+01
 -0.000000000000E+00 -0.100000000000E+01  0.000000000000E+00
  0.000000000000E+00  0.000000000000E+00  0.000000000000E+00
  0.100000000000E+01  0.000000000000E+00  0.000000000000E+00
 -0.000000000000E+00  0.000000000000E+00 -0.100000000000E+01
 -0.000000000000E+00  0.100000000000E+01 -0.000000000000E+00
  0.000000000000E+00  0.000000000000E+00  0.000000000000E+00
 -0.100000000000E+01  0.000000000000E+00 -0.000000000000E+00
  0.000000000000E+00  0.000000000000E+00  0.100000000000E+01
  0.000000000000E+00  0.100000000000E+01  0.000000000000E+00
  0.995646936800E+01  0.746735202600E+01  0.746735202600E+01
 -0.000000000000E+00 -0.000000000000E+00  0.100000000000E+01
 -0.000000000000E+00  0.100000000000E+01 -0.000000000000E+00
 -0.100000000000E+01  0.000000000000E+00 -0.000000000000E+00
  0.497823468400E+01  0.000000000000E+00  0.497823468400E+01
  0.000000000000E+00 -0.000000000000E+00 -0.100000000000E+01
  0.000000000000E+00  0.100000000000E+01  0.000000000000E+00
  0.100000000000E+01  0.000000000000E+00  0.000000000000E+00
  0.497823468400E+01  0.746735202600E+01  0.248911734200E+01
 -0.000000000000E+00  0.000000000000E+00 -0.100000000000E+01
 -0.000000000000E+00 -0.100000000000E+01  0.000000000000E+00
 -0.100000000000E+01 -0.000000000000E+00  0.000000000000E+00
  0.497823468400E+01  0.000000000000E+00  0.497823468400E+01
 -0.100000000000E+01 -0.000000000000E+00  0.000000000000E+00
  0.000000000000E+00 -0.000000000000E+00 -0.100000000000E+01
  0.000000000000E+00 -0.100000000000E+01 -0.000000000000E+00
  0.995646936800E+01  0.746735202600E+01  0.746735202600E+01
 -0.100000000000E+01  0.000000000000E+00 -0.000000000000E+00
  0.000000000000E+00 -0.100000000000E+01 -0.000000000000E+00
  0.000000000000E+00 -0.000000000000E+00 -0.100000000000E+01
  0.995646936800E+01  0.746735202600E+01  0.746735202600E+01
  0.000000000000E+00  0.100000000000E+01 -0.000000000000E+00
 -0.100000000000E+01 -0.000000000000E+00 -0.000000000000E+00
 -0.000000000000E+00 -0.000000000000E+00 -0.100000000000E+01
  0.497823468400E+01  0.497823468400E+01  0.000000000000E+00
 -0.000000000000E+00 -0.100000000000E+01 -0.000000000000E+00
  0.100000000000E+01  0.000000000000E+00 -0.000000000000E+00
  0.000000000000E+00  0.000000000000E+00 -0.100000000000E+01
  0.497823468400E+01  0.248911734200E+01  0.746735202600E+01
  0.100000000000E+01 -0.000000000000E+00 -0.000000000000E+00
 -0.000000000000E+00  0.100000000000E+01 -0.000000000000E+00
 -0.000000000000E+00  0.000000000000E+00 -0.100000000000E+01
  0.000000000000E+00  0.000000000000E+00  0.000000000000E+00
 -0.100000000000E+01 -0.000000000000E+00  0.000000000000E+00
  0.000000000000E+00  0.100000000000E+01  0.000000000000E+00
  0.000000000000E+00  0.000000000000E+00  0.100000000000E+01
  0.995646936800E+01  0.746735202600E+01  0.746735202600E+01
 -0.000000000000E+00  0.100000000000E+01  0.000000000000E+00
  0.100000000000E+01 -0.000000000000E+00  0.000000000000E+00
  0.000000000000E+00 -0.000000000000E+00  0.100000000000E+01
  0.497823468400E+01  0.248911734200E+01  0.746735202600E+01
  0.100000000000E+01  0.000000000000E+00  0.000000000000E+00
 -0.000000000000E+00 -0.100000000000E+01  0.000000000000E+00
 -0.000000000000E+00 -0.000000000000E+00  0.100000000000E+01
  0.000000000000E+00  0.000000000000E+00  0.000000000000E+00
  0.000000000000E+00 -0.100000000000E+01  0.000000000000E+00
 -0.100000000000E+01  0.000000000000E+00  0.000000000000E+00
 -0.000000000000E+00  0.000000000000E+00  0.100000000000E+01
  0.497823468400E+01  0.497823468400E+01  0.000000000000E+00
  0.000000000000E+00 -0.000000000000E+00 -0.100000000000E+01
 -0.100000000000E+01 -0.000000000000E+00  0.000000000000E+00
 -0.000000000000E+00 -0.100000000000E+01  0.000000000000E+00
  0.497823468400E+01  0.497823468400E+01  0.000000000000E+00
 -0.000000000000E+00 -0.100000000000E+01  0.000000000000E+00
 -0.000000000000E+00  0.000000000000E+00 -0.100000000000E+01
 -0.100000000000E+01  0.000000000000E+00 -0.000000000000E+00
  0.497823468400E+01  0.000000000000E+00  0.497823468400E+01
 -0.000000000000E+00  0.000000000000E+00 -0.100000000000E+01
  0.100000000000E+01  0.000000000000E+00  0.000000000000E+00
  0.000000000000E+00  0.100000000000E+01  0.000000000000E+00
  0.497823468400E+01  0.248911734200E+01  0.746735202600E+01
 -0.000000000000E+00  0.100000000000E+01 -0.000000000000E+00
 -0.000000000000E+00 -0.000000000000E+00  0.100000000000E+01
 -0.100000000000E+01 -0.000000000000E+00  0.000000000000E+00
  0.497823468400E+01  0.000000000000E+00  0.497823468400E+01
  0.000000000000E+00  0.000000000000E+00  0.100000000000E+01
 -0.100000000000E+01  0.000000000000E+00 -0.000000000000E+00
 -0.000000000000E+00  0.100000000000E+01 -0.000000000000E+00
  0.497823468400E+01  0.497823468400E+01  0.000000000000E+00
  0.000000000000E+00 -0.100000000000E+01 -0.000000000000E+00
  0.000000000000E+00  0.000000000000E+00  0.100000000000E+01
  0.100000000000E+01  0.000000000000E+00  0.000000000000E+00
  0.497823468400E+01  0.746735202600E+01  0.248911734200E+01
 -0.000000000000E+00 -0.000000000000E+00  0.100000000000E+01
  0.100000000000E+01 -0.000000000000E+00 -0.000000000000E+00
  0.000000000000E+00 -0.100000000000E+01 -0.000000000000E+00
  0.497823468400E+01  0.248911734200E+01  0.746735202600E+01
  0.000000000000E+00  0.100000000000E+01  0.000000000000E+00
  0.000000000000E+00 -0.000000000000E+00 -0.100000000000E+01
  0.100000000000E+01 -0.000000000000E+00 -0.000000000000E+00
  0.497823468400E+01  0.746735202600E+01  0.248911734200E+01
 -0.000000000000E+00 -0.000000000000E+00 -0.100000000000E+01
 -0.000000000000E+00  0.100000000000E+01  0.000000000000E+00
 -0.100000000000E+01  0.000000000000E+00  0.000000000000E+00
  0.497823468400E+01  0.000000000000E+00  0.497823468400E+01
 -0.100000000000E+01  0.000000000000E+00  0.000000000000E+00
  0.000000000000E+00  0.000000000000E+00 -0.100000000000E+01
  0.000000000000E+00  0.100000000000E+01 -0.000000000000E+00
  0.995646936800E+01  0.746735202600E+01  0.746735202600E+01
 -0.100000000000E+01 -0.000000000000E+00 -0.000000000000E+00
  0.000000000000E+00 -0.000000000000E+00  0.100000000000E+01
  0.000000000000E+00 -0.100000000000E+01  0.000000000000E+00
  0.995646936800E+01  0.746735202600E+01  0.746735202600E+01
  0.100000000000E+01 -0.000000000000E+00  0.000000000000E+00
 -0.000000000000E+00 -0.000000000000E+00 -0.100000000000E+01
 -0.000000000000E+00 -0.100000000000E+01 -0.000000000000E+00
  0.000000000000E+00  0.000000000000E+00  0.000000000000E+00
  0.000000000000E+00  0.000000000000E+00 -0.100000000000E+01
  0.000000000000E+00 -0.100000000000E+01  0.000000000000E+00
  0.100000000000E+01 -0.000000000000E+00  0.000000000000E+00
  0.497823468400E+01  0.746735202600E+01  0.248911734200E+01
 -0.000000000000E+00  0.000000000000E+00  0.100000000000E+01
 -0.000000000000E+00 -0.100000000000E+01 -0.000000000000E+00
 -0.100000000000E+01 -0.000000000000E+00 -0.000000000000E+00
  0.497823468400E+01  0.000000000000E+00  0.497823468400E+01
  0.000000000000E+00 -0.000000000000E+00  0.100000000000E+01
  0.000000000000E+00  0.100000000000E+01 -0.000000000000E+00
  0.100000000000E+01  0.000000000000E+00 -0.000000000000E+00
  0.497823468400E+01  0.746735202600E+01  0.248911734200E+01
  0.100000000000E+01  0.000000000000E+00 -0.000000000000E+00
 -0.000000000000E+00  0.000000000000E+00  0.100000000000E+01
 -0.000000000000E+00  0.100000000000E+01  0.000000000000E+00
  0.000000000000E+00  0.000000000000E+00  0.000000000000E+00
   54
    3     -0.085714958272      0.000000000000      0.000000000000
    3      2.640715347327      2.337519336675     -0.000000000000
    3     -2.489117342001     -2.403402383729      0.000000000000
    3      2.640715347327      0.000000000000      2.337519336675
    3      4.978234684002      2.337519336675      2.337519336675
   22     -0.080471704548     -2.408645637453      2.408645637453
    3     -2.489117342001      0.000000000000     -2.403402383729
   22     -0.080471704548      2.408645637453     -2.408645637453
   22     -4.897762979454     -2.408645637453     -2.408645637453
   22     -0.080471704548      2.408645637453      2.408645637453
   22      2.569589046549      5.058706388550      2.408645637453
    3     -2.489117342001      0.000000000000      2.403402383729
   22      2.569589046549      2.408645637453      5.058706388550
    3      4.978234684002      5.129832689328      5.129832689328
    3     -0.151598005326      0.000000000000      5.129832689328
    3     -2.489117342001      2.403402383729      0.000000000000
    3     -0.151598005326      5.129832689328      0.000000000000
    3     -4.892519725729     -0.000000000000      0.000000000000
   22     -0.080471704548     -2.408645637453     -2.408645637453
    3      2.640715347327     -0.000000000000     -2.337519336675
    3     -2.489117342001     -5.129832689328     -2.337519336675
    3      2.640715347327     -2.337519336675     -0.000000000000
   22      4.978234684002     -0.000000000000     -0.000000000000
    3     -0.151598005326     -5.129832689328     -0.000000000000
    3     -2.489117342001     -2.337519336675     -5.129832689328
    3     -0.151598005326     -0.000000000000     -5.129832689328
   22     -4.897762979454     -5.058706388550     -5.058706388550
   16      2.386280519090      2.591954164912      2.591954164912
   16      4.978234684002      4.925949151077      2.541402874925
   16      0.052285532924     -0.000000000000      2.541402874925
   16      4.978234684002      2.541402874925      4.925949151077
   16      7.570188848913      4.875397861091      4.875397861091
   16      2.436831809077     -0.000000000000      4.925949151077
   16      0.052285532924      2.541402874925     -0.000000000000
   16      2.436831809077      4.925949151077      0.000000000000
   16     -2.489117342001     -0.000000000000     -0.000000000000
   16      2.386280519090      4.875397861091      4.875397861091
   16      4.978234684002      7.467352026002      5.022230277834
   16      0.102836822911      2.591954164912      4.875397861091
   16      4.978234684002      5.022230277834      7.467352026002
   16      7.423356432170      7.467352026002      7.467352026002
   16      2.436831809077      2.541402874925      7.467352026002
   16      0.102836822911      4.875397861091      2.591954164912
   16      2.436831809077      7.467352026002      2.541402874925
   16     -2.489117342001      2.541402874925      2.541402874925
   16      2.533112935834     -0.000000000000     -0.000000000000
   16      4.978234684002      2.445121748168     -0.000000000000
   16      0.052285532924     -2.541402874925     -0.000000000000
   16      4.978234684002     -0.000000000000      2.445121748168
   16      7.570188848913      2.591954164912      2.591954164912
   16      2.386280519090     -2.591954164912      2.591954164912
   16      0.052285532924     -0.000000000000     -2.541402874925
   16      2.386280519090      2.591954164912     -2.591954164912
   16     -2.489117342001     -2.541402874925     -2.541402874925
  225   48
