   3   1   1 E -1.8527572279393E+04 DE 3.8E-08(  3)
  0.000000000000E+00  0.746716842100E+01  0.746716842100E+01
  0.746716842100E+01  0.000000000000E+00  0.746716842100E+01
  0.746716842100E+01  0.746716842100E+01  0.000000000000E+00
   48
  0.100000000000E+01 -0.000000000000E+00  0.000000000000E+00
 -0.000000000000E+00  0.100000000000E+01  0.000000000000E+00
 -0.000000000000E+00  0.000000000000E+00  0.100000000000E+01
  0.000000000000E+00  0.000000000000E+00  0.000000000000E+00
 -0.000000000000E+00 -0.100000000000E+01  0.000000000000E+00
  0.100000000000E+01  0.000000000000E+00  0.000000000000E+00
  0.000000000000E+00  0.000000000000E+00  0.100000000000E+01
  0.497811228067E+01  0.248905614033E+01  0.746716842100E+01
  0.000000000000E+00  0.100000000000E+01  0.000000000000E+00
 -0.100000000000E+01 -0.000000000000E+00  0.000000000000E+00
 -0.000000000000E+00 -0.000000000000E+00  0.100000000000E+01
  0.497811228067E+01  0.497811228067E+01  0.000000000000E+00
 -0.100000000000E+01  0.000000000000E+00  0.000000000000E+00
  0.000000000000E+00 -0.100000000000E+01  0.000000000000E+00
  0.000000000000E+00 -0.000000000000E+00  0.100000000000E+01
  0.995622456134E+01  0.746716842100E+01  0.746716842100E+01
  0.100000000000E+01  0.000000000000E+00 -0.000000000000E+00
 -0.000000000000E+00 -0.100000000000E+01 -0.000000000000E+00
 -0.000000000000E+00 -0.000000000000E+00 -0.100000000000E+01
  0.000000000000E+00  0.000000000000E+00  0.000000000000E+00
  0.000000000000E+00 -0.100000000000E+01 -0.000000000000E+00
 -0.100000000000E+01  0.000000000000E+00 -0.000000000000E+00
 -0.000000000000E+00  0.000000000000E+00 -0.100000000000E+01
  0.497811228067E+01  0.497811228067E+01  0.000000000000E+00
 -0.100000000000E+01 -0.000000000000E+00 -0.000000000000E+00
  0.000000000000E+00  0.100000000000E+01 -0.000000000000E+00
  0.000000000000E+00  0.000000000000E+00 -0.100000000000E+01
  0.995622456134E+01  0.746716842100E+01  0.746716842100E+01
 -0.000000000000E+00  0.100000000000E+01 -0.000000000000E+00
  0.100000000000E+01 -0.000000000000E+00 -0.000000000000E+00
  0.000000000000E+00 -0.000000000000E+00 -0.100000000000E+01
  0.497811228067E+01  0.248905614033E+01  0.746716842100E+01
 -0.000000000000E+00  0.000000000000E+00  0.100000000000E+01
  0.100000000000E+01  0.000000000000E+00 -0.000000000000E+00
  0.000000000000E+00  0.100000000000E+01 -0.000000000000E+00
  0.497811228067E+01  0.248905614033E+01  0.746716842100E+01
  0.000000000000E+00  0.100000000000E+01 -0.000000000000E+00
  0.000000000000E+00 -0.000000000000E+00  0.100000000000E+01
  0.100000000000E+01 -0.000000000000E+00  0.000000000000E+00
  0.497811228067E+01  0.746716842100E+01  0.248905614033E+01
  0.000000000000E+00 -0.000000000000E+00  0.100000000000E+01
 -0.100000000000E+01 -0.000000000000E+00 -0.000000000000E+00
 -0.000000000000E+00 -0.100000000000E+01 -0.000000000000E+00
  0.497811228067E+01  0.497811228067E+01  0.000000000000E+00
  0.000000000000E+00 -0.100000000000E+01  0.000000000000E+00
  0.000000000000E+00  0.000000000000E+00 -0.100000000000E+01
  0.100000000000E+01  0.000000000000E+00 -0.000000000000E+00
  0.497811228067E+01  0.746716842100E+01  0.248905614033E+01
 -0.000000000000E+00 -0.000000000000E+00 -0.100000000000E+01
  0.100000000000E+01 -0.000000000000E+00  0.000000000000E+00
  0.000000000000E+00 -0.100000000000E+01  0.000000000000E+00
  0.497811228067E+01  0.248905614033E+01  0.746716842100E+01
 -0.000000000000E+00  0.100000000000E+01  0.000000000000E+00
 -0.000000000000E+00 -0.000000000000E+00 -0.100000000000E+01
 -0.100000000000E+01 -0.000000000000E+00 -0.000000000000E+00
  0.497811228067E+01  0.000000000000E+00  0.497811228067E+01
  0.000000000000E+00  0.000000000000E+00 -0.100000000000E+01
 -0.100000000000E+01  0.000000000000E+00  0.000000000000E+00
 -0.000000000000E+00  0.100000000000E+01  0.000000000000E+00
  0.497811228067E+01  0.497811228067E+01  0.000000000000E+00
 -0.000000000000E+00 -0.100000000000E+01 -0.000000000000E+00
 -0.000000000000E+00  0.000000000000E+00  0.100000000000E+01
 -0.100000000000E+01  0.000000000000E+00  0.000000000000E+00
  0.497811228067E+01  0.000000000000E+00  0.497811228067E+01
  0.000000000000E+00  0.000000000000E+00  0.100000000000E+01
  0.000000000000E+00 -0.100000000000E+01 -0.000000000000E+00
  0.100000000000E+01 -0.000000000000E+00 -0.000000000000E+00
  0.497811228067E+01  0.746716842100E+01  0.248905614033E+01
  0.100000000000E+01 -0.000000000000E+00 -0.000000000000E+00
 -0.000000000000E+00 -0.000000000000E+00  0.100000000000E+01
 -0.000000000000E+00 -0.100000000000E+01  0.000000000000E+00
  0.000000000000E+00  0.000000000000E+00  0.000000000000E+00
  0.100000000000E+01  0.000000000000E+00  0.000000000000E+00
 -0.000000000000E+00  0.000000000000E+00 -0.100000000000E+01
 -0.000000000000E+00  0.100000000000E+01 -0.000000000000E+00
  0.000000000000E+00  0.000000000000E+00  0.000000000000E+00
 -0.100000000000E+01  0.000000000000E+00 -0.000000000000E+00
  0.000000000000E+00  0.000000000000E+00  0.100000000000E+01
  0.000000000000E+00  0.100000000000E+01  0.000000000000E+00
  0.995622456134E+01  0.746716842100E+01  0.746716842100E+01
 -0.000000000000E+00 -0.000000000000E+00  0.100000000000E+01
 -0.000000000000E+00  0.100000000000E+01 -0.000000000000E+00
 -0.100000000000E+01  0.000000000000E+00 -0.000000000000E+00
  0.497811228067E+01  0.000000000000E+00  0.497811228067E+01
  0.000000000000E+00 -0.000000000000E+00 -0.100000000000E+01
  0.000000000000E+00  0.100000000000E+01  0.000000000000E+00
  0.100000000000E+01  0.000000000000E+00  0.000000000000E+00
  0.497811228067E+01  0.746716842100E+01  0.248905614033E+01
 -0.000000000000E+00  0.000000000000E+00 -0.100000000000E+01
 -0.000000000000E+00 -0.100000000000E+01  0.000000000000E+00
 -0.100000000000E+01 -0.000000000000E+00  0.000000000000E+00
  0.497811228067E+01  0.000000000000E+00  0.497811228067E+01
 -0.100000000000E+01 -0.000000000000E+00  0.000000000000E+00
  0.000000000000E+00 -0.000000000000E+00 -0.100000000000E+01
  0.000000000000E+00 -0.100000000000E+01 -0.000000000000E+00
  0.995622456134E+01  0.746716842100E+01  0.746716842100E+01
 -0.100000000000E+01  0.000000000000E+00 -0.000000000000E+00
  0.000000000000E+00 -0.100000000000E+01 -0.000000000000E+00
  0.000000000000E+00 -0.000000000000E+00 -0.100000000000E+01
  0.995622456134E+01  0.746716842100E+01  0.746716842100E+01
  0.000000000000E+00  0.100000000000E+01 -0.000000000000E+00
 -0.100000000000E+01 -0.000000000000E+00 -0.000000000000E+00
 -0.000000000000E+00 -0.000000000000E+00 -0.100000000000E+01
  0.497811228067E+01  0.497811228067E+01  0.000000000000E+00
 -0.000000000000E+00 -0.100000000000E+01 -0.000000000000E+00
  0.100000000000E+01  0.000000000000E+00 -0.000000000000E+00
  0.000000000000E+00  0.000000000000E+00 -0.100000000000E+01
  0.497811228067E+01  0.248905614033E+01  0.746716842100E+01
  0.100000000000E+01 -0.000000000000E+00 -0.000000000000E+00
 -0.000000000000E+00  0.100000000000E+01 -0.000000000000E+00
 -0.000000000000E+00  0.000000000000E+00 -0.100000000000E+01
  0.000000000000E+00  0.000000000000E+00  0.000000000000E+00
 -0.100000000000E+01 -0.000000000000E+00  0.000000000000E+00
  0.000000000000E+00  0.100000000000E+01  0.000000000000E+00
  0.000000000000E+00  0.000000000000E+00  0.100000000000E+01
  0.995622456134E+01  0.746716842100E+01  0.746716842100E+01
 -0.000000000000E+00  0.100000000000E+01  0.000000000000E+00
  0.100000000000E+01 -0.000000000000E+00  0.000000000000E+00
  0.000000000000E+00 -0.000000000000E+00  0.100000000000E+01
  0.497811228067E+01  0.248905614033E+01  0.746716842100E+01
  0.100000000000E+01  0.000000000000E+00  0.000000000000E+00
 -0.000000000000E+00 -0.100000000000E+01  0.000000000000E+00
 -0.000000000000E+00 -0.000000000000E+00  0.100000000000E+01
  0.000000000000E+00  0.000000000000E+00  0.000000000000E+00
  0.000000000000E+00 -0.100000000000E+01  0.000000000000E+00
 -0.100000000000E+01  0.000000000000E+00  0.000000000000E+00
 -0.000000000000E+00  0.000000000000E+00  0.100000000000E+01
  0.497811228067E+01  0.497811228067E+01  0.000000000000E+00
  0.000000000000E+00 -0.000000000000E+00 -0.100000000000E+01
 -0.100000000000E+01 -0.000000000000E+00  0.000000000000E+00
 -0.000000000000E+00 -0.100000000000E+01  0.000000000000E+00
  0.497811228067E+01  0.497811228067E+01  0.000000000000E+00
 -0.000000000000E+00 -0.100000000000E+01  0.000000000000E+00
 -0.000000000000E+00  0.000000000000E+00 -0.100000000000E+01
 -0.100000000000E+01  0.000000000000E+00 -0.000000000000E+00
  0.497811228067E+01  0.000000000000E+00  0.497811228067E+01
 -0.000000000000E+00  0.000000000000E+00 -0.100000000000E+01
  0.100000000000E+01  0.000000000000E+00  0.000000000000E+00
  0.000000000000E+00  0.100000000000E+01  0.000000000000E+00
  0.497811228067E+01  0.248905614033E+01  0.746716842100E+01
 -0.000000000000E+00  0.100000000000E+01 -0.000000000000E+00
 -0.000000000000E+00 -0.000000000000E+00  0.100000000000E+01
 -0.100000000000E+01 -0.000000000000E+00  0.000000000000E+00
  0.497811228067E+01  0.000000000000E+00  0.497811228067E+01
  0.000000000000E+00  0.000000000000E+00  0.100000000000E+01
 -0.100000000000E+01  0.000000000000E+00 -0.000000000000E+00
 -0.000000000000E+00  0.100000000000E+01 -0.000000000000E+00
  0.497811228067E+01  0.497811228067E+01  0.000000000000E+00
  0.000000000000E+00 -0.100000000000E+01 -0.000000000000E+00
  0.000000000000E+00  0.000000000000E+00  0.100000000000E+01
  0.100000000000E+01  0.000000000000E+00  0.000000000000E+00
  0.497811228067E+01  0.746716842100E+01  0.248905614033E+01
 -0.000000000000E+00 -0.000000000000E+00  0.100000000000E+01
  0.100000000000E+01 -0.000000000000E+00 -0.000000000000E+00
  0.000000000000E+00 -0.100000000000E+01 -0.000000000000E+00
  0.497811228067E+01  0.248905614033E+01  0.746716842100E+01
  0.000000000000E+00  0.100000000000E+01  0.000000000000E+00
  0.000000000000E+00 -0.000000000000E+00 -0.100000000000E+01
  0.100000000000E+01 -0.000000000000E+00 -0.000000000000E+00
  0.497811228067E+01  0.746716842100E+01  0.248905614033E+01
 -0.000000000000E+00 -0.000000000000E+00 -0.100000000000E+01
 -0.000000000000E+00  0.100000000000E+01  0.000000000000E+00
 -0.100000000000E+01  0.000000000000E+00  0.000000000000E+00
  0.497811228067E+01  0.000000000000E+00  0.497811228067E+01
 -0.100000000000E+01  0.000000000000E+00  0.000000000000E+00
  0.000000000000E+00  0.000000000000E+00 -0.100000000000E+01
  0.000000000000E+00  0.100000000000E+01 -0.000000000000E+00
  0.995622456134E+01  0.746716842100E+01  0.746716842100E+01
 -0.100000000000E+01 -0.000000000000E+00 -0.000000000000E+00
  0.000000000000E+00 -0.000000000000E+00  0.100000000000E+01
  0.000000000000E+00 -0.100000000000E+01  0.000000000000E+00
  0.995622456134E+01  0.746716842100E+01  0.746716842100E+01
  0.100000000000E+01 -0.000000000000E+00  0.000000000000E+00
 -0.000000000000E+00 -0.000000000000E+00 -0.100000000000E+01
 -0.000000000000E+00 -0.100000000000E+01 -0.000000000000E+00
  0.000000000000E+00  0.000000000000E+00  0.000000000000E+00
  0.000000000000E+00  0.000000000000E+00 -0.100000000000E+01
  0.000000000000E+00 -0.100000000000E+01  0.000000000000E+00
  0.100000000000E+01 -0.000000000000E+00  0.000000000000E+00
  0.497811228067E+01  0.746716842100E+01  0.248905614033E+01
 -0.000000000000E+00  0.000000000000E+00  0.100000000000E+01
 -0.000000000000E+00 -0.100000000000E+01 -0.000000000000E+00
 -0.100000000000E+01 -0.000000000000E+00 -0.000000000000E+00
  0.497811228067E+01  0.000000000000E+00  0.497811228067E+01
  0.000000000000E+00 -0.000000000000E+00  0.100000000000E+01
  0.000000000000E+00  0.100000000000E+01 -0.000000000000E+00
  0.100000000000E+01  0.000000000000E+00 -0.000000000000E+00
  0.497811228067E+01  0.746716842100E+01  0.248905614033E+01
  0.100000000000E+01  0.000000000000E+00 -0.000000000000E+00
 -0.000000000000E+00  0.000000000000E+00  0.100000000000E+01
 -0.000000000000E+00  0.100000000000E+01  0.000000000000E+00
  0.000000000000E+00  0.000000000000E+00  0.000000000000E+00
   54
    3     -0.085502963507      0.000000000000      0.000000000000
    3      2.640663434542      2.337448846126     -0.000000000000
    3     -2.489056140334     -2.403553176827      0.000000000000
    3      2.640663434542      0.000000000000      2.337448846126
    3      4.978112280668      2.337448846126      2.337448846126
   22     -0.080468873967     -2.408587266368      2.408587266368
    3     -2.489056140334      0.000000000000     -2.403553176827
   22     -0.080468873967      2.408587266368     -2.408587266368
   22     -4.897643406702     -2.408587266368     -2.408587266368
   22     -0.080468873967      2.408587266368      2.408587266368
   22      2.569525014301      5.058581154635      2.408587266368
    3     -2.489056140334      0.000000000000      2.403553176827
   22      2.569525014301      2.408587266368      5.058581154635
    3      4.978112280668      5.129719574876      5.129719574876
    3     -0.151607294208      0.000000000000      5.129719574876
    3     -2.489056140334      2.403553176827      0.000000000000
    3     -0.151607294208      5.129719574876      0.000000000000
    3     -4.892609317161     -0.000000000000      0.000000000000
   22     -0.080468873967     -2.408587266368     -2.408587266368
    3      2.640663434542     -0.000000000000     -2.337448846126
    3     -2.489056140334     -5.129719574876     -2.337448846126
    3      2.640663434542     -2.337448846126     -0.000000000000
   22      4.978112280668     -0.000000000000     -0.000000000000
    3     -0.151607294208     -5.129719574876     -0.000000000000
    3     -2.489056140334     -2.337448846126     -5.129719574876
    3     -0.151607294208     -0.000000000000     -5.129719574876
   22     -4.897643406702     -5.058581154635     -5.058581154635
   16      2.386324300223      2.591787980445      2.591787980445
   16      4.978112280668      4.926256743068      2.540911677934
   16      0.051855537600     -0.000000000000      2.540911677934
   16      4.978112280668      2.540911677934      4.926256743068
   16      7.569900261113      4.875380440557      4.875380440557
   16      2.437200602734     -0.000000000000      4.926256743068
   16      0.051855537600      2.540911677934     -0.000000000000
   16      2.437200602734      4.926256743068      0.000000000000
   16     -2.489056140334     -0.000000000000     -0.000000000000
   16      2.386324300223      4.875380440557      4.875380440557
   16      4.978112280668      7.467168421002      5.021723065553
   16      0.102731840111      2.591787980445      4.875380440557
   16      4.978112280668      5.021723065553      7.467168421002
   16      7.423557636117      7.467168421002      7.467168421002
   16      2.437200602734      2.540911677934      7.467168421002
   16      0.102731840111      4.875380440557      2.591787980445
   16      2.437200602734      7.467168421002      2.540911677934
   16     -2.489056140334      2.540911677934      2.540911677934
   16      2.532666925219     -0.000000000000     -0.000000000000
   16      4.978112280668      2.445445355449     -0.000000000000
   16      0.051855537600     -2.540911677934     -0.000000000000
   16      4.978112280668     -0.000000000000      2.445445355449
   16      7.569900261113      2.591787980445      2.591787980445
   16      2.386324300223     -2.591787980445      2.591787980445
   16      0.051855537600     -0.000000000000     -2.540911677934
   16      2.386324300223      2.591787980445     -2.591787980445
   16     -2.489056140334     -2.540911677934     -2.540911677934
  225   48
