   3   1   1 E -1.8527544119986E+04 DE-2.0E-07( 17)
  0.000000000000E+00  0.749149710896E+01  0.749149710896E+01
  0.749149710896E+01  0.000000000000E+00  0.749149710896E+01
  0.749149710896E+01  0.749149710896E+01  0.000000000000E+00
   48
  0.100000000000E+01 -0.000000000000E+00  0.000000000000E+00
 -0.000000000000E+00  0.100000000000E+01  0.000000000000E+00
 -0.000000000000E+00  0.000000000000E+00  0.100000000000E+01
  0.000000000000E+00  0.000000000000E+00  0.000000000000E+00
 -0.000000000000E+00 -0.100000000000E+01  0.000000000000E+00
  0.100000000000E+01  0.000000000000E+00  0.000000000000E+00
  0.000000000000E+00  0.000000000000E+00  0.100000000000E+01
  0.499433140597E+01  0.249716570299E+01  0.749149710896E+01
  0.000000000000E+00  0.100000000000E+01  0.000000000000E+00
 -0.100000000000E+01 -0.000000000000E+00  0.000000000000E+00
 -0.000000000000E+00 -0.000000000000E+00  0.100000000000E+01
  0.499433140597E+01  0.499433140597E+01  0.000000000000E+00
 -0.100000000000E+01  0.000000000000E+00  0.000000000000E+00
  0.000000000000E+00 -0.100000000000E+01  0.000000000000E+00
  0.000000000000E+00 -0.000000000000E+00  0.100000000000E+01
  0.998866281194E+01  0.749149710896E+01  0.749149710896E+01
  0.100000000000E+01  0.000000000000E+00 -0.000000000000E+00
 -0.000000000000E+00 -0.100000000000E+01 -0.000000000000E+00
 -0.000000000000E+00 -0.000000000000E+00 -0.100000000000E+01
  0.000000000000E+00  0.000000000000E+00  0.000000000000E+00
  0.000000000000E+00 -0.100000000000E+01 -0.000000000000E+00
 -0.100000000000E+01  0.000000000000E+00 -0.000000000000E+00
 -0.000000000000E+00  0.000000000000E+00 -0.100000000000E+01
  0.499433140597E+01  0.499433140597E+01  0.000000000000E+00
 -0.100000000000E+01 -0.000000000000E+00 -0.000000000000E+00
  0.000000000000E+00  0.100000000000E+01 -0.000000000000E+00
  0.000000000000E+00  0.000000000000E+00 -0.100000000000E+01
  0.998866281194E+01  0.749149710896E+01  0.749149710896E+01
 -0.000000000000E+00  0.100000000000E+01 -0.000000000000E+00
  0.100000000000E+01 -0.000000000000E+00 -0.000000000000E+00
  0.000000000000E+00 -0.000000000000E+00 -0.100000000000E+01
  0.499433140597E+01  0.249716570299E+01  0.749149710896E+01
 -0.000000000000E+00  0.000000000000E+00  0.100000000000E+01
  0.100000000000E+01  0.000000000000E+00 -0.000000000000E+00
  0.000000000000E+00  0.100000000000E+01 -0.000000000000E+00
  0.499433140597E+01  0.249716570299E+01  0.749149710896E+01
  0.000000000000E+00  0.100000000000E+01 -0.000000000000E+00
  0.000000000000E+00 -0.000000000000E+00  0.100000000000E+01
  0.100000000000E+01 -0.000000000000E+00  0.000000000000E+00
  0.499433140597E+01  0.749149710896E+01  0.249716570299E+01
  0.000000000000E+00 -0.000000000000E+00  0.100000000000E+01
 -0.100000000000E+01 -0.000000000000E+00 -0.000000000000E+00
 -0.000000000000E+00 -0.100000000000E+01 -0.000000000000E+00
  0.499433140597E+01  0.499433140597E+01  0.000000000000E+00
  0.000000000000E+00 -0.100000000000E+01  0.000000000000E+00
  0.000000000000E+00  0.000000000000E+00 -0.100000000000E+01
  0.100000000000E+01  0.000000000000E+00 -0.000000000000E+00
  0.499433140597E+01  0.749149710896E+01  0.249716570299E+01
 -0.000000000000E+00 -0.000000000000E+00 -0.100000000000E+01
  0.100000000000E+01 -0.000000000000E+00  0.000000000000E+00
  0.000000000000E+00 -0.100000000000E+01  0.000000000000E+00
  0.499433140597E+01  0.249716570299E+01  0.749149710896E+01
 -0.000000000000E+00  0.100000000000E+01  0.000000000000E+00
 -0.000000000000E+00 -0.000000000000E+00 -0.100000000000E+01
 -0.100000000000E+01 -0.000000000000E+00 -0.000000000000E+00
  0.499433140597E+01  0.000000000000E+00  0.499433140597E+01
  0.000000000000E+00  0.000000000000E+00 -0.100000000000E+01
 -0.100000000000E+01  0.000000000000E+00  0.000000000000E+00
 -0.000000000000E+00  0.100000000000E+01  0.000000000000E+00
  0.499433140597E+01  0.499433140597E+01  0.000000000000E+00
 -0.000000000000E+00 -0.100000000000E+01 -0.000000000000E+00
 -0.000000000000E+00  0.000000000000E+00  0.100000000000E+01
 -0.100000000000E+01  0.000000000000E+00  0.000000000000E+00
  0.499433140597E+01  0.000000000000E+00  0.499433140597E+01
  0.000000000000E+00  0.000000000000E+00  0.100000000000E+01
  0.000000000000E+00 -0.100000000000E+01 -0.000000000000E+00
  0.100000000000E+01 -0.000000000000E+00 -0.000000000000E+00
  0.499433140597E+01  0.749149710896E+01  0.249716570299E+01
  0.100000000000E+01 -0.000000000000E+00 -0.000000000000E+00
 -0.000000000000E+00 -0.000000000000E+00  0.100000000000E+01
 -0.000000000000E+00 -0.100000000000E+01  0.000000000000E+00
  0.000000000000E+00  0.000000000000E+00  0.000000000000E+00
  0.100000000000E+01  0.000000000000E+00  0.000000000000E+00
 -0.000000000000E+00  0.000000000000E+00 -0.100000000000E+01
 -0.000000000000E+00  0.100000000000E+01 -0.000000000000E+00
  0.000000000000E+00  0.000000000000E+00  0.000000000000E+00
 -0.100000000000E+01  0.000000000000E+00 -0.000000000000E+00
  0.000000000000E+00  0.000000000000E+00  0.100000000000E+01
  0.000000000000E+00  0.100000000000E+01  0.000000000000E+00
  0.998866281194E+01  0.749149710896E+01  0.749149710896E+01
 -0.000000000000E+00 -0.000000000000E+00  0.100000000000E+01
 -0.000000000000E+00  0.100000000000E+01 -0.000000000000E+00
 -0.100000000000E+01  0.000000000000E+00 -0.000000000000E+00
  0.499433140597E+01  0.000000000000E+00  0.499433140597E+01
  0.000000000000E+00 -0.000000000000E+00 -0.100000000000E+01
  0.000000000000E+00  0.100000000000E+01  0.000000000000E+00
  0.100000000000E+01  0.000000000000E+00  0.000000000000E+00
  0.499433140597E+01  0.749149710896E+01  0.249716570299E+01
 -0.000000000000E+00  0.000000000000E+00 -0.100000000000E+01
 -0.000000000000E+00 -0.100000000000E+01  0.000000000000E+00
 -0.100000000000E+01 -0.000000000000E+00  0.000000000000E+00
  0.499433140597E+01  0.000000000000E+00  0.499433140597E+01
 -0.100000000000E+01 -0.000000000000E+00  0.000000000000E+00
  0.000000000000E+00 -0.000000000000E+00 -0.100000000000E+01
  0.000000000000E+00 -0.100000000000E+01 -0.000000000000E+00
  0.998866281194E+01  0.749149710896E+01  0.749149710896E+01
 -0.100000000000E+01  0.000000000000E+00 -0.000000000000E+00
  0.000000000000E+00 -0.100000000000E+01 -0.000000000000E+00
  0.000000000000E+00 -0.000000000000E+00 -0.100000000000E+01
  0.998866281194E+01  0.749149710896E+01  0.749149710896E+01
  0.000000000000E+00  0.100000000000E+01 -0.000000000000E+00
 -0.100000000000E+01 -0.000000000000E+00 -0.000000000000E+00
 -0.000000000000E+00 -0.000000000000E+00 -0.100000000000E+01
  0.499433140597E+01  0.499433140597E+01  0.000000000000E+00
 -0.000000000000E+00 -0.100000000000E+01 -0.000000000000E+00
  0.100000000000E+01  0.000000000000E+00 -0.000000000000E+00
  0.000000000000E+00  0.000000000000E+00 -0.100000000000E+01
  0.499433140597E+01  0.249716570299E+01  0.749149710896E+01
  0.100000000000E+01 -0.000000000000E+00 -0.000000000000E+00
 -0.000000000000E+00  0.100000000000E+01 -0.000000000000E+00
 -0.000000000000E+00  0.000000000000E+00 -0.100000000000E+01
  0.000000000000E+00  0.000000000000E+00  0.000000000000E+00
 -0.100000000000E+01 -0.000000000000E+00  0.000000000000E+00
  0.000000000000E+00  0.100000000000E+01  0.000000000000E+00
  0.000000000000E+00  0.000000000000E+00  0.100000000000E+01
  0.998866281194E+01  0.749149710896E+01  0.749149710896E+01
 -0.000000000000E+00  0.100000000000E+01  0.000000000000E+00
  0.100000000000E+01 -0.000000000000E+00  0.000000000000E+00
  0.000000000000E+00 -0.000000000000E+00  0.100000000000E+01
  0.499433140597E+01  0.249716570299E+01  0.749149710896E+01
  0.100000000000E+01  0.000000000000E+00  0.000000000000E+00
 -0.000000000000E+00 -0.100000000000E+01  0.000000000000E+00
 -0.000000000000E+00 -0.000000000000E+00  0.100000000000E+01
  0.000000000000E+00  0.000000000000E+00  0.000000000000E+00
  0.000000000000E+00 -0.100000000000E+01  0.000000000000E+00
 -0.100000000000E+01  0.000000000000E+00  0.000000000000E+00
 -0.000000000000E+00  0.000000000000E+00  0.100000000000E+01
  0.499433140597E+01  0.499433140597E+01  0.000000000000E+00
  0.000000000000E+00 -0.000000000000E+00 -0.100000000000E+01
 -0.100000000000E+01 -0.000000000000E+00  0.000000000000E+00
 -0.000000000000E+00 -0.100000000000E+01  0.000000000000E+00
  0.499433140597E+01  0.499433140597E+01  0.000000000000E+00
 -0.000000000000E+00 -0.100000000000E+01  0.000000000000E+00
 -0.000000000000E+00  0.000000000000E+00 -0.100000000000E+01
 -0.100000000000E+01  0.000000000000E+00 -0.000000000000E+00
  0.499433140597E+01  0.000000000000E+00  0.499433140597E+01
 -0.000000000000E+00  0.000000000000E+00 -0.100000000000E+01
  0.100000000000E+01  0.000000000000E+00  0.000000000000E+00
  0.000000000000E+00  0.100000000000E+01  0.000000000000E+00
  0.499433140597E+01  0.249716570299E+01  0.749149710896E+01
 -0.000000000000E+00  0.100000000000E+01 -0.000000000000E+00
 -0.000000000000E+00 -0.000000000000E+00  0.100000000000E+01
 -0.100000000000E+01 -0.000000000000E+00  0.000000000000E+00
  0.499433140597E+01  0.000000000000E+00  0.499433140597E+01
  0.000000000000E+00  0.000000000000E+00  0.100000000000E+01
 -0.100000000000E+01  0.000000000000E+00 -0.000000000000E+00
 -0.000000000000E+00  0.100000000000E+01 -0.000000000000E+00
  0.499433140597E+01  0.499433140597E+01  0.000000000000E+00
  0.000000000000E+00 -0.100000000000E+01 -0.000000000000E+00
  0.000000000000E+00  0.000000000000E+00  0.100000000000E+01
  0.100000000000E+01  0.000000000000E+00  0.000000000000E+00
  0.499433140597E+01  0.749149710896E+01  0.249716570299E+01
 -0.000000000000E+00 -0.000000000000E+00  0.100000000000E+01
  0.100000000000E+01 -0.000000000000E+00 -0.000000000000E+00
  0.000000000000E+00 -0.100000000000E+01 -0.000000000000E+00
  0.499433140597E+01  0.249716570299E+01  0.749149710896E+01
  0.000000000000E+00  0.100000000000E+01  0.000000000000E+00
  0.000000000000E+00 -0.000000000000E+00 -0.100000000000E+01
  0.100000000000E+01 -0.000000000000E+00 -0.000000000000E+00
  0.499433140597E+01  0.749149710896E+01  0.249716570299E+01
 -0.000000000000E+00 -0.000000000000E+00 -0.100000000000E+01
 -0.000000000000E+00  0.100000000000E+01  0.000000000000E+00
 -0.100000000000E+01  0.000000000000E+00  0.000000000000E+00
  0.499433140597E+01  0.000000000000E+00  0.499433140597E+01
 -0.100000000000E+01  0.000000000000E+00  0.000000000000E+00
  0.000000000000E+00  0.000000000000E+00 -0.100000000000E+01
  0.000000000000E+00  0.100000000000E+01 -0.000000000000E+00
  0.998866281194E+01  0.749149710896E+01  0.749149710896E+01
 -0.100000000000E+01 -0.000000000000E+00 -0.000000000000E+00
  0.000000000000E+00 -0.000000000000E+00  0.100000000000E+01
  0.000000000000E+00 -0.100000000000E+01  0.000000000000E+00
  0.998866281194E+01  0.749149710896E+01  0.749149710896E+01
  0.100000000000E+01 -0.000000000000E+00  0.000000000000E+00
 -0.000000000000E+00 -0.000000000000E+00 -0.100000000000E+01
 -0.000000000000E+00 -0.100000000000E+01 -0.000000000000E+00
  0.000000000000E+00  0.000000000000E+00  0.000000000000E+00
  0.000000000000E+00  0.000000000000E+00 -0.100000000000E+01
  0.000000000000E+00 -0.100000000000E+01  0.000000000000E+00
  0.100000000000E+01 -0.000000000000E+00  0.000000000000E+00
  0.499433140597E+01  0.749149710896E+01  0.249716570299E+01
 -0.000000000000E+00  0.000000000000E+00  0.100000000000E+01
 -0.000000000000E+00 -0.100000000000E+01 -0.000000000000E+00
 -0.100000000000E+01 -0.000000000000E+00 -0.000000000000E+00
  0.499433140597E+01  0.000000000000E+00  0.499433140597E+01
  0.000000000000E+00 -0.000000000000E+00  0.100000000000E+01
  0.000000000000E+00  0.100000000000E+01 -0.000000000000E+00
  0.100000000000E+01  0.000000000000E+00 -0.000000000000E+00
  0.499433140597E+01  0.749149710896E+01  0.249716570299E+01
  0.100000000000E+01  0.000000000000E+00 -0.000000000000E+00
 -0.000000000000E+00  0.000000000000E+00  0.100000000000E+01
 -0.000000000000E+00  0.100000000000E+01  0.000000000000E+00
  0.000000000000E+00  0.000000000000E+00  0.000000000000E+00
   54
    3     -0.013788143414      0.000000000000      0.000000000000
    3      2.540401966919      2.453929439053     -0.000000000000
    3     -2.497165702986     -2.483377559573      0.000000000000
    3      2.540401966919      0.000000000000      2.453929439053
    3      4.994331405972      2.453929439053      2.453929439053
   22     -0.075491061835     -2.421674641151      2.421674641151
    3     -2.497165702986      0.000000000000     -2.483377559573
   22     -0.075491061835      2.421674641151     -2.421674641151
   22     -4.918840344137     -2.421674641151     -2.421674641151
   22     -0.075491061835      2.421674641151      2.421674641151
   22      2.572656764821      5.069822467807      2.421674641151
    3     -2.497165702986      0.000000000000      2.483377559573
   22      2.572656764821      2.421674641151      5.069822467807
    3      4.994331405972      5.037567669905      5.037567669905
    3     -0.043236263933      0.000000000000      5.037567669905
    3     -2.497165702986      2.483377559573      0.000000000000
    3     -0.043236263933      5.037567669905      0.000000000000
    3     -4.980543262559     -0.000000000000      0.000000000000
   22     -0.075491061835     -2.421674641151     -2.421674641151
    3      2.540401966919     -0.000000000000     -2.453929439053
    3     -2.497165702986     -5.037567669905     -2.453929439053
    3      2.540401966919     -2.453929439053     -0.000000000000
   22      4.994331405972     -0.000000000000     -0.000000000000
    3     -0.043236263933     -5.037567669905     -0.000000000000
    3     -2.497165702986     -2.453929439053     -5.037567669905
    3     -0.043236263933     -0.000000000000     -5.037567669905
   22     -4.918840344137     -5.069822467807     -5.069822467807
   16      2.389480405435      2.604851000538      2.604851000538
   16      4.994331405972      4.980751423620      2.510745685338
   16      0.013579982352     -0.000000000000      2.510745685338
   16      4.994331405972      2.510745685338      4.980751423620
   16      7.599182406510      4.886646108421      4.886646108421
   16      2.483585720634     -0.000000000000      4.980751423620
   16      0.013579982352      2.510745685338     -0.000000000000
   16      2.483585720634      4.980751423620      0.000000000000
   16     -2.497165702986     -0.000000000000     -0.000000000000
   16      2.389480405435      4.886646108421      4.886646108421
   16      4.994331405972      7.491497108959      5.086982771652
   16      0.107685297551      2.604851000538      4.886646108421
   16      4.994331405972      5.086982771652      7.491497108959
   16      7.398845743279      7.491497108959      7.491497108959
   16      2.483585720634      2.510745685338      7.491497108959
   16      0.107685297551      4.886646108421      2.604851000538
   16      2.483585720634      7.491497108959      2.510745685338
   16     -2.497165702986      2.510745685338      2.510745685338
   16      2.589817068666     -0.000000000000     -0.000000000000
   16      4.994331405972      2.404514337306     -0.000000000000
   16      0.013579982352     -2.510745685338     -0.000000000000
   16      4.994331405972     -0.000000000000      2.404514337306
   16      7.599182406510      2.604851000538      2.604851000538
   16      2.389480405435     -2.604851000538      2.604851000538
   16      0.013579982352     -0.000000000000     -2.510745685338
   16      2.389480405435      2.604851000538     -2.604851000538
   16     -2.497165702986     -2.510745685338     -2.510745685338
  225   48
