   3   1   1 E -1.8527538807959E+04 DE-1.9E-07( 25)
  0.000000000000E+00  0.751664253618E+01  0.751664253618E+01
  0.751664253618E+01  0.000000000000E+00  0.751664253618E+01
  0.751664253618E+01  0.751664253618E+01  0.000000000000E+00
   48
  0.100000000000E+01 -0.000000000000E+00  0.000000000000E+00
 -0.000000000000E+00  0.100000000000E+01  0.000000000000E+00
 -0.000000000000E+00  0.000000000000E+00  0.100000000000E+01
  0.000000000000E+00  0.000000000000E+00  0.000000000000E+00
 -0.000000000000E+00 -0.100000000000E+01  0.000000000000E+00
  0.100000000000E+01  0.000000000000E+00  0.000000000000E+00
  0.000000000000E+00  0.000000000000E+00  0.100000000000E+01
  0.501109502412E+01  0.250554751206E+01  0.751664253618E+01
  0.000000000000E+00  0.100000000000E+01  0.000000000000E+00
 -0.100000000000E+01 -0.000000000000E+00  0.000000000000E+00
 -0.000000000000E+00 -0.000000000000E+00  0.100000000000E+01
  0.501109502412E+01  0.501109502412E+01  0.000000000000E+00
 -0.100000000000E+01  0.000000000000E+00  0.000000000000E+00
  0.000000000000E+00 -0.100000000000E+01  0.000000000000E+00
  0.000000000000E+00 -0.000000000000E+00  0.100000000000E+01
  0.100221900482E+02  0.751664253618E+01  0.751664253618E+01
  0.100000000000E+01  0.000000000000E+00 -0.000000000000E+00
 -0.000000000000E+00 -0.100000000000E+01 -0.000000000000E+00
 -0.000000000000E+00 -0.000000000000E+00 -0.100000000000E+01
  0.000000000000E+00  0.000000000000E+00  0.000000000000E+00
  0.000000000000E+00 -0.100000000000E+01 -0.000000000000E+00
 -0.100000000000E+01  0.000000000000E+00 -0.000000000000E+00
 -0.000000000000E+00  0.000000000000E+00 -0.100000000000E+01
  0.501109502412E+01  0.501109502412E+01  0.000000000000E+00
 -0.100000000000E+01 -0.000000000000E+00 -0.000000000000E+00
  0.000000000000E+00  0.100000000000E+01 -0.000000000000E+00
  0.000000000000E+00  0.000000000000E+00 -0.100000000000E+01
  0.100221900482E+02  0.751664253618E+01  0.751664253618E+01
 -0.000000000000E+00  0.100000000000E+01 -0.000000000000E+00
  0.100000000000E+01 -0.000000000000E+00 -0.000000000000E+00
  0.000000000000E+00 -0.000000000000E+00 -0.100000000000E+01
  0.501109502412E+01  0.250554751206E+01  0.751664253618E+01
 -0.000000000000E+00  0.000000000000E+00  0.100000000000E+01
  0.100000000000E+01  0.000000000000E+00 -0.000000000000E+00
  0.000000000000E+00  0.100000000000E+01 -0.000000000000E+00
  0.501109502412E+01  0.250554751206E+01  0.751664253618E+01
  0.000000000000E+00  0.100000000000E+01 -0.000000000000E+00
  0.000000000000E+00 -0.000000000000E+00  0.100000000000E+01
  0.100000000000E+01 -0.000000000000E+00  0.000000000000E+00
  0.501109502412E+01  0.751664253618E+01  0.250554751206E+01
  0.000000000000E+00 -0.000000000000E+00  0.100000000000E+01
 -0.100000000000E+01 -0.000000000000E+00 -0.000000000000E+00
 -0.000000000000E+00 -0.100000000000E+01 -0.000000000000E+00
  0.501109502412E+01  0.501109502412E+01  0.000000000000E+00
  0.000000000000E+00 -0.100000000000E+01  0.000000000000E+00
  0.000000000000E+00  0.000000000000E+00 -0.100000000000E+01
  0.100000000000E+01  0.000000000000E+00 -0.000000000000E+00
  0.501109502412E+01  0.751664253618E+01  0.250554751206E+01
 -0.000000000000E+00 -0.000000000000E+00 -0.100000000000E+01
  0.100000000000E+01 -0.000000000000E+00  0.000000000000E+00
  0.000000000000E+00 -0.100000000000E+01  0.000000000000E+00
  0.501109502412E+01  0.250554751206E+01  0.751664253618E+01
 -0.000000000000E+00  0.100000000000E+01  0.000000000000E+00
 -0.000000000000E+00 -0.000000000000E+00 -0.100000000000E+01
 -0.100000000000E+01 -0.000000000000E+00 -0.000000000000E+00
  0.501109502412E+01  0.000000000000E+00  0.501109502412E+01
  0.000000000000E+00  0.000000000000E+00 -0.100000000000E+01
 -0.100000000000E+01  0.000000000000E+00  0.000000000000E+00
 -0.000000000000E+00  0.100000000000E+01  0.000000000000E+00
  0.501109502412E+01  0.501109502412E+01  0.000000000000E+00
 -0.000000000000E+00 -0.100000000000E+01 -0.000000000000E+00
 -0.000000000000E+00  0.000000000000E+00  0.100000000000E+01
 -0.100000000000E+01  0.000000000000E+00  0.000000000000E+00
  0.501109502412E+01  0.000000000000E+00  0.501109502412E+01
  0.000000000000E+00  0.000000000000E+00  0.100000000000E+01
  0.000000000000E+00 -0.100000000000E+01 -0.000000000000E+00
  0.100000000000E+01 -0.000000000000E+00 -0.000000000000E+00
  0.501109502412E+01  0.751664253618E+01  0.250554751206E+01
  0.100000000000E+01 -0.000000000000E+00 -0.000000000000E+00
 -0.000000000000E+00 -0.000000000000E+00  0.100000000000E+01
 -0.000000000000E+00 -0.100000000000E+01  0.000000000000E+00
  0.000000000000E+00  0.000000000000E+00  0.000000000000E+00
  0.100000000000E+01  0.000000000000E+00  0.000000000000E+00
 -0.000000000000E+00  0.000000000000E+00 -0.100000000000E+01
 -0.000000000000E+00  0.100000000000E+01 -0.000000000000E+00
  0.000000000000E+00  0.000000000000E+00  0.000000000000E+00
 -0.100000000000E+01  0.000000000000E+00 -0.000000000000E+00
  0.000000000000E+00  0.000000000000E+00  0.100000000000E+01
  0.000000000000E+00  0.100000000000E+01  0.000000000000E+00
  0.100221900482E+02  0.751664253618E+01  0.751664253618E+01
 -0.000000000000E+00 -0.000000000000E+00  0.100000000000E+01
 -0.000000000000E+00  0.100000000000E+01 -0.000000000000E+00
 -0.100000000000E+01  0.000000000000E+00 -0.000000000000E+00
  0.501109502412E+01  0.000000000000E+00  0.501109502412E+01
  0.000000000000E+00 -0.000000000000E+00 -0.100000000000E+01
  0.000000000000E+00  0.100000000000E+01  0.000000000000E+00
  0.100000000000E+01  0.000000000000E+00  0.000000000000E+00
  0.501109502412E+01  0.751664253618E+01  0.250554751206E+01
 -0.000000000000E+00  0.000000000000E+00 -0.100000000000E+01
 -0.000000000000E+00 -0.100000000000E+01  0.000000000000E+00
 -0.100000000000E+01 -0.000000000000E+00  0.000000000000E+00
  0.501109502412E+01  0.000000000000E+00  0.501109502412E+01
 -0.100000000000E+01 -0.000000000000E+00  0.000000000000E+00
  0.000000000000E+00 -0.000000000000E+00 -0.100000000000E+01
  0.000000000000E+00 -0.100000000000E+01 -0.000000000000E+00
  0.100221900482E+02  0.751664253618E+01  0.751664253618E+01
 -0.100000000000E+01  0.000000000000E+00 -0.000000000000E+00
  0.000000000000E+00 -0.100000000000E+01 -0.000000000000E+00
  0.000000000000E+00 -0.000000000000E+00 -0.100000000000E+01
  0.100221900482E+02  0.751664253618E+01  0.751664253618E+01
  0.000000000000E+00  0.100000000000E+01 -0.000000000000E+00
 -0.100000000000E+01 -0.000000000000E+00 -0.000000000000E+00
 -0.000000000000E+00 -0.000000000000E+00 -0.100000000000E+01
  0.501109502412E+01  0.501109502412E+01  0.000000000000E+00
 -0.000000000000E+00 -0.100000000000E+01 -0.000000000000E+00
  0.100000000000E+01  0.000000000000E+00 -0.000000000000E+00
  0.000000000000E+00  0.000000000000E+00 -0.100000000000E+01
  0.501109502412E+01  0.250554751206E+01  0.751664253618E+01
  0.100000000000E+01 -0.000000000000E+00 -0.000000000000E+00
 -0.000000000000E+00  0.100000000000E+01 -0.000000000000E+00
 -0.000000000000E+00  0.000000000000E+00 -0.100000000000E+01
  0.000000000000E+00  0.000000000000E+00  0.000000000000E+00
 -0.100000000000E+01 -0.000000000000E+00  0.000000000000E+00
  0.000000000000E+00  0.100000000000E+01  0.000000000000E+00
  0.000000000000E+00  0.000000000000E+00  0.100000000000E+01
  0.100221900482E+02  0.751664253618E+01  0.751664253618E+01
 -0.000000000000E+00  0.100000000000E+01  0.000000000000E+00
  0.100000000000E+01 -0.000000000000E+00  0.000000000000E+00
  0.000000000000E+00 -0.000000000000E+00  0.100000000000E+01
  0.501109502412E+01  0.250554751206E+01  0.751664253618E+01
  0.100000000000E+01  0.000000000000E+00  0.000000000000E+00
 -0.000000000000E+00 -0.100000000000E+01  0.000000000000E+00
 -0.000000000000E+00 -0.000000000000E+00  0.100000000000E+01
  0.000000000000E+00  0.000000000000E+00  0.000000000000E+00
  0.000000000000E+00 -0.100000000000E+01  0.000000000000E+00
 -0.100000000000E+01  0.000000000000E+00  0.000000000000E+00
 -0.000000000000E+00  0.000000000000E+00  0.100000000000E+01
  0.501109502412E+01  0.501109502412E+01  0.000000000000E+00
  0.000000000000E+00 -0.000000000000E+00 -0.100000000000E+01
 -0.100000000000E+01 -0.000000000000E+00  0.000000000000E+00
 -0.000000000000E+00 -0.100000000000E+01  0.000000000000E+00
  0.501109502412E+01  0.501109502412E+01  0.000000000000E+00
 -0.000000000000E+00 -0.100000000000E+01  0.000000000000E+00
 -0.000000000000E+00  0.000000000000E+00 -0.100000000000E+01
 -0.100000000000E+01  0.000000000000E+00 -0.000000000000E+00
  0.501109502412E+01  0.000000000000E+00  0.501109502412E+01
 -0.000000000000E+00  0.000000000000E+00 -0.100000000000E+01
  0.100000000000E+01  0.000000000000E+00  0.000000000000E+00
  0.000000000000E+00  0.100000000000E+01  0.000000000000E+00
  0.501109502412E+01  0.250554751206E+01  0.751664253618E+01
 -0.000000000000E+00  0.100000000000E+01 -0.000000000000E+00
 -0.000000000000E+00 -0.000000000000E+00  0.100000000000E+01
 -0.100000000000E+01 -0.000000000000E+00  0.000000000000E+00
  0.501109502412E+01  0.000000000000E+00  0.501109502412E+01
  0.000000000000E+00  0.000000000000E+00  0.100000000000E+01
 -0.100000000000E+01  0.000000000000E+00 -0.000000000000E+00
 -0.000000000000E+00  0.100000000000E+01 -0.000000000000E+00
  0.501109502412E+01  0.501109502412E+01  0.000000000000E+00
  0.000000000000E+00 -0.100000000000E+01 -0.000000000000E+00
  0.000000000000E+00  0.000000000000E+00  0.100000000000E+01
  0.100000000000E+01  0.000000000000E+00  0.000000000000E+00
  0.501109502412E+01  0.751664253618E+01  0.250554751206E+01
 -0.000000000000E+00 -0.000000000000E+00  0.100000000000E+01
  0.100000000000E+01 -0.000000000000E+00 -0.000000000000E+00
  0.000000000000E+00 -0.100000000000E+01 -0.000000000000E+00
  0.501109502412E+01  0.250554751206E+01  0.751664253618E+01
  0.000000000000E+00  0.100000000000E+01  0.000000000000E+00
  0.000000000000E+00 -0.000000000000E+00 -0.100000000000E+01
  0.100000000000E+01 -0.000000000000E+00 -0.000000000000E+00
  0.501109502412E+01  0.751664253618E+01  0.250554751206E+01
 -0.000000000000E+00 -0.000000000000E+00 -0.100000000000E+01
 -0.000000000000E+00  0.100000000000E+01  0.000000000000E+00
 -0.100000000000E+01  0.000000000000E+00  0.000000000000E+00
  0.501109502412E+01  0.000000000000E+00  0.501109502412E+01
 -0.100000000000E+01  0.000000000000E+00  0.000000000000E+00
  0.000000000000E+00  0.000000000000E+00 -0.100000000000E+01
  0.000000000000E+00  0.100000000000E+01 -0.000000000000E+00
  0.100221900482E+02  0.751664253618E+01  0.751664253618E+01
 -0.100000000000E+01 -0.000000000000E+00 -0.000000000000E+00
  0.000000000000E+00 -0.000000000000E+00  0.100000000000E+01
  0.000000000000E+00 -0.100000000000E+01  0.000000000000E+00
  0.100221900482E+02  0.751664253618E+01  0.751664253618E+01
  0.100000000000E+01 -0.000000000000E+00  0.000000000000E+00
 -0.000000000000E+00 -0.000000000000E+00 -0.100000000000E+01
 -0.000000000000E+00 -0.100000000000E+01 -0.000000000000E+00
  0.000000000000E+00  0.000000000000E+00  0.000000000000E+00
  0.000000000000E+00  0.000000000000E+00 -0.100000000000E+01
  0.000000000000E+00 -0.100000000000E+01  0.000000000000E+00
  0.100000000000E+01 -0.000000000000E+00  0.000000000000E+00
  0.501109502412E+01  0.751664253618E+01  0.250554751206E+01
 -0.000000000000E+00  0.000000000000E+00  0.100000000000E+01
 -0.000000000000E+00 -0.100000000000E+01 -0.000000000000E+00
 -0.100000000000E+01 -0.000000000000E+00 -0.000000000000E+00
  0.501109502412E+01  0.000000000000E+00  0.501109502412E+01
  0.000000000000E+00 -0.000000000000E+00  0.100000000000E+01
  0.000000000000E+00  0.100000000000E+01 -0.000000000000E+00
  0.100000000000E+01  0.000000000000E+00 -0.000000000000E+00
  0.501109502412E+01  0.751664253618E+01  0.250554751206E+01
  0.100000000000E+01  0.000000000000E+00 -0.000000000000E+00
 -0.000000000000E+00  0.000000000000E+00  0.100000000000E+01
 -0.000000000000E+00  0.100000000000E+01  0.000000000000E+00
  0.000000000000E+00  0.000000000000E+00  0.000000000000E+00
   54
    3     -0.011412600655      0.000000000000      0.000000000000
    3      2.542542804167      2.468552219954     -0.000000000000
    3     -2.505547512061     -2.494134911405      0.000000000000
    3      2.542542804167      0.000000000000      2.468552219954
    3      5.011095024121      2.468552219954      2.468552219954
   22     -0.068792778210     -2.436754733850      2.436754733850
    3     -2.505547512061      0.000000000000     -2.494134911405
   22     -0.068792778210      2.436754733850     -2.436754733850
   22     -4.942302245911     -2.436754733850     -2.436754733850
   22     -0.068792778210      2.436754733850      2.436754733850
   22      2.574340290271      5.079887802331      2.436754733850
    3     -2.505547512061      0.000000000000      2.494134911405
   22      2.574340290271      2.436754733850      5.079887802331
    3      5.011095024121      5.048090316228      5.048090316228
    3     -0.036995292107      0.000000000000      5.048090316228
    3     -2.505547512061      2.494134911405      0.000000000000
    3     -0.036995292107      5.048090316228      0.000000000000
    3     -4.999682423466     -0.000000000000      0.000000000000
   22     -0.068792778210     -2.436754733850     -2.436754733850
    3      2.542542804167     -0.000000000000     -2.468552219954
    3     -2.505547512061     -5.048090316228     -2.468552219954
    3      2.542542804167     -2.468552219954     -0.000000000000
   22      5.011095024121     -0.000000000000     -0.000000000000
    3     -0.036995292107     -5.048090316228     -0.000000000000
    3     -2.505547512061     -2.468552219954     -5.048090316228
    3     -0.036995292107     -0.000000000000     -5.048090316228
   22     -4.942302245911     -5.079887802331     -5.079887802331
   16      2.404600205693      2.606494818428      2.606494818428
   16      5.011095024121      5.000448846058      2.516193690124
   16      0.010646178063     -0.000000000000      2.516193690124
   16      5.011095024121      2.516193690124      5.000448846058
   16      7.617589842549      4.910147717754      4.910147717754
   16      2.494901333997     -0.000000000000      5.000448846058
   16      0.010646178063      2.516193690124     -0.000000000000
   16      2.494901333997      5.000448846058      0.000000000000
   16     -2.505547512061     -0.000000000000     -0.000000000000
   16      2.404600205693      4.910147717754      4.910147717754
   16      5.011095024121      7.516642536182      5.102876445304
   16      0.100947306367      2.606494818428      4.910147717754
   16      5.011095024121      5.102876445304      7.516642536182
   16      7.424861114999      7.516642536182      7.516642536182
   16      2.494901333997      2.516193690124      7.516642536182
   16      0.100947306367      4.910147717754      2.606494818428
   16      2.494901333997      7.516642536182      2.516193690124
   16     -2.505547512061      2.516193690124      2.516193690124
   16      2.597328933243     -0.000000000000     -0.000000000000
   16      5.011095024121      2.413766090878     -0.000000000000
   16      0.010646178063     -2.516193690124     -0.000000000000
   16      5.011095024121     -0.000000000000      2.413766090878
   16      7.617589842549      2.606494818428      2.606494818428
   16      2.404600205693     -2.606494818428      2.606494818428
   16      0.010646178063     -0.000000000000     -2.516193690124
   16      2.404600205693      2.606494818428     -2.606494818428
   16     -2.505547512061     -2.516193690124     -2.516193690124
  225   48
