   3   1   1 E -1.8527572278630E+04 DE-4.0E-08(  6)
  0.000000000000E+00  0.746725486879E+01  0.746725486879E+01
  0.746725486879E+01  0.000000000000E+00  0.746725486879E+01
  0.746725486879E+01  0.746725486879E+01  0.000000000000E+00
   48
  0.100000000000E+01 -0.000000000000E+00  0.000000000000E+00
 -0.000000000000E+00  0.100000000000E+01  0.000000000000E+00
 -0.000000000000E+00  0.000000000000E+00  0.100000000000E+01
  0.000000000000E+00  0.000000000000E+00  0.000000000000E+00
 -0.000000000000E+00 -0.100000000000E+01  0.000000000000E+00
  0.100000000000E+01  0.000000000000E+00  0.000000000000E+00
  0.000000000000E+00  0.000000000000E+00  0.100000000000E+01
  0.497816991252E+01  0.248908495626E+01  0.746725486879E+01
  0.000000000000E+00  0.100000000000E+01  0.000000000000E+00
 -0.100000000000E+01 -0.000000000000E+00  0.000000000000E+00
 -0.000000000000E+00 -0.000000000000E+00  0.100000000000E+01
  0.497816991252E+01  0.497816991252E+01  0.000000000000E+00
 -0.100000000000E+01  0.000000000000E+00  0.000000000000E+00
  0.000000000000E+00 -0.100000000000E+01  0.000000000000E+00
  0.000000000000E+00 -0.000000000000E+00  0.100000000000E+01
  0.995633982505E+01  0.746725486879E+01  0.746725486879E+01
  0.100000000000E+01  0.000000000000E+00 -0.000000000000E+00
 -0.000000000000E+00 -0.100000000000E+01 -0.000000000000E+00
 -0.000000000000E+00 -0.000000000000E+00 -0.100000000000E+01
  0.000000000000E+00  0.000000000000E+00  0.000000000000E+00
  0.000000000000E+00 -0.100000000000E+01 -0.000000000000E+00
 -0.100000000000E+01  0.000000000000E+00 -0.000000000000E+00
 -0.000000000000E+00  0.000000000000E+00 -0.100000000000E+01
  0.497816991252E+01  0.497816991252E+01  0.000000000000E+00
 -0.100000000000E+01 -0.000000000000E+00 -0.000000000000E+00
  0.000000000000E+00  0.100000000000E+01 -0.000000000000E+00
  0.000000000000E+00  0.000000000000E+00 -0.100000000000E+01
  0.995633982505E+01  0.746725486879E+01  0.746725486879E+01
 -0.000000000000E+00  0.100000000000E+01 -0.000000000000E+00
  0.100000000000E+01 -0.000000000000E+00 -0.000000000000E+00
  0.000000000000E+00 -0.000000000000E+00 -0.100000000000E+01
  0.497816991252E+01  0.248908495626E+01  0.746725486879E+01
 -0.000000000000E+00  0.000000000000E+00  0.100000000000E+01
  0.100000000000E+01  0.000000000000E+00 -0.000000000000E+00
  0.000000000000E+00  0.100000000000E+01 -0.000000000000E+00
  0.497816991252E+01  0.248908495626E+01  0.746725486879E+01
  0.000000000000E+00  0.100000000000E+01 -0.000000000000E+00
  0.000000000000E+00 -0.000000000000E+00  0.100000000000E+01
  0.100000000000E+01 -0.000000000000E+00  0.000000000000E+00
  0.497816991252E+01  0.746725486879E+01  0.248908495626E+01
  0.000000000000E+00 -0.000000000000E+00  0.100000000000E+01
 -0.100000000000E+01 -0.000000000000E+00 -0.000000000000E+00
 -0.000000000000E+00 -0.100000000000E+01 -0.000000000000E+00
  0.497816991252E+01  0.497816991252E+01  0.000000000000E+00
  0.000000000000E+00 -0.100000000000E+01  0.000000000000E+00
  0.000000000000E+00  0.000000000000E+00 -0.100000000000E+01
  0.100000000000E+01  0.000000000000E+00 -0.000000000000E+00
  0.497816991252E+01  0.746725486879E+01  0.248908495626E+01
 -0.000000000000E+00 -0.000000000000E+00 -0.100000000000E+01
  0.100000000000E+01 -0.000000000000E+00  0.000000000000E+00
  0.000000000000E+00 -0.100000000000E+01  0.000000000000E+00
  0.497816991252E+01  0.248908495626E+01  0.746725486879E+01
 -0.000000000000E+00  0.100000000000E+01  0.000000000000E+00
 -0.000000000000E+00 -0.000000000000E+00 -0.100000000000E+01
 -0.100000000000E+01 -0.000000000000E+00 -0.000000000000E+00
  0.497816991252E+01  0.000000000000E+00  0.497816991252E+01
  0.000000000000E+00  0.000000000000E+00 -0.100000000000E+01
 -0.100000000000E+01  0.000000000000E+00  0.000000000000E+00
 -0.000000000000E+00  0.100000000000E+01  0.000000000000E+00
  0.497816991252E+01  0.497816991252E+01  0.000000000000E+00
 -0.000000000000E+00 -0.100000000000E+01 -0.000000000000E+00
 -0.000000000000E+00  0.000000000000E+00  0.100000000000E+01
 -0.100000000000E+01  0.000000000000E+00  0.000000000000E+00
  0.497816991252E+01  0.000000000000E+00  0.497816991252E+01
  0.000000000000E+00  0.000000000000E+00  0.100000000000E+01
  0.000000000000E+00 -0.100000000000E+01 -0.000000000000E+00
  0.100000000000E+01 -0.000000000000E+00 -0.000000000000E+00
  0.497816991252E+01  0.746725486879E+01  0.248908495626E+01
  0.100000000000E+01 -0.000000000000E+00 -0.000000000000E+00
 -0.000000000000E+00 -0.000000000000E+00  0.100000000000E+01
 -0.000000000000E+00 -0.100000000000E+01  0.000000000000E+00
  0.000000000000E+00  0.000000000000E+00  0.000000000000E+00
  0.100000000000E+01  0.000000000000E+00  0.000000000000E+00
 -0.000000000000E+00  0.000000000000E+00 -0.100000000000E+01
 -0.000000000000E+00  0.100000000000E+01 -0.000000000000E+00
  0.000000000000E+00  0.000000000000E+00  0.000000000000E+00
 -0.100000000000E+01  0.000000000000E+00 -0.000000000000E+00
  0.000000000000E+00  0.000000000000E+00  0.100000000000E+01
  0.000000000000E+00  0.100000000000E+01  0.000000000000E+00
  0.995633982505E+01  0.746725486879E+01  0.746725486879E+01
 -0.000000000000E+00 -0.000000000000E+00  0.100000000000E+01
 -0.000000000000E+00  0.100000000000E+01 -0.000000000000E+00
 -0.100000000000E+01  0.000000000000E+00 -0.000000000000E+00
  0.497816991252E+01  0.000000000000E+00  0.497816991252E+01
  0.000000000000E+00 -0.000000000000E+00 -0.100000000000E+01
  0.000000000000E+00  0.100000000000E+01  0.000000000000E+00
  0.100000000000E+01  0.000000000000E+00  0.000000000000E+00
  0.497816991252E+01  0.746725486879E+01  0.248908495626E+01
 -0.000000000000E+00  0.000000000000E+00 -0.100000000000E+01
 -0.000000000000E+00 -0.100000000000E+01  0.000000000000E+00
 -0.100000000000E+01 -0.000000000000E+00  0.000000000000E+00
  0.497816991252E+01  0.000000000000E+00  0.497816991252E+01
 -0.100000000000E+01 -0.000000000000E+00  0.000000000000E+00
  0.000000000000E+00 -0.000000000000E+00 -0.100000000000E+01
  0.000000000000E+00 -0.100000000000E+01 -0.000000000000E+00
  0.995633982505E+01  0.746725486879E+01  0.746725486879E+01
 -0.100000000000E+01  0.000000000000E+00 -0.000000000000E+00
  0.000000000000E+00 -0.100000000000E+01 -0.000000000000E+00
  0.000000000000E+00 -0.000000000000E+00 -0.100000000000E+01
  0.995633982505E+01  0.746725486879E+01  0.746725486879E+01
  0.000000000000E+00  0.100000000000E+01 -0.000000000000E+00
 -0.100000000000E+01 -0.000000000000E+00 -0.000000000000E+00
 -0.000000000000E+00 -0.000000000000E+00 -0.100000000000E+01
  0.497816991252E+01  0.497816991252E+01  0.000000000000E+00
 -0.000000000000E+00 -0.100000000000E+01 -0.000000000000E+00
  0.100000000000E+01  0.000000000000E+00 -0.000000000000E+00
  0.000000000000E+00  0.000000000000E+00 -0.100000000000E+01
  0.497816991252E+01  0.248908495626E+01  0.746725486879E+01
  0.100000000000E+01 -0.000000000000E+00 -0.000000000000E+00
 -0.000000000000E+00  0.100000000000E+01 -0.000000000000E+00
 -0.000000000000E+00  0.000000000000E+00 -0.100000000000E+01
  0.000000000000E+00  0.000000000000E+00  0.000000000000E+00
 -0.100000000000E+01 -0.000000000000E+00  0.000000000000E+00
  0.000000000000E+00  0.100000000000E+01  0.000000000000E+00
  0.000000000000E+00  0.000000000000E+00  0.100000000000E+01
  0.995633982505E+01  0.746725486879E+01  0.746725486879E+01
 -0.000000000000E+00  0.100000000000E+01  0.000000000000E+00
  0.100000000000E+01 -0.000000000000E+00  0.000000000000E+00
  0.000000000000E+00 -0.000000000000E+00  0.100000000000E+01
  0.497816991252E+01  0.248908495626E+01  0.746725486879E+01
  0.100000000000E+01  0.000000000000E+00  0.000000000000E+00
 -0.000000000000E+00 -0.100000000000E+01  0.000000000000E+00
 -0.000000000000E+00 -0.000000000000E+00  0.100000000000E+01
  0.000000000000E+00  0.000000000000E+00  0.000000000000E+00
  0.000000000000E+00 -0.100000000000E+01  0.000000000000E+00
 -0.100000000000E+01  0.000000000000E+00  0.000000000000E+00
 -0.000000000000E+00  0.000000000000E+00  0.100000000000E+01
  0.497816991252E+01  0.497816991252E+01  0.000000000000E+00
  0.000000000000E+00 -0.000000000000E+00 -0.100000000000E+01
 -0.100000000000E+01 -0.000000000000E+00  0.000000000000E+00
 -0.000000000000E+00 -0.100000000000E+01  0.000000000000E+00
  0.497816991252E+01  0.497816991252E+01  0.000000000000E+00
 -0.000000000000E+00 -0.100000000000E+01  0.000000000000E+00
 -0.000000000000E+00  0.000000000000E+00 -0.100000000000E+01
 -0.100000000000E+01  0.000000000000E+00 -0.000000000000E+00
  0.497816991252E+01  0.000000000000E+00  0.497816991252E+01
 -0.000000000000E+00  0.000000000000E+00 -0.100000000000E+01
  0.100000000000E+01  0.000000000000E+00  0.000000000000E+00
  0.000000000000E+00  0.100000000000E+01  0.000000000000E+00
  0.497816991252E+01  0.248908495626E+01  0.746725486879E+01
 -0.000000000000E+00  0.100000000000E+01 -0.000000000000E+00
 -0.000000000000E+00 -0.000000000000E+00  0.100000000000E+01
 -0.100000000000E+01 -0.000000000000E+00  0.000000000000E+00
  0.497816991252E+01  0.000000000000E+00  0.497816991252E+01
  0.000000000000E+00  0.000000000000E+00  0.100000000000E+01
 -0.100000000000E+01  0.000000000000E+00 -0.000000000000E+00
 -0.000000000000E+00  0.100000000000E+01 -0.000000000000E+00
  0.497816991252E+01  0.497816991252E+01  0.000000000000E+00
  0.000000000000E+00 -0.100000000000E+01 -0.000000000000E+00
  0.000000000000E+00  0.000000000000E+00  0.100000000000E+01
  0.100000000000E+01  0.000000000000E+00  0.000000000000E+00
  0.497816991252E+01  0.746725486879E+01  0.248908495626E+01
 -0.000000000000E+00 -0.000000000000E+00  0.100000000000E+01
  0.100000000000E+01 -0.000000000000E+00 -0.000000000000E+00
  0.000000000000E+00 -0.100000000000E+01 -0.000000000000E+00
  0.497816991252E+01  0.248908495626E+01  0.746725486879E+01
  0.000000000000E+00  0.100000000000E+01  0.000000000000E+00
  0.000000000000E+00 -0.000000000000E+00 -0.100000000000E+01
  0.100000000000E+01 -0.000000000000E+00 -0.000000000000E+00
  0.497816991252E+01  0.746725486879E+01  0.248908495626E+01
 -0.000000000000E+00 -0.000000000000E+00 -0.100000000000E+01
 -0.000000000000E+00  0.100000000000E+01  0.000000000000E+00
 -0.100000000000E+01  0.000000000000E+00  0.000000000000E+00
  0.497816991252E+01  0.000000000000E+00  0.497816991252E+01
 -0.100000000000E+01  0.000000000000E+00  0.000000000000E+00
  0.000000000000E+00  0.000000000000E+00 -0.100000000000E+01
  0.000000000000E+00  0.100000000000E+01 -0.000000000000E+00
  0.995633982505E+01  0.746725486879E+01  0.746725486879E+01
 -0.100000000000E+01 -0.000000000000E+00 -0.000000000000E+00
  0.000000000000E+00 -0.000000000000E+00  0.100000000000E+01
  0.000000000000E+00 -0.100000000000E+01  0.000000000000E+00
  0.995633982505E+01  0.746725486879E+01  0.746725486879E+01
  0.100000000000E+01 -0.000000000000E+00  0.000000000000E+00
 -0.000000000000E+00 -0.000000000000E+00 -0.100000000000E+01
 -0.000000000000E+00 -0.100000000000E+01 -0.000000000000E+00
  0.000000000000E+00  0.000000000000E+00  0.000000000000E+00
  0.000000000000E+00  0.000000000000E+00 -0.100000000000E+01
  0.000000000000E+00 -0.100000000000E+01  0.000000000000E+00
  0.100000000000E+01 -0.000000000000E+00  0.000000000000E+00
  0.497816991252E+01  0.746725486879E+01  0.248908495626E+01
 -0.000000000000E+00  0.000000000000E+00  0.100000000000E+01
 -0.000000000000E+00 -0.100000000000E+01 -0.000000000000E+00
 -0.100000000000E+01 -0.000000000000E+00 -0.000000000000E+00
  0.497816991252E+01  0.000000000000E+00  0.497816991252E+01
  0.000000000000E+00 -0.000000000000E+00  0.100000000000E+01
  0.000000000000E+00  0.100000000000E+01 -0.000000000000E+00
  0.100000000000E+01  0.000000000000E+00 -0.000000000000E+00
  0.497816991252E+01  0.746725486879E+01  0.248908495626E+01
  0.100000000000E+01  0.000000000000E+00 -0.000000000000E+00
 -0.000000000000E+00  0.000000000000E+00  0.100000000000E+01
 -0.000000000000E+00  0.100000000000E+01  0.000000000000E+00
  0.000000000000E+00  0.000000000000E+00  0.000000000000E+00
   54
    3     -0.085591254709      0.000000000000      0.000000000000
    3      2.640692754928      2.337477157596     -0.000000000000
    3     -2.489084956262     -2.403493701553      0.000000000000
    3      2.640692754928      0.000000000000      2.337477157596
    3      4.978169912524      2.337477157596      2.337477157596
   22     -0.080464643968     -2.408620312294      2.408620312294
    3     -2.489084956262      0.000000000000     -2.403493701553
   22     -0.080464643968      2.408620312294     -2.408620312294
   22     -4.897705268556     -2.408620312294     -2.408620312294
   22     -0.080464643968      2.408620312294      2.408620312294
   22      2.569549600230      5.058634556493      2.408620312294
    3     -2.489084956262      0.000000000000      2.403493701553
   22      2.569549600230      2.408620312294      5.058634556493
    3      4.978169912524      5.129777711190      5.129777711190
    3     -0.151607798666      0.000000000000      5.129777711190
    3     -2.489084956262      2.403493701553      0.000000000000
    3     -0.151607798666      5.129777711190      0.000000000000
    3     -4.892578657815     -0.000000000000      0.000000000000
   22     -0.080464643968     -2.408620312294     -2.408620312294
    3      2.640692754928     -0.000000000000     -2.337477157596
    3     -2.489084956262     -5.129777711190     -2.337477157596
    3      2.640692754928     -2.337477157596     -0.000000000000
   22      4.978169912524     -0.000000000000     -0.000000000000
    3     -0.151607798666     -5.129777711190     -0.000000000000
    3     -2.489084956262     -2.337477157596     -5.129777711190
    3     -0.151607798666     -0.000000000000     -5.129777711190
   22     -4.897705268556     -5.058634556493     -5.058634556493
   16      2.386308668723      2.591861243801      2.591861243801
   16      4.978169912524      4.926132211902      2.541122656884
   16      0.052037700622     -0.000000000000      2.541122656884
   16      4.978169912524      2.541122656884      4.926132211902
   16      7.570031156325      4.875393624985      4.875393624985
   16      2.437047255640     -0.000000000000      4.926132211902
   16      0.052037700622      2.541122656884     -0.000000000000
   16      2.437047255640      4.926132211902      0.000000000000
   16     -2.489084956262     -0.000000000000     -0.000000000000
   16      2.386308668723      4.875393624985      4.875393624985
   16      4.978169912524      7.467254868786      5.021923035392
   16      0.102776287539      2.591861243801      4.875393624985
   16      4.978169912524      5.021923035392      7.467254868786
   16      7.423501745919      7.467254868786      7.467254868786
   16      2.437047255640      2.541122656884      7.467254868786
   16      0.102776287539      4.875393624985      2.591861243801
   16      2.437047255640      7.467254868786      2.541122656884
   16     -2.489084956262      2.541122656884      2.541122656884
   16      2.532838079130     -0.000000000000     -0.000000000000
   16      4.978169912524      2.445331833395     -0.000000000000
   16      0.052037700622     -2.541122656884     -0.000000000000
   16      4.978169912524     -0.000000000000      2.445331833395
   16      7.570031156325      2.591861243801      2.591861243801
   16      2.386308668723     -2.591861243801      2.591861243801
   16      0.052037700622     -0.000000000000     -2.541122656884
   16      2.386308668723      2.591861243801     -2.591861243801
   16     -2.489084956262     -2.541122656884     -2.541122656884
  225   48
