   3   1   1 E -1.8527572277963E+04 DE-6.7E-07(  4)
  0.000000000000E+00  0.746711393117E+01  0.746711393117E+01
  0.746711393117E+01  0.000000000000E+00  0.746711393117E+01
  0.746711393117E+01  0.746711393117E+01  0.000000000000E+00
   48
  0.100000000000E+01 -0.000000000000E+00  0.000000000000E+00
 -0.000000000000E+00  0.100000000000E+01  0.000000000000E+00
 -0.000000000000E+00  0.000000000000E+00  0.100000000000E+01
  0.000000000000E+00  0.000000000000E+00  0.000000000000E+00
 -0.000000000000E+00 -0.100000000000E+01  0.000000000000E+00
  0.100000000000E+01  0.000000000000E+00  0.000000000000E+00
  0.000000000000E+00  0.000000000000E+00  0.100000000000E+01
  0.497807595411E+01  0.248903797706E+01  0.746711393117E+01
  0.000000000000E+00  0.100000000000E+01  0.000000000000E+00
 -0.100000000000E+01 -0.000000000000E+00  0.000000000000E+00
 -0.000000000000E+00 -0.000000000000E+00  0.100000000000E+01
  0.497807595411E+01  0.497807595411E+01  0.000000000000E+00
 -0.100000000000E+01  0.000000000000E+00  0.000000000000E+00
  0.000000000000E+00 -0.100000000000E+01  0.000000000000E+00
  0.000000000000E+00 -0.000000000000E+00  0.100000000000E+01
  0.995615190822E+01  0.746711393117E+01  0.746711393117E+01
  0.100000000000E+01  0.000000000000E+00 -0.000000000000E+00
 -0.000000000000E+00 -0.100000000000E+01 -0.000000000000E+00
 -0.000000000000E+00 -0.000000000000E+00 -0.100000000000E+01
  0.000000000000E+00  0.000000000000E+00  0.000000000000E+00
  0.000000000000E+00 -0.100000000000E+01 -0.000000000000E+00
 -0.100000000000E+01  0.000000000000E+00 -0.000000000000E+00
 -0.000000000000E+00  0.000000000000E+00 -0.100000000000E+01
  0.497807595411E+01  0.497807595411E+01  0.000000000000E+00
 -0.100000000000E+01 -0.000000000000E+00 -0.000000000000E+00
  0.000000000000E+00  0.100000000000E+01 -0.000000000000E+00
  0.000000000000E+00  0.000000000000E+00 -0.100000000000E+01
  0.995615190822E+01  0.746711393117E+01  0.746711393117E+01
 -0.000000000000E+00  0.100000000000E+01 -0.000000000000E+00
  0.100000000000E+01 -0.000000000000E+00 -0.000000000000E+00
  0.000000000000E+00 -0.000000000000E+00 -0.100000000000E+01
  0.497807595411E+01  0.248903797706E+01  0.746711393117E+01
 -0.000000000000E+00  0.000000000000E+00  0.100000000000E+01
  0.100000000000E+01  0.000000000000E+00 -0.000000000000E+00
  0.000000000000E+00  0.100000000000E+01 -0.000000000000E+00
  0.497807595411E+01  0.248903797706E+01  0.746711393117E+01
  0.000000000000E+00  0.100000000000E+01 -0.000000000000E+00
  0.000000000000E+00 -0.000000000000E+00  0.100000000000E+01
  0.100000000000E+01 -0.000000000000E+00  0.000000000000E+00
  0.497807595411E+01  0.746711393117E+01  0.248903797706E+01
  0.000000000000E+00 -0.000000000000E+00  0.100000000000E+01
 -0.100000000000E+01 -0.000000000000E+00 -0.000000000000E+00
 -0.000000000000E+00 -0.100000000000E+01 -0.000000000000E+00
  0.497807595411E+01  0.497807595411E+01  0.000000000000E+00
  0.000000000000E+00 -0.100000000000E+01  0.000000000000E+00
  0.000000000000E+00  0.000000000000E+00 -0.100000000000E+01
  0.100000000000E+01  0.000000000000E+00 -0.000000000000E+00
  0.497807595411E+01  0.746711393117E+01  0.248903797706E+01
 -0.000000000000E+00 -0.000000000000E+00 -0.100000000000E+01
  0.100000000000E+01 -0.000000000000E+00  0.000000000000E+00
  0.000000000000E+00 -0.100000000000E+01  0.000000000000E+00
  0.497807595411E+01  0.248903797706E+01  0.746711393117E+01
 -0.000000000000E+00  0.100000000000E+01  0.000000000000E+00
 -0.000000000000E+00 -0.000000000000E+00 -0.100000000000E+01
 -0.100000000000E+01 -0.000000000000E+00 -0.000000000000E+00
  0.497807595411E+01  0.000000000000E+00  0.497807595411E+01
  0.000000000000E+00  0.000000000000E+00 -0.100000000000E+01
 -0.100000000000E+01  0.000000000000E+00  0.000000000000E+00
 -0.000000000000E+00  0.100000000000E+01  0.000000000000E+00
  0.497807595411E+01  0.497807595411E+01  0.000000000000E+00
 -0.000000000000E+00 -0.100000000000E+01 -0.000000000000E+00
 -0.000000000000E+00  0.000000000000E+00  0.100000000000E+01
 -0.100000000000E+01  0.000000000000E+00  0.000000000000E+00
  0.497807595411E+01  0.000000000000E+00  0.497807595411E+01
  0.000000000000E+00  0.000000000000E+00  0.100000000000E+01
  0.000000000000E+00 -0.100000000000E+01 -0.000000000000E+00
  0.100000000000E+01 -0.000000000000E+00 -0.000000000000E+00
  0.497807595411E+01  0.746711393117E+01  0.248903797706E+01
  0.100000000000E+01 -0.000000000000E+00 -0.000000000000E+00
 -0.000000000000E+00 -0.000000000000E+00  0.100000000000E+01
 -0.000000000000E+00 -0.100000000000E+01  0.000000000000E+00
  0.000000000000E+00  0.000000000000E+00  0.000000000000E+00
  0.100000000000E+01  0.000000000000E+00  0.000000000000E+00
 -0.000000000000E+00  0.000000000000E+00 -0.100000000000E+01
 -0.000000000000E+00  0.100000000000E+01 -0.000000000000E+00
  0.000000000000E+00  0.000000000000E+00  0.000000000000E+00
 -0.100000000000E+01  0.000000000000E+00 -0.000000000000E+00
  0.000000000000E+00  0.000000000000E+00  0.100000000000E+01
  0.000000000000E+00  0.100000000000E+01  0.000000000000E+00
  0.995615190822E+01  0.746711393117E+01  0.746711393117E+01
 -0.000000000000E+00 -0.000000000000E+00  0.100000000000E+01
 -0.000000000000E+00  0.100000000000E+01 -0.000000000000E+00
 -0.100000000000E+01  0.000000000000E+00 -0.000000000000E+00
  0.497807595411E+01  0.000000000000E+00  0.497807595411E+01
  0.000000000000E+00 -0.000000000000E+00 -0.100000000000E+01
  0.000000000000E+00  0.100000000000E+01  0.000000000000E+00
  0.100000000000E+01  0.000000000000E+00  0.000000000000E+00
  0.497807595411E+01  0.746711393117E+01  0.248903797706E+01
 -0.000000000000E+00  0.000000000000E+00 -0.100000000000E+01
 -0.000000000000E+00 -0.100000000000E+01  0.000000000000E+00
 -0.100000000000E+01 -0.000000000000E+00  0.000000000000E+00
  0.497807595411E+01  0.000000000000E+00  0.497807595411E+01
 -0.100000000000E+01 -0.000000000000E+00  0.000000000000E+00
  0.000000000000E+00 -0.000000000000E+00 -0.100000000000E+01
  0.000000000000E+00 -0.100000000000E+01 -0.000000000000E+00
  0.995615190822E+01  0.746711393117E+01  0.746711393117E+01
 -0.100000000000E+01  0.000000000000E+00 -0.000000000000E+00
  0.000000000000E+00 -0.100000000000E+01 -0.000000000000E+00
  0.000000000000E+00 -0.000000000000E+00 -0.100000000000E+01
  0.995615190822E+01  0.746711393117E+01  0.746711393117E+01
  0.000000000000E+00  0.100000000000E+01 -0.000000000000E+00
 -0.100000000000E+01 -0.000000000000E+00 -0.000000000000E+00
 -0.000000000000E+00 -0.000000000000E+00 -0.100000000000E+01
  0.497807595411E+01  0.497807595411E+01  0.000000000000E+00
 -0.000000000000E+00 -0.100000000000E+01 -0.000000000000E+00
  0.100000000000E+01  0.000000000000E+00 -0.000000000000E+00
  0.000000000000E+00  0.000000000000E+00 -0.100000000000E+01
  0.497807595411E+01  0.248903797706E+01  0.746711393117E+01
  0.100000000000E+01 -0.000000000000E+00 -0.000000000000E+00
 -0.000000000000E+00  0.100000000000E+01 -0.000000000000E+00
 -0.000000000000E+00  0.000000000000E+00 -0.100000000000E+01
  0.000000000000E+00  0.000000000000E+00  0.000000000000E+00
 -0.100000000000E+01 -0.000000000000E+00  0.000000000000E+00
  0.000000000000E+00  0.100000000000E+01  0.000000000000E+00
  0.000000000000E+00  0.000000000000E+00  0.100000000000E+01
  0.995615190822E+01  0.746711393117E+01  0.746711393117E+01
 -0.000000000000E+00  0.100000000000E+01  0.000000000000E+00
  0.100000000000E+01 -0.000000000000E+00  0.000000000000E+00
  0.000000000000E+00 -0.000000000000E+00  0.100000000000E+01
  0.497807595411E+01  0.248903797706E+01  0.746711393117E+01
  0.100000000000E+01  0.000000000000E+00  0.000000000000E+00
 -0.000000000000E+00 -0.100000000000E+01  0.000000000000E+00
 -0.000000000000E+00 -0.000000000000E+00  0.100000000000E+01
  0.000000000000E+00  0.000000000000E+00  0.000000000000E+00
  0.000000000000E+00 -0.100000000000E+01  0.000000000000E+00
 -0.100000000000E+01  0.000000000000E+00  0.000000000000E+00
 -0.000000000000E+00  0.000000000000E+00  0.100000000000E+01
  0.497807595411E+01  0.497807595411E+01  0.000000000000E+00
  0.000000000000E+00 -0.000000000000E+00 -0.100000000000E+01
 -0.100000000000E+01 -0.000000000000E+00  0.000000000000E+00
 -0.000000000000E+00 -0.100000000000E+01  0.000000000000E+00
  0.497807595411E+01  0.497807595411E+01  0.000000000000E+00
 -0.000000000000E+00 -0.100000000000E+01  0.000000000000E+00
 -0.000000000000E+00  0.000000000000E+00 -0.100000000000E+01
 -0.100000000000E+01  0.000000000000E+00 -0.000000000000E+00
  0.497807595411E+01  0.000000000000E+00  0.497807595411E+01
 -0.000000000000E+00  0.000000000000E+00 -0.100000000000E+01
  0.100000000000E+01  0.000000000000E+00  0.000000000000E+00
  0.000000000000E+00  0.100000000000E+01  0.000000000000E+00
  0.497807595411E+01  0.248903797706E+01  0.746711393117E+01
 -0.000000000000E+00  0.100000000000E+01 -0.000000000000E+00
 -0.000000000000E+00 -0.000000000000E+00  0.100000000000E+01
 -0.100000000000E+01 -0.000000000000E+00  0.000000000000E+00
  0.497807595411E+01  0.000000000000E+00  0.497807595411E+01
  0.000000000000E+00  0.000000000000E+00  0.100000000000E+01
 -0.100000000000E+01  0.000000000000E+00 -0.000000000000E+00
 -0.000000000000E+00  0.100000000000E+01 -0.000000000000E+00
  0.497807595411E+01  0.497807595411E+01  0.000000000000E+00
  0.000000000000E+00 -0.100000000000E+01 -0.000000000000E+00
  0.000000000000E+00  0.000000000000E+00  0.100000000000E+01
  0.100000000000E+01  0.000000000000E+00  0.000000000000E+00
  0.497807595411E+01  0.746711393117E+01  0.248903797706E+01
 -0.000000000000E+00 -0.000000000000E+00  0.100000000000E+01
  0.100000000000E+01 -0.000000000000E+00 -0.000000000000E+00
  0.000000000000E+00 -0.100000000000E+01 -0.000000000000E+00
  0.497807595411E+01  0.248903797706E+01  0.746711393117E+01
  0.000000000000E+00  0.100000000000E+01  0.000000000000E+00
  0.000000000000E+00 -0.000000000000E+00 -0.100000000000E+01
  0.100000000000E+01 -0.000000000000E+00 -0.000000000000E+00
  0.497807595411E+01  0.746711393117E+01  0.248903797706E+01
 -0.000000000000E+00 -0.000000000000E+00 -0.100000000000E+01
 -0.000000000000E+00  0.100000000000E+01  0.000000000000E+00
 -0.100000000000E+01  0.000000000000E+00  0.000000000000E+00
  0.497807595411E+01  0.000000000000E+00  0.497807595411E+01
 -0.100000000000E+01  0.000000000000E+00  0.000000000000E+00
  0.000000000000E+00  0.000000000000E+00 -0.100000000000E+01
  0.000000000000E+00  0.100000000000E+01 -0.000000000000E+00
  0.995615190822E+01  0.746711393117E+01  0.746711393117E+01
 -0.100000000000E+01 -0.000000000000E+00 -0.000000000000E+00
  0.000000000000E+00 -0.000000000000E+00  0.100000000000E+01
  0.000000000000E+00 -0.100000000000E+01  0.000000000000E+00
  0.995615190822E+01  0.746711393117E+01  0.746711393117E+01
  0.100000000000E+01 -0.000000000000E+00  0.000000000000E+00
 -0.000000000000E+00 -0.000000000000E+00 -0.100000000000E+01
 -0.000000000000E+00 -0.100000000000E+01 -0.000000000000E+00
  0.000000000000E+00  0.000000000000E+00  0.000000000000E+00
  0.000000000000E+00  0.000000000000E+00 -0.100000000000E+01
  0.000000000000E+00 -0.100000000000E+01  0.000000000000E+00
  0.100000000000E+01 -0.000000000000E+00  0.000000000000E+00
  0.497807595411E+01  0.746711393117E+01  0.248903797706E+01
 -0.000000000000E+00  0.000000000000E+00  0.100000000000E+01
 -0.000000000000E+00 -0.100000000000E+01 -0.000000000000E+00
 -0.100000000000E+01 -0.000000000000E+00 -0.000000000000E+00
  0.497807595411E+01  0.000000000000E+00  0.497807595411E+01
  0.000000000000E+00 -0.000000000000E+00  0.100000000000E+01
  0.000000000000E+00  0.100000000000E+01 -0.000000000000E+00
  0.100000000000E+01  0.000000000000E+00 -0.000000000000E+00
  0.497807595411E+01  0.746711393117E+01  0.248903797706E+01
  0.100000000000E+01  0.000000000000E+00 -0.000000000000E+00
 -0.000000000000E+00  0.000000000000E+00  0.100000000000E+01
 -0.000000000000E+00  0.100000000000E+01  0.000000000000E+00
  0.000000000000E+00  0.000000000000E+00  0.000000000000E+00
   54
    3     -0.085445792965      0.000000000000      0.000000000000
    3      2.640643992043      2.337431962070     -0.000000000000
    3     -2.489037977056     -2.403592184091      0.000000000000
    3      2.640643992043      0.000000000000      2.337431962070
    3      4.978075954112      2.337431962070      2.337431962070
   22     -0.080465738876     -2.408572238180      2.408572238180
    3     -2.489037977056      0.000000000000     -2.403592184091
   22     -0.080465738876      2.408572238180     -2.408572238180
   22     -4.897610215236     -2.408572238180     -2.408572238180
   22     -0.080465738876      2.408572238180      2.408572238180
   22      2.569503715932      5.058541692988      2.408572238180
    3     -2.489037977056      0.000000000000      2.403592184091
   22      2.569503715932      2.408572238180      5.058541692988
    3      4.978075954112      5.129681969099      5.129681969099
    3     -0.151606014986      0.000000000000      5.129681969099
    3     -2.489037977056      2.403592184091      0.000000000000
    3     -0.151606014986      5.129681969099      0.000000000000
    3     -4.892630161147     -0.000000000000      0.000000000000
   22     -0.080465738876     -2.408572238180     -2.408572238180
    3      2.640643992043     -0.000000000000     -2.337431962070
    3     -2.489037977056     -5.129681969099     -2.337431962070
    3      2.640643992043     -2.337431962070     -0.000000000000
   22      4.978075954112     -0.000000000000     -0.000000000000
    3     -0.151606014986     -5.129681969099     -0.000000000000
    3     -2.489037977056     -2.337431962070     -5.129681969099
    3     -0.151606014986     -0.000000000000     -5.129681969099
   22     -4.897610215236     -5.058541692988     -5.058541692988
   16      2.386331143410      2.591744810702      2.591744810702
   16      4.978075954112      4.926326682438      2.540787248730
   16      0.051749271674     -0.000000000000      2.540787248730
   16      4.978075954112      2.540787248730      4.926326682438
   16      7.569820764814      4.875369120466      4.875369120466
   16      2.437288705382     -0.000000000000      4.926326682438
   16      0.051749271674      2.540787248730     -0.000000000000
   16      2.437288705382      4.926326682438      0.000000000000
   16     -2.489037977056     -0.000000000000     -0.000000000000
   16      2.386331143410      4.875369120466      4.875369120466
   16      4.978075954112      7.467113931168      5.021605116309
   16      0.102706833646      2.591744810702      4.875369120466
   16      4.978075954112      5.021605116309      7.467113931168
   16      7.423584768971      7.467113931168      7.467113931168
   16      2.437288705382      2.540787248730      7.467113931168
   16      0.102706833646      4.875369120466      2.591744810702
   16      2.437288705382      7.467113931168      2.540787248730
   16     -2.489037977056      2.540787248730      2.540787248730
   16      2.532567139253     -0.000000000000     -0.000000000000
   16      4.978075954112      2.445508814859     -0.000000000000
   16      0.051749271674     -2.540787248730     -0.000000000000
   16      4.978075954112     -0.000000000000      2.445508814859
   16      7.569820764814      2.591744810702      2.591744810702
   16      2.386331143410     -2.591744810702      2.591744810702
   16      0.051749271674     -0.000000000000     -2.540787248730
   16      2.386331143410      2.591744810702     -2.591744810702
   16     -2.489037977056     -2.540787248730     -2.540787248730
  225   48
