   3   1   1 E -1.8527572279436E+04 DE-5.0E-08(  2)
  0.000000000000E+00  0.746720068486E+01  0.746720068486E+01
  0.746720068486E+01  0.000000000000E+00  0.746720068486E+01
  0.746720068486E+01  0.746720068486E+01  0.000000000000E+00
   48
  0.100000000000E+01 -0.000000000000E+00  0.000000000000E+00
 -0.000000000000E+00  0.100000000000E+01  0.000000000000E+00
 -0.000000000000E+00  0.000000000000E+00  0.100000000000E+01
  0.000000000000E+00  0.000000000000E+00  0.000000000000E+00
 -0.000000000000E+00 -0.100000000000E+01  0.000000000000E+00
  0.100000000000E+01  0.000000000000E+00  0.000000000000E+00
  0.000000000000E+00  0.000000000000E+00  0.100000000000E+01
  0.497813378991E+01  0.248906689495E+01  0.746720068486E+01
  0.000000000000E+00  0.100000000000E+01  0.000000000000E+00
 -0.100000000000E+01 -0.000000000000E+00  0.000000000000E+00
 -0.000000000000E+00 -0.000000000000E+00  0.100000000000E+01
  0.497813378991E+01  0.497813378991E+01  0.000000000000E+00
 -0.100000000000E+01  0.000000000000E+00  0.000000000000E+00
  0.000000000000E+00 -0.100000000000E+01  0.000000000000E+00
  0.000000000000E+00 -0.000000000000E+00  0.100000000000E+01
  0.995626757982E+01  0.746720068486E+01  0.746720068486E+01
  0.100000000000E+01  0.000000000000E+00 -0.000000000000E+00
 -0.000000000000E+00 -0.100000000000E+01 -0.000000000000E+00
 -0.000000000000E+00 -0.000000000000E+00 -0.100000000000E+01
  0.000000000000E+00  0.000000000000E+00  0.000000000000E+00
  0.000000000000E+00 -0.100000000000E+01 -0.000000000000E+00
 -0.100000000000E+01  0.000000000000E+00 -0.000000000000E+00
 -0.000000000000E+00  0.000000000000E+00 -0.100000000000E+01
  0.497813378991E+01  0.497813378991E+01  0.000000000000E+00
 -0.100000000000E+01 -0.000000000000E+00 -0.000000000000E+00
  0.000000000000E+00  0.100000000000E+01 -0.000000000000E+00
  0.000000000000E+00  0.000000000000E+00 -0.100000000000E+01
  0.995626757982E+01  0.746720068486E+01  0.746720068486E+01
 -0.000000000000E+00  0.100000000000E+01 -0.000000000000E+00
  0.100000000000E+01 -0.000000000000E+00 -0.000000000000E+00
  0.000000000000E+00 -0.000000000000E+00 -0.100000000000E+01
  0.497813378991E+01  0.248906689495E+01  0.746720068486E+01
 -0.000000000000E+00  0.000000000000E+00  0.100000000000E+01
  0.100000000000E+01  0.000000000000E+00 -0.000000000000E+00
  0.000000000000E+00  0.100000000000E+01 -0.000000000000E+00
  0.497813378991E+01  0.248906689495E+01  0.746720068486E+01
  0.000000000000E+00  0.100000000000E+01 -0.000000000000E+00
  0.000000000000E+00 -0.000000000000E+00  0.100000000000E+01
  0.100000000000E+01 -0.000000000000E+00  0.000000000000E+00
  0.497813378991E+01  0.746720068486E+01  0.248906689495E+01
  0.000000000000E+00 -0.000000000000E+00  0.100000000000E+01
 -0.100000000000E+01 -0.000000000000E+00 -0.000000000000E+00
 -0.000000000000E+00 -0.100000000000E+01 -0.000000000000E+00
  0.497813378991E+01  0.497813378991E+01  0.000000000000E+00
  0.000000000000E+00 -0.100000000000E+01  0.000000000000E+00
  0.000000000000E+00  0.000000000000E+00 -0.100000000000E+01
  0.100000000000E+01  0.000000000000E+00 -0.000000000000E+00
  0.497813378991E+01  0.746720068486E+01  0.248906689495E+01
 -0.000000000000E+00 -0.000000000000E+00 -0.100000000000E+01
  0.100000000000E+01 -0.000000000000E+00  0.000000000000E+00
  0.000000000000E+00 -0.100000000000E+01  0.000000000000E+00
  0.497813378991E+01  0.248906689495E+01  0.746720068486E+01
 -0.000000000000E+00  0.100000000000E+01  0.000000000000E+00
 -0.000000000000E+00 -0.000000000000E+00 -0.100000000000E+01
 -0.100000000000E+01 -0.000000000000E+00 -0.000000000000E+00
  0.497813378991E+01  0.000000000000E+00  0.497813378991E+01
  0.000000000000E+00  0.000000000000E+00 -0.100000000000E+01
 -0.100000000000E+01  0.000000000000E+00  0.000000000000E+00
 -0.000000000000E+00  0.100000000000E+01  0.000000000000E+00
  0.497813378991E+01  0.497813378991E+01  0.000000000000E+00
 -0.000000000000E+00 -0.100000000000E+01 -0.000000000000E+00
 -0.000000000000E+00  0.000000000000E+00  0.100000000000E+01
 -0.100000000000E+01  0.000000000000E+00  0.000000000000E+00
  0.497813378991E+01  0.000000000000E+00  0.497813378991E+01
  0.000000000000E+00  0.000000000000E+00  0.100000000000E+01
  0.000000000000E+00 -0.100000000000E+01 -0.000000000000E+00
  0.100000000000E+01 -0.000000000000E+00 -0.000000000000E+00
  0.497813378991E+01  0.746720068486E+01  0.248906689495E+01
  0.100000000000E+01 -0.000000000000E+00 -0.000000000000E+00
 -0.000000000000E+00 -0.000000000000E+00  0.100000000000E+01
 -0.000000000000E+00 -0.100000000000E+01  0.000000000000E+00
  0.000000000000E+00  0.000000000000E+00  0.000000000000E+00
  0.100000000000E+01  0.000000000000E+00  0.000000000000E+00
 -0.000000000000E+00  0.000000000000E+00 -0.100000000000E+01
 -0.000000000000E+00  0.100000000000E+01 -0.000000000000E+00
  0.000000000000E+00  0.000000000000E+00  0.000000000000E+00
 -0.100000000000E+01  0.000000000000E+00 -0.000000000000E+00
  0.000000000000E+00  0.000000000000E+00  0.100000000000E+01
  0.000000000000E+00  0.100000000000E+01  0.000000000000E+00
  0.995626757982E+01  0.746720068486E+01  0.746720068486E+01
 -0.000000000000E+00 -0.000000000000E+00  0.100000000000E+01
 -0.000000000000E+00  0.100000000000E+01 -0.000000000000E+00
 -0.100000000000E+01  0.000000000000E+00 -0.000000000000E+00
  0.497813378991E+01  0.000000000000E+00  0.497813378991E+01
  0.000000000000E+00 -0.000000000000E+00 -0.100000000000E+01
  0.000000000000E+00  0.100000000000E+01  0.000000000000E+00
  0.100000000000E+01  0.000000000000E+00  0.000000000000E+00
  0.497813378991E+01  0.746720068486E+01  0.248906689495E+01
 -0.000000000000E+00  0.000000000000E+00 -0.100000000000E+01
 -0.000000000000E+00 -0.100000000000E+01  0.000000000000E+00
 -0.100000000000E+01 -0.000000000000E+00  0.000000000000E+00
  0.497813378991E+01  0.000000000000E+00  0.497813378991E+01
 -0.100000000000E+01 -0.000000000000E+00  0.000000000000E+00
  0.000000000000E+00 -0.000000000000E+00 -0.100000000000E+01
  0.000000000000E+00 -0.100000000000E+01 -0.000000000000E+00
  0.995626757982E+01  0.746720068486E+01  0.746720068486E+01
 -0.100000000000E+01  0.000000000000E+00 -0.000000000000E+00
  0.000000000000E+00 -0.100000000000E+01 -0.000000000000E+00
  0.000000000000E+00 -0.000000000000E+00 -0.100000000000E+01
  0.995626757982E+01  0.746720068486E+01  0.746720068486E+01
  0.000000000000E+00  0.100000000000E+01 -0.000000000000E+00
 -0.100000000000E+01 -0.000000000000E+00 -0.000000000000E+00
 -0.000000000000E+00 -0.000000000000E+00 -0.100000000000E+01
  0.497813378991E+01  0.497813378991E+01  0.000000000000E+00
 -0.000000000000E+00 -0.100000000000E+01 -0.000000000000E+00
  0.100000000000E+01  0.000000000000E+00 -0.000000000000E+00
  0.000000000000E+00  0.000000000000E+00 -0.100000000000E+01
  0.497813378991E+01  0.248906689495E+01  0.746720068486E+01
  0.100000000000E+01 -0.000000000000E+00 -0.000000000000E+00
 -0.000000000000E+00  0.100000000000E+01 -0.000000000000E+00
 -0.000000000000E+00  0.000000000000E+00 -0.100000000000E+01
  0.000000000000E+00  0.000000000000E+00  0.000000000000E+00
 -0.100000000000E+01 -0.000000000000E+00  0.000000000000E+00
  0.000000000000E+00  0.100000000000E+01  0.000000000000E+00
  0.000000000000E+00  0.000000000000E+00  0.100000000000E+01
  0.995626757982E+01  0.746720068486E+01  0.746720068486E+01
 -0.000000000000E+00  0.100000000000E+01  0.000000000000E+00
  0.100000000000E+01 -0.000000000000E+00  0.000000000000E+00
  0.000000000000E+00 -0.000000000000E+00  0.100000000000E+01
  0.497813378991E+01  0.248906689495E+01  0.746720068486E+01
  0.100000000000E+01  0.000000000000E+00  0.000000000000E+00
 -0.000000000000E+00 -0.100000000000E+01  0.000000000000E+00
 -0.000000000000E+00 -0.000000000000E+00  0.100000000000E+01
  0.000000000000E+00  0.000000000000E+00  0.000000000000E+00
  0.000000000000E+00 -0.100000000000E+01  0.000000000000E+00
 -0.100000000000E+01  0.000000000000E+00  0.000000000000E+00
 -0.000000000000E+00  0.000000000000E+00  0.100000000000E+01
  0.497813378991E+01  0.497813378991E+01  0.000000000000E+00
  0.000000000000E+00 -0.000000000000E+00 -0.100000000000E+01
 -0.100000000000E+01 -0.000000000000E+00  0.000000000000E+00
 -0.000000000000E+00 -0.100000000000E+01  0.000000000000E+00
  0.497813378991E+01  0.497813378991E+01  0.000000000000E+00
 -0.000000000000E+00 -0.100000000000E+01  0.000000000000E+00
 -0.000000000000E+00  0.000000000000E+00 -0.100000000000E+01
 -0.100000000000E+01  0.000000000000E+00 -0.000000000000E+00
  0.497813378991E+01  0.000000000000E+00  0.497813378991E+01
 -0.000000000000E+00  0.000000000000E+00 -0.100000000000E+01
  0.100000000000E+01  0.000000000000E+00  0.000000000000E+00
  0.000000000000E+00  0.100000000000E+01  0.000000000000E+00
  0.497813378991E+01  0.248906689495E+01  0.746720068486E+01
 -0.000000000000E+00  0.100000000000E+01 -0.000000000000E+00
 -0.000000000000E+00 -0.000000000000E+00  0.100000000000E+01
 -0.100000000000E+01 -0.000000000000E+00  0.000000000000E+00
  0.497813378991E+01  0.000000000000E+00  0.497813378991E+01
  0.000000000000E+00  0.000000000000E+00  0.100000000000E+01
 -0.100000000000E+01  0.000000000000E+00 -0.000000000000E+00
 -0.000000000000E+00  0.100000000000E+01 -0.000000000000E+00
  0.497813378991E+01  0.497813378991E+01  0.000000000000E+00
  0.000000000000E+00 -0.100000000000E+01 -0.000000000000E+00
  0.000000000000E+00  0.000000000000E+00  0.100000000000E+01
  0.100000000000E+01  0.000000000000E+00  0.000000000000E+00
  0.497813378991E+01  0.746720068486E+01  0.248906689495E+01
 -0.000000000000E+00 -0.000000000000E+00  0.100000000000E+01
  0.100000000000E+01 -0.000000000000E+00 -0.000000000000E+00
  0.000000000000E+00 -0.100000000000E+01 -0.000000000000E+00
  0.497813378991E+01  0.248906689495E+01  0.746720068486E+01
  0.000000000000E+00  0.100000000000E+01  0.000000000000E+00
  0.000000000000E+00 -0.000000000000E+00 -0.100000000000E+01
  0.100000000000E+01 -0.000000000000E+00 -0.000000000000E+00
  0.497813378991E+01  0.746720068486E+01  0.248906689495E+01
 -0.000000000000E+00 -0.000000000000E+00 -0.100000000000E+01
 -0.000000000000E+00  0.100000000000E+01  0.000000000000E+00
 -0.100000000000E+01  0.000000000000E+00  0.000000000000E+00
  0.497813378991E+01  0.000000000000E+00  0.497813378991E+01
 -0.100000000000E+01  0.000000000000E+00  0.000000000000E+00
  0.000000000000E+00  0.000000000000E+00 -0.100000000000E+01
  0.000000000000E+00  0.100000000000E+01 -0.000000000000E+00
  0.995626757982E+01  0.746720068486E+01  0.746720068486E+01
 -0.100000000000E+01 -0.000000000000E+00 -0.000000000000E+00
  0.000000000000E+00 -0.000000000000E+00  0.100000000000E+01
  0.000000000000E+00 -0.100000000000E+01  0.000000000000E+00
  0.995626757982E+01  0.746720068486E+01  0.746720068486E+01
  0.100000000000E+01 -0.000000000000E+00  0.000000000000E+00
 -0.000000000000E+00 -0.000000000000E+00 -0.100000000000E+01
 -0.000000000000E+00 -0.100000000000E+01 -0.000000000000E+00
  0.000000000000E+00  0.000000000000E+00  0.000000000000E+00
  0.000000000000E+00  0.000000000000E+00 -0.100000000000E+01
  0.000000000000E+00 -0.100000000000E+01  0.000000000000E+00
  0.100000000000E+01 -0.000000000000E+00  0.000000000000E+00
  0.497813378991E+01  0.746720068486E+01  0.248906689495E+01
 -0.000000000000E+00  0.000000000000E+00  0.100000000000E+01
 -0.000000000000E+00 -0.100000000000E+01 -0.000000000000E+00
 -0.100000000000E+01 -0.000000000000E+00 -0.000000000000E+00
  0.497813378991E+01  0.000000000000E+00  0.497813378991E+01
  0.000000000000E+00 -0.000000000000E+00  0.100000000000E+01
  0.000000000000E+00  0.100000000000E+01 -0.000000000000E+00
  0.100000000000E+01  0.000000000000E+00 -0.000000000000E+00
  0.497813378991E+01  0.746720068486E+01  0.248906689495E+01
  0.100000000000E+01  0.000000000000E+00 -0.000000000000E+00
 -0.000000000000E+00  0.000000000000E+00  0.100000000000E+01
 -0.000000000000E+00  0.100000000000E+01  0.000000000000E+00
  0.000000000000E+00  0.000000000000E+00  0.000000000000E+00
   54
    3     -0.085531232399      0.000000000000      0.000000000000
    3      2.640674330819      2.337459459090     -0.000000000000
    3     -2.489066894955     -2.403535662556      0.000000000000
    3      2.640674330819      0.000000000000      2.337459459090
    3      4.978133789909      2.337459459090      2.337459459090
   22     -0.080463241885     -2.408603653070      2.408603653070
    3     -2.489066894955      0.000000000000     -2.403535662556
   22     -0.080463241885      2.408603653070     -2.408603653070
   22     -4.897670548025     -2.408603653070     -2.408603653070
   22     -0.080463241885      2.408603653070      2.408603653070
   22      2.569530136839      5.058597031794      2.408603653070
    3     -2.489066894955      0.000000000000      2.403535662556
   22      2.569530136839      2.408603653070      5.058597031794
    3      4.978133789909      5.129741225774      5.129741225774
    3     -0.151607435865      0.000000000000      5.129741225774
    3     -2.489066894955      2.403535662556      0.000000000000
    3     -0.151607435865      5.129741225774      0.000000000000
    3     -4.892602557511     -0.000000000000      0.000000000000
   22     -0.080463241885     -2.408603653070     -2.408603653070
    3      2.640674330819     -0.000000000000     -2.337459459090
    3     -2.489066894955     -5.129741225774     -2.337459459090
    3      2.640674330819     -2.337459459090     -0.000000000000
   22      4.978133789909     -0.000000000000     -0.000000000000
    3     -0.151607435865     -5.129741225774     -0.000000000000
    3     -2.489066894955     -2.337459459090     -5.129741225774
    3     -0.151607435865     -0.000000000000     -5.129741225774
   22     -4.897670548025     -5.058597031794     -5.058597031794
   16      2.386321693469      2.591812096441      2.591812096441
   16      4.978133789909      4.926215850546      2.540984834318
   16      0.051917939364     -0.000000000000      2.540984834318
   16      4.978133789909      2.540984834318      4.926215850546
   16      7.569945886350      4.875388588423      4.875388588423
   16      2.437148955591     -0.000000000000      4.926215850546
   16      0.051917939364      2.540984834318     -0.000000000000
   16      2.437148955591      4.926215850546      0.000000000000
   16     -2.489066894955     -0.000000000000     -0.000000000000
   16      2.386321693469      4.875388588423      4.875388588423
   16      4.978133789909      7.467200684864      5.021786611426
   16      0.102745201486      2.591812096441      4.875388588423
   16      4.978133789909      5.021786611426      7.467200684864
   16      7.423547863347      7.467200684864      7.467200684864
   16      2.437148955591      2.540984834318      7.467200684864
   16      0.102745201486      4.875388588423      2.591812096441
   16      2.437148955591      7.467200684864      2.540984834318
   16     -2.489066894955      2.540984834318      2.540984834318
   16      2.532719716471     -0.000000000000     -0.000000000000
   16      4.978133789909      2.445414073438     -0.000000000000
   16      0.051917939364     -2.540984834318     -0.000000000000
   16      4.978133789909     -0.000000000000      2.445414073438
   16      7.569945886350      2.591812096441      2.591812096441
   16      2.386321693469     -2.591812096441      2.591812096441
   16      0.051917939364     -0.000000000000     -2.540984834318
   16      2.386321693469      2.591812096441     -2.591812096441
   16     -2.489066894955     -2.540984834318     -2.540984834318
  225   48
