   3   1   1 E -1.8527572280210E+04 DE 2.1E-09(  6)
  0.000000000000E+00  0.746742408419E+01  0.746742408419E+01
  0.746742408419E+01  0.000000000000E+00  0.746742408419E+01
  0.746742408419E+01  0.746742408419E+01  0.000000000000E+00
   48
  0.100000000000E+01 -0.000000000000E+00  0.000000000000E+00
 -0.000000000000E+00  0.100000000000E+01  0.000000000000E+00
 -0.000000000000E+00  0.000000000000E+00  0.100000000000E+01
  0.000000000000E+00  0.000000000000E+00  0.000000000000E+00
 -0.000000000000E+00 -0.100000000000E+01  0.000000000000E+00
  0.100000000000E+01  0.000000000000E+00  0.000000000000E+00
  0.000000000000E+00  0.000000000000E+00  0.100000000000E+01
  0.497828272279E+01  0.248914136140E+01  0.746742408419E+01
  0.000000000000E+00  0.100000000000E+01  0.000000000000E+00
 -0.100000000000E+01 -0.000000000000E+00  0.000000000000E+00
 -0.000000000000E+00 -0.000000000000E+00  0.100000000000E+01
  0.497828272279E+01  0.497828272279E+01  0.000000000000E+00
 -0.100000000000E+01  0.000000000000E+00  0.000000000000E+00
  0.000000000000E+00 -0.100000000000E+01  0.000000000000E+00
  0.000000000000E+00 -0.000000000000E+00  0.100000000000E+01
  0.995656544559E+01  0.746742408419E+01  0.746742408419E+01
  0.100000000000E+01  0.000000000000E+00 -0.000000000000E+00
 -0.000000000000E+00 -0.100000000000E+01 -0.000000000000E+00
 -0.000000000000E+00 -0.000000000000E+00 -0.100000000000E+01
  0.000000000000E+00  0.000000000000E+00  0.000000000000E+00
  0.000000000000E+00 -0.100000000000E+01 -0.000000000000E+00
 -0.100000000000E+01  0.000000000000E+00 -0.000000000000E+00
 -0.000000000000E+00  0.000000000000E+00 -0.100000000000E+01
  0.497828272279E+01  0.497828272279E+01  0.000000000000E+00
 -0.100000000000E+01 -0.000000000000E+00 -0.000000000000E+00
  0.000000000000E+00  0.100000000000E+01 -0.000000000000E+00
  0.000000000000E+00  0.000000000000E+00 -0.100000000000E+01
  0.995656544559E+01  0.746742408419E+01  0.746742408419E+01
 -0.000000000000E+00  0.100000000000E+01 -0.000000000000E+00
  0.100000000000E+01 -0.000000000000E+00 -0.000000000000E+00
  0.000000000000E+00 -0.000000000000E+00 -0.100000000000E+01
  0.497828272279E+01  0.248914136140E+01  0.746742408419E+01
 -0.000000000000E+00  0.000000000000E+00  0.100000000000E+01
  0.100000000000E+01  0.000000000000E+00 -0.000000000000E+00
  0.000000000000E+00  0.100000000000E+01 -0.000000000000E+00
  0.497828272279E+01  0.248914136140E+01  0.746742408419E+01
  0.000000000000E+00  0.100000000000E+01 -0.000000000000E+00
  0.000000000000E+00 -0.000000000000E+00  0.100000000000E+01
  0.100000000000E+01 -0.000000000000E+00  0.000000000000E+00
  0.497828272279E+01  0.746742408419E+01  0.248914136140E+01
  0.000000000000E+00 -0.000000000000E+00  0.100000000000E+01
 -0.100000000000E+01 -0.000000000000E+00 -0.000000000000E+00
 -0.000000000000E+00 -0.100000000000E+01 -0.000000000000E+00
  0.497828272279E+01  0.497828272279E+01  0.000000000000E+00
  0.000000000000E+00 -0.100000000000E+01  0.000000000000E+00
  0.000000000000E+00  0.000000000000E+00 -0.100000000000E+01
  0.100000000000E+01  0.000000000000E+00 -0.000000000000E+00
  0.497828272279E+01  0.746742408419E+01  0.248914136140E+01
 -0.000000000000E+00 -0.000000000000E+00 -0.100000000000E+01
  0.100000000000E+01 -0.000000000000E+00  0.000000000000E+00
  0.000000000000E+00 -0.100000000000E+01  0.000000000000E+00
  0.497828272279E+01  0.248914136140E+01  0.746742408419E+01
 -0.000000000000E+00  0.100000000000E+01  0.000000000000E+00
 -0.000000000000E+00 -0.000000000000E+00 -0.100000000000E+01
 -0.100000000000E+01 -0.000000000000E+00 -0.000000000000E+00
  0.497828272279E+01  0.000000000000E+00  0.497828272279E+01
  0.000000000000E+00  0.000000000000E+00 -0.100000000000E+01
 -0.100000000000E+01  0.000000000000E+00  0.000000000000E+00
 -0.000000000000E+00  0.100000000000E+01  0.000000000000E+00
  0.497828272279E+01  0.497828272279E+01  0.000000000000E+00
 -0.000000000000E+00 -0.100000000000E+01 -0.000000000000E+00
 -0.000000000000E+00  0.000000000000E+00  0.100000000000E+01
 -0.100000000000E+01  0.000000000000E+00  0.000000000000E+00
  0.497828272279E+01  0.000000000000E+00  0.497828272279E+01
  0.000000000000E+00  0.000000000000E+00  0.100000000000E+01
  0.000000000000E+00 -0.100000000000E+01 -0.000000000000E+00
  0.100000000000E+01 -0.000000000000E+00 -0.000000000000E+00
  0.497828272279E+01  0.746742408419E+01  0.248914136140E+01
  0.100000000000E+01 -0.000000000000E+00 -0.000000000000E+00
 -0.000000000000E+00 -0.000000000000E+00  0.100000000000E+01
 -0.000000000000E+00 -0.100000000000E+01  0.000000000000E+00
  0.000000000000E+00  0.000000000000E+00  0.000000000000E+00
  0.100000000000E+01  0.000000000000E+00  0.000000000000E+00
 -0.000000000000E+00  0.000000000000E+00 -0.100000000000E+01
 -0.000000000000E+00  0.100000000000E+01 -0.000000000000E+00
  0.000000000000E+00  0.000000000000E+00  0.000000000000E+00
 -0.100000000000E+01  0.000000000000E+00 -0.000000000000E+00
  0.000000000000E+00  0.000000000000E+00  0.100000000000E+01
  0.000000000000E+00  0.100000000000E+01  0.000000000000E+00
  0.995656544559E+01  0.746742408419E+01  0.746742408419E+01
 -0.000000000000E+00 -0.000000000000E+00  0.100000000000E+01
 -0.000000000000E+00  0.100000000000E+01 -0.000000000000E+00
 -0.100000000000E+01  0.000000000000E+00 -0.000000000000E+00
  0.497828272279E+01  0.000000000000E+00  0.497828272279E+01
  0.000000000000E+00 -0.000000000000E+00 -0.100000000000E+01
  0.000000000000E+00  0.100000000000E+01  0.000000000000E+00
  0.100000000000E+01  0.000000000000E+00  0.000000000000E+00
  0.497828272279E+01  0.746742408419E+01  0.248914136140E+01
 -0.000000000000E+00  0.000000000000E+00 -0.100000000000E+01
 -0.000000000000E+00 -0.100000000000E+01  0.000000000000E+00
 -0.100000000000E+01 -0.000000000000E+00  0.000000000000E+00
  0.497828272279E+01  0.000000000000E+00  0.497828272279E+01
 -0.100000000000E+01 -0.000000000000E+00  0.000000000000E+00
  0.000000000000E+00 -0.000000000000E+00 -0.100000000000E+01
  0.000000000000E+00 -0.100000000000E+01 -0.000000000000E+00
  0.995656544559E+01  0.746742408419E+01  0.746742408419E+01
 -0.100000000000E+01  0.000000000000E+00 -0.000000000000E+00
  0.000000000000E+00 -0.100000000000E+01 -0.000000000000E+00
  0.000000000000E+00 -0.000000000000E+00 -0.100000000000E+01
  0.995656544559E+01  0.746742408419E+01  0.746742408419E+01
  0.000000000000E+00  0.100000000000E+01 -0.000000000000E+00
 -0.100000000000E+01 -0.000000000000E+00 -0.000000000000E+00
 -0.000000000000E+00 -0.000000000000E+00 -0.100000000000E+01
  0.497828272279E+01  0.497828272279E+01  0.000000000000E+00
 -0.000000000000E+00 -0.100000000000E+01 -0.000000000000E+00
  0.100000000000E+01  0.000000000000E+00 -0.000000000000E+00
  0.000000000000E+00  0.000000000000E+00 -0.100000000000E+01
  0.497828272279E+01  0.248914136140E+01  0.746742408419E+01
  0.100000000000E+01 -0.000000000000E+00 -0.000000000000E+00
 -0.000000000000E+00  0.100000000000E+01 -0.000000000000E+00
 -0.000000000000E+00  0.000000000000E+00 -0.100000000000E+01
  0.000000000000E+00  0.000000000000E+00  0.000000000000E+00
 -0.100000000000E+01 -0.000000000000E+00  0.000000000000E+00
  0.000000000000E+00  0.100000000000E+01  0.000000000000E+00
  0.000000000000E+00  0.000000000000E+00  0.100000000000E+01
  0.995656544559E+01  0.746742408419E+01  0.746742408419E+01
 -0.000000000000E+00  0.100000000000E+01  0.000000000000E+00
  0.100000000000E+01 -0.000000000000E+00  0.000000000000E+00
  0.000000000000E+00 -0.000000000000E+00  0.100000000000E+01
  0.497828272279E+01  0.248914136140E+01  0.746742408419E+01
  0.100000000000E+01  0.000000000000E+00  0.000000000000E+00
 -0.000000000000E+00 -0.100000000000E+01  0.000000000000E+00
 -0.000000000000E+00 -0.000000000000E+00  0.100000000000E+01
  0.000000000000E+00  0.000000000000E+00  0.000000000000E+00
  0.000000000000E+00 -0.100000000000E+01  0.000000000000E+00
 -0.100000000000E+01  0.000000000000E+00  0.000000000000E+00
 -0.000000000000E+00  0.000000000000E+00  0.100000000000E+01
  0.497828272279E+01  0.497828272279E+01  0.000000000000E+00
  0.000000000000E+00 -0.000000000000E+00 -0.100000000000E+01
 -0.100000000000E+01 -0.000000000000E+00  0.000000000000E+00
 -0.000000000000E+00 -0.100000000000E+01  0.000000000000E+00
  0.497828272279E+01  0.497828272279E+01  0.000000000000E+00
 -0.000000000000E+00 -0.100000000000E+01  0.000000000000E+00
 -0.000000000000E+00  0.000000000000E+00 -0.100000000000E+01
 -0.100000000000E+01  0.000000000000E+00 -0.000000000000E+00
  0.497828272279E+01  0.000000000000E+00  0.497828272279E+01
 -0.000000000000E+00  0.000000000000E+00 -0.100000000000E+01
  0.100000000000E+01  0.000000000000E+00  0.000000000000E+00
  0.000000000000E+00  0.100000000000E+01  0.000000000000E+00
  0.497828272279E+01  0.248914136140E+01  0.746742408419E+01
 -0.000000000000E+00  0.100000000000E+01 -0.000000000000E+00
 -0.000000000000E+00 -0.000000000000E+00  0.100000000000E+01
 -0.100000000000E+01 -0.000000000000E+00  0.000000000000E+00
  0.497828272279E+01  0.000000000000E+00  0.497828272279E+01
  0.000000000000E+00  0.000000000000E+00  0.100000000000E+01
 -0.100000000000E+01  0.000000000000E+00 -0.000000000000E+00
 -0.000000000000E+00  0.100000000000E+01 -0.000000000000E+00
  0.497828272279E+01  0.497828272279E+01  0.000000000000E+00
  0.000000000000E+00 -0.100000000000E+01 -0.000000000000E+00
  0.000000000000E+00  0.000000000000E+00  0.100000000000E+01
  0.100000000000E+01  0.000000000000E+00  0.000000000000E+00
  0.497828272279E+01  0.746742408419E+01  0.248914136140E+01
 -0.000000000000E+00 -0.000000000000E+00  0.100000000000E+01
  0.100000000000E+01 -0.000000000000E+00 -0.000000000000E+00
  0.000000000000E+00 -0.100000000000E+01 -0.000000000000E+00
  0.497828272279E+01  0.248914136140E+01  0.746742408419E+01
  0.000000000000E+00  0.100000000000E+01  0.000000000000E+00
  0.000000000000E+00 -0.000000000000E+00 -0.100000000000E+01
  0.100000000000E+01 -0.000000000000E+00 -0.000000000000E+00
  0.497828272279E+01  0.746742408419E+01  0.248914136140E+01
 -0.000000000000E+00 -0.000000000000E+00 -0.100000000000E+01
 -0.000000000000E+00  0.100000000000E+01  0.000000000000E+00
 -0.100000000000E+01  0.000000000000E+00  0.000000000000E+00
  0.497828272279E+01  0.000000000000E+00  0.497828272279E+01
 -0.100000000000E+01  0.000000000000E+00  0.000000000000E+00
  0.000000000000E+00  0.000000000000E+00 -0.100000000000E+01
  0.000000000000E+00  0.100000000000E+01 -0.000000000000E+00
  0.995656544559E+01  0.746742408419E+01  0.746742408419E+01
 -0.100000000000E+01 -0.000000000000E+00 -0.000000000000E+00
  0.000000000000E+00 -0.000000000000E+00  0.100000000000E+01
  0.000000000000E+00 -0.100000000000E+01  0.000000000000E+00
  0.995656544559E+01  0.746742408419E+01  0.746742408419E+01
  0.100000000000E+01 -0.000000000000E+00  0.000000000000E+00
 -0.000000000000E+00 -0.000000000000E+00 -0.100000000000E+01
 -0.000000000000E+00 -0.100000000000E+01 -0.000000000000E+00
  0.000000000000E+00  0.000000000000E+00  0.000000000000E+00
  0.000000000000E+00  0.000000000000E+00 -0.100000000000E+01
  0.000000000000E+00 -0.100000000000E+01  0.000000000000E+00
  0.100000000000E+01 -0.000000000000E+00  0.000000000000E+00
  0.497828272279E+01  0.746742408419E+01  0.248914136140E+01
 -0.000000000000E+00  0.000000000000E+00  0.100000000000E+01
 -0.000000000000E+00 -0.100000000000E+01 -0.000000000000E+00
 -0.100000000000E+01 -0.000000000000E+00 -0.000000000000E+00
  0.497828272279E+01  0.000000000000E+00  0.497828272279E+01
  0.000000000000E+00 -0.000000000000E+00  0.100000000000E+01
  0.000000000000E+00  0.100000000000E+01 -0.000000000000E+00
  0.100000000000E+01  0.000000000000E+00 -0.000000000000E+00
  0.497828272279E+01  0.746742408419E+01  0.248914136140E+01
  0.100000000000E+01  0.000000000000E+00 -0.000000000000E+00
 -0.000000000000E+00  0.000000000000E+00  0.100000000000E+01
 -0.000000000000E+00  0.100000000000E+01  0.000000000000E+00
  0.000000000000E+00  0.000000000000E+00  0.000000000000E+00
   54
    3     -0.085823155461      0.000000000000      0.000000000000
    3      2.640731990201      2.337550732592     -0.000000000000
    3     -2.489141361397     -2.403318205936      0.000000000000
    3      2.640731990201      0.000000000000      2.337550732592
    3      4.978282722793      2.337550732592      2.337550732592
   22     -0.080486098403     -2.408655262994      2.408655262994
    3     -2.489141361397      0.000000000000     -2.403318205936
   22     -0.080486098403      2.408655262994     -2.408655262994
   22     -4.897796624390     -2.408655262994     -2.408655262994
   22     -0.080486098403      2.408655262994      2.408655262994
   22      2.569627459799      5.058768821196      2.408655262994
    3     -2.489141361397      0.000000000000      2.403318205936
   22      2.569627459799      2.408655262994      5.058768821196
    3      4.978282722793      5.129873351598      5.129873351598
    3     -0.151590628805      0.000000000000      5.129873351598
    3     -2.489141361397      2.403318205936      0.000000000000
    3     -0.151590628805      5.129873351598      0.000000000000
    3     -4.892459567333     -0.000000000000      0.000000000000
   22     -0.080486098403     -2.408655262994     -2.408655262994
    3      2.640731990201     -0.000000000000     -2.337550732592
    3     -2.489141361397     -5.129873351598     -2.337550732592
    3      2.640731990201     -2.337550732592     -0.000000000000
   22      4.978282722793     -0.000000000000     -0.000000000000
    3     -0.151590628805     -5.129873351598     -0.000000000000
    3     -2.489141361397     -2.337550732592     -5.129873351598
    3     -0.151590628805     -0.000000000000     -5.129873351598
   22     -4.897796624390     -5.058768821196     -5.058768821196
   16      2.386249631780      2.592033091013      2.592033091013
   16      4.978282722793      4.925781695440      2.541642388750
   16      0.052501027353     -0.000000000000      2.541642388750
   16      4.978282722793      2.541642388750      4.925781695440
   16      7.570315813806      4.875390993177      4.875390993177
   16      2.436640334043     -0.000000000000      4.925781695440
   16      0.052501027353      2.541642388750     -0.000000000000
   16      2.436640334043      4.925781695440      0.000000000000
   16     -2.489141361397     -0.000000000000     -0.000000000000
   16      2.386249631780      4.875390993177      4.875390993177
   16      4.978282722793      7.467424084190      5.022515531757
   16      0.102891729616      2.592033091013      4.875390993177
   16      4.978282722793      5.022515531757      7.467424084190
   16      7.423191275226      7.467424084190      7.467424084190
   16      2.436640334043      2.541642388750      7.467424084190
   16      0.102891729616      4.875390993177      2.592033091013
   16      2.436640334043      7.467424084190      2.541642388750
   16     -2.489141361397      2.541642388750      2.541642388750
   16      2.533374170360     -0.000000000000     -0.000000000000
   16      4.978282722793      2.444908552433     -0.000000000000
   16      0.052501027353     -2.541642388750     -0.000000000000
   16      4.978282722793     -0.000000000000      2.444908552433
   16      7.570315813806      2.592033091013      2.592033091013
   16      2.386249631780     -2.592033091013      2.592033091013
   16      0.052501027353     -0.000000000000     -2.541642388750
   16      2.386249631780      2.592033091013     -2.592033091013
   16     -2.489141361397     -2.541642388750     -2.541642388750
  225   48
