   3   1   1 E -1.8527557616999E+04 DE 1.3E-08( 16)
  0.000000000000E+00  0.743315767754E+01  0.743315767754E+01
  0.743315767754E+01  0.000000000000E+00  0.743315767754E+01
  0.743315767754E+01  0.743315767754E+01  0.000000000000E+00
   48
  0.100000000000E+01 -0.000000000000E+00  0.000000000000E+00
 -0.000000000000E+00  0.100000000000E+01  0.000000000000E+00
 -0.000000000000E+00  0.000000000000E+00  0.100000000000E+01
  0.000000000000E+00  0.000000000000E+00  0.000000000000E+00
 -0.000000000000E+00 -0.100000000000E+01  0.000000000000E+00
  0.100000000000E+01  0.000000000000E+00  0.000000000000E+00
  0.000000000000E+00  0.000000000000E+00  0.100000000000E+01
  0.495543845169E+01  0.247771922585E+01  0.743315767754E+01
  0.000000000000E+00  0.100000000000E+01  0.000000000000E+00
 -0.100000000000E+01 -0.000000000000E+00  0.000000000000E+00
 -0.000000000000E+00 -0.000000000000E+00  0.100000000000E+01
  0.495543845169E+01  0.495543845169E+01  0.000000000000E+00
 -0.100000000000E+01  0.000000000000E+00  0.000000000000E+00
  0.000000000000E+00 -0.100000000000E+01  0.000000000000E+00
  0.000000000000E+00 -0.000000000000E+00  0.100000000000E+01
  0.991087690339E+01  0.743315767754E+01  0.743315767754E+01
  0.100000000000E+01  0.000000000000E+00 -0.000000000000E+00
 -0.000000000000E+00 -0.100000000000E+01 -0.000000000000E+00
 -0.000000000000E+00 -0.000000000000E+00 -0.100000000000E+01
  0.000000000000E+00  0.000000000000E+00  0.000000000000E+00
  0.000000000000E+00 -0.100000000000E+01 -0.000000000000E+00
 -0.100000000000E+01  0.000000000000E+00 -0.000000000000E+00
 -0.000000000000E+00  0.000000000000E+00 -0.100000000000E+01
  0.495543845169E+01  0.495543845169E+01  0.000000000000E+00
 -0.100000000000E+01 -0.000000000000E+00 -0.000000000000E+00
  0.000000000000E+00  0.100000000000E+01 -0.000000000000E+00
  0.000000000000E+00  0.000000000000E+00 -0.100000000000E+01
  0.991087690339E+01  0.743315767754E+01  0.743315767754E+01
 -0.000000000000E+00  0.100000000000E+01 -0.000000000000E+00
  0.100000000000E+01 -0.000000000000E+00 -0.000000000000E+00
  0.000000000000E+00 -0.000000000000E+00 -0.100000000000E+01
  0.495543845169E+01  0.247771922585E+01  0.743315767754E+01
 -0.000000000000E+00  0.000000000000E+00  0.100000000000E+01
  0.100000000000E+01  0.000000000000E+00 -0.000000000000E+00
  0.000000000000E+00  0.100000000000E+01 -0.000000000000E+00
  0.495543845169E+01  0.247771922585E+01  0.743315767754E+01
  0.000000000000E+00  0.100000000000E+01 -0.000000000000E+00
  0.000000000000E+00 -0.000000000000E+00  0.100000000000E+01
  0.100000000000E+01 -0.000000000000E+00  0.000000000000E+00
  0.495543845169E+01  0.743315767754E+01  0.247771922585E+01
  0.000000000000E+00 -0.000000000000E+00  0.100000000000E+01
 -0.100000000000E+01 -0.000000000000E+00 -0.000000000000E+00
 -0.000000000000E+00 -0.100000000000E+01 -0.000000000000E+00
  0.495543845169E+01  0.495543845169E+01  0.000000000000E+00
  0.000000000000E+00 -0.100000000000E+01  0.000000000000E+00
  0.000000000000E+00  0.000000000000E+00 -0.100000000000E+01
  0.100000000000E+01  0.000000000000E+00 -0.000000000000E+00
  0.495543845169E+01  0.743315767754E+01  0.247771922585E+01
 -0.000000000000E+00 -0.000000000000E+00 -0.100000000000E+01
  0.100000000000E+01 -0.000000000000E+00  0.000000000000E+00
  0.000000000000E+00 -0.100000000000E+01  0.000000000000E+00
  0.495543845169E+01  0.247771922585E+01  0.743315767754E+01
 -0.000000000000E+00  0.100000000000E+01  0.000000000000E+00
 -0.000000000000E+00 -0.000000000000E+00 -0.100000000000E+01
 -0.100000000000E+01 -0.000000000000E+00 -0.000000000000E+00
  0.495543845169E+01  0.000000000000E+00  0.495543845169E+01
  0.000000000000E+00  0.000000000000E+00 -0.100000000000E+01
 -0.100000000000E+01  0.000000000000E+00  0.000000000000E+00
 -0.000000000000E+00  0.100000000000E+01  0.000000000000E+00
  0.495543845169E+01  0.495543845169E+01  0.000000000000E+00
 -0.000000000000E+00 -0.100000000000E+01 -0.000000000000E+00
 -0.000000000000E+00  0.000000000000E+00  0.100000000000E+01
 -0.100000000000E+01  0.000000000000E+00  0.000000000000E+00
  0.495543845169E+01  0.000000000000E+00  0.495543845169E+01
  0.000000000000E+00  0.000000000000E+00  0.100000000000E+01
  0.000000000000E+00 -0.100000000000E+01 -0.000000000000E+00
  0.100000000000E+01 -0.000000000000E+00 -0.000000000000E+00
  0.495543845169E+01  0.743315767754E+01  0.247771922585E+01
  0.100000000000E+01 -0.000000000000E+00 -0.000000000000E+00
 -0.000000000000E+00 -0.000000000000E+00  0.100000000000E+01
 -0.000000000000E+00 -0.100000000000E+01  0.000000000000E+00
  0.000000000000E+00  0.000000000000E+00  0.000000000000E+00
  0.100000000000E+01  0.000000000000E+00  0.000000000000E+00
 -0.000000000000E+00  0.000000000000E+00 -0.100000000000E+01
 -0.000000000000E+00  0.100000000000E+01 -0.000000000000E+00
  0.000000000000E+00  0.000000000000E+00  0.000000000000E+00
 -0.100000000000E+01  0.000000000000E+00 -0.000000000000E+00
  0.000000000000E+00  0.000000000000E+00  0.100000000000E+01
  0.000000000000E+00  0.100000000000E+01  0.000000000000E+00
  0.991087690339E+01  0.743315767754E+01  0.743315767754E+01
 -0.000000000000E+00 -0.000000000000E+00  0.100000000000E+01
 -0.000000000000E+00  0.100000000000E+01 -0.000000000000E+00
 -0.100000000000E+01  0.000000000000E+00 -0.000000000000E+00
  0.495543845169E+01  0.000000000000E+00  0.495543845169E+01
  0.000000000000E+00 -0.000000000000E+00 -0.100000000000E+01
  0.000000000000E+00  0.100000000000E+01  0.000000000000E+00
  0.100000000000E+01  0.000000000000E+00  0.000000000000E+00
  0.495543845169E+01  0.743315767754E+01  0.247771922585E+01
 -0.000000000000E+00  0.000000000000E+00 -0.100000000000E+01
 -0.000000000000E+00 -0.100000000000E+01  0.000000000000E+00
 -0.100000000000E+01 -0.000000000000E+00  0.000000000000E+00
  0.495543845169E+01  0.000000000000E+00  0.495543845169E+01
 -0.100000000000E+01 -0.000000000000E+00  0.000000000000E+00
  0.000000000000E+00 -0.000000000000E+00 -0.100000000000E+01
  0.000000000000E+00 -0.100000000000E+01 -0.000000000000E+00
  0.991087690339E+01  0.743315767754E+01  0.743315767754E+01
 -0.100000000000E+01  0.000000000000E+00 -0.000000000000E+00
  0.000000000000E+00 -0.100000000000E+01 -0.000000000000E+00
  0.000000000000E+00 -0.000000000000E+00 -0.100000000000E+01
  0.991087690339E+01  0.743315767754E+01  0.743315767754E+01
  0.000000000000E+00  0.100000000000E+01 -0.000000000000E+00
 -0.100000000000E+01 -0.000000000000E+00 -0.000000000000E+00
 -0.000000000000E+00 -0.000000000000E+00 -0.100000000000E+01
  0.495543845169E+01  0.495543845169E+01  0.000000000000E+00
 -0.000000000000E+00 -0.100000000000E+01 -0.000000000000E+00
  0.100000000000E+01  0.000000000000E+00 -0.000000000000E+00
  0.000000000000E+00  0.000000000000E+00 -0.100000000000E+01
  0.495543845169E+01  0.247771922585E+01  0.743315767754E+01
  0.100000000000E+01 -0.000000000000E+00 -0.000000000000E+00
 -0.000000000000E+00  0.100000000000E+01 -0.000000000000E+00
 -0.000000000000E+00  0.000000000000E+00 -0.100000000000E+01
  0.000000000000E+00  0.000000000000E+00  0.000000000000E+00
 -0.100000000000E+01 -0.000000000000E+00  0.000000000000E+00
  0.000000000000E+00  0.100000000000E+01  0.000000000000E+00
  0.000000000000E+00  0.000000000000E+00  0.100000000000E+01
  0.991087690339E+01  0.743315767754E+01  0.743315767754E+01
 -0.000000000000E+00  0.100000000000E+01  0.000000000000E+00
  0.100000000000E+01 -0.000000000000E+00  0.000000000000E+00
  0.000000000000E+00 -0.000000000000E+00  0.100000000000E+01
  0.495543845169E+01  0.247771922585E+01  0.743315767754E+01
  0.100000000000E+01  0.000000000000E+00  0.000000000000E+00
 -0.000000000000E+00 -0.100000000000E+01  0.000000000000E+00
 -0.000000000000E+00 -0.000000000000E+00  0.100000000000E+01
  0.000000000000E+00  0.000000000000E+00  0.000000000000E+00
  0.000000000000E+00 -0.100000000000E+01  0.000000000000E+00
 -0.100000000000E+01  0.000000000000E+00  0.000000000000E+00
 -0.000000000000E+00  0.000000000000E+00  0.100000000000E+01
  0.495543845169E+01  0.495543845169E+01  0.000000000000E+00
  0.000000000000E+00 -0.000000000000E+00 -0.100000000000E+01
 -0.100000000000E+01 -0.000000000000E+00  0.000000000000E+00
 -0.000000000000E+00 -0.100000000000E+01  0.000000000000E+00
  0.495543845169E+01  0.495543845169E+01  0.000000000000E+00
 -0.000000000000E+00 -0.100000000000E+01  0.000000000000E+00
 -0.000000000000E+00  0.000000000000E+00 -0.100000000000E+01
 -0.100000000000E+01  0.000000000000E+00 -0.000000000000E+00
  0.495543845169E+01  0.000000000000E+00  0.495543845169E+01
 -0.000000000000E+00  0.000000000000E+00 -0.100000000000E+01
  0.100000000000E+01  0.000000000000E+00  0.000000000000E+00
  0.000000000000E+00  0.100000000000E+01  0.000000000000E+00
  0.495543845169E+01  0.247771922585E+01  0.743315767754E+01
 -0.000000000000E+00  0.100000000000E+01 -0.000000000000E+00
 -0.000000000000E+00 -0.000000000000E+00  0.100000000000E+01
 -0.100000000000E+01 -0.000000000000E+00  0.000000000000E+00
  0.495543845169E+01  0.000000000000E+00  0.495543845169E+01
  0.000000000000E+00  0.000000000000E+00  0.100000000000E+01
 -0.100000000000E+01  0.000000000000E+00 -0.000000000000E+00
 -0.000000000000E+00  0.100000000000E+01 -0.000000000000E+00
  0.495543845169E+01  0.495543845169E+01  0.000000000000E+00
  0.000000000000E+00 -0.100000000000E+01 -0.000000000000E+00
  0.000000000000E+00  0.000000000000E+00  0.100000000000E+01
  0.100000000000E+01  0.000000000000E+00  0.000000000000E+00
  0.495543845169E+01  0.743315767754E+01  0.247771922585E+01
 -0.000000000000E+00 -0.000000000000E+00  0.100000000000E+01
  0.100000000000E+01 -0.000000000000E+00 -0.000000000000E+00
  0.000000000000E+00 -0.100000000000E+01 -0.000000000000E+00
  0.495543845169E+01  0.247771922585E+01  0.743315767754E+01
  0.000000000000E+00  0.100000000000E+01  0.000000000000E+00
  0.000000000000E+00 -0.000000000000E+00 -0.100000000000E+01
  0.100000000000E+01 -0.000000000000E+00 -0.000000000000E+00
  0.495543845169E+01  0.743315767754E+01  0.247771922585E+01
 -0.000000000000E+00 -0.000000000000E+00 -0.100000000000E+01
 -0.000000000000E+00  0.100000000000E+01  0.000000000000E+00
 -0.100000000000E+01  0.000000000000E+00  0.000000000000E+00
  0.495543845169E+01  0.000000000000E+00  0.495543845169E+01
 -0.100000000000E+01  0.000000000000E+00  0.000000000000E+00
  0.000000000000E+00  0.000000000000E+00 -0.100000000000E+01
  0.000000000000E+00  0.100000000000E+01 -0.000000000000E+00
  0.991087690339E+01  0.743315767754E+01  0.743315767754E+01
 -0.100000000000E+01 -0.000000000000E+00 -0.000000000000E+00
  0.000000000000E+00 -0.000000000000E+00  0.100000000000E+01
  0.000000000000E+00 -0.100000000000E+01  0.000000000000E+00
  0.991087690339E+01  0.743315767754E+01  0.743315767754E+01
  0.100000000000E+01 -0.000000000000E+00  0.000000000000E+00
 -0.000000000000E+00 -0.000000000000E+00 -0.100000000000E+01
 -0.000000000000E+00 -0.100000000000E+01 -0.000000000000E+00
  0.000000000000E+00  0.000000000000E+00  0.000000000000E+00
  0.000000000000E+00  0.000000000000E+00 -0.100000000000E+01
  0.000000000000E+00 -0.100000000000E+01  0.000000000000E+00
  0.100000000000E+01 -0.000000000000E+00  0.000000000000E+00
  0.495543845169E+01  0.743315767754E+01  0.247771922585E+01
 -0.000000000000E+00  0.000000000000E+00  0.100000000000E+01
 -0.000000000000E+00 -0.100000000000E+01 -0.000000000000E+00
 -0.100000000000E+01 -0.000000000000E+00 -0.000000000000E+00
  0.495543845169E+01  0.000000000000E+00  0.495543845169E+01
  0.000000000000E+00 -0.000000000000E+00  0.100000000000E+01
  0.000000000000E+00  0.100000000000E+01 -0.000000000000E+00
  0.100000000000E+01  0.000000000000E+00 -0.000000000000E+00
  0.495543845169E+01  0.743315767754E+01  0.247771922585E+01
  0.100000000000E+01  0.000000000000E+00 -0.000000000000E+00
 -0.000000000000E+00  0.000000000000E+00  0.100000000000E+01
 -0.000000000000E+00  0.100000000000E+01  0.000000000000E+00
  0.000000000000E+00  0.000000000000E+00  0.000000000000E+00
   54
    3     -0.030273689755      0.000000000000      0.000000000000
    3      2.549618970089      2.405819481604     -0.000000000000
    3     -2.477719225847     -2.447445536092      0.000000000000
    3      2.549618970089      0.000000000000      2.405819481604
    3      4.955438451693      2.405819481604      2.405819481604
   22     -0.080819104852     -2.396900120994      2.396900120994
    3     -2.477719225847      0.000000000000     -2.447445536092
   22     -0.080819104852      2.396900120994     -2.396900120994
   22     -4.874619346841     -2.396900120994     -2.396900120994
   22     -0.080819104852      2.396900120994      2.396900120994
   22      2.558538330699      5.036257556545      2.396900120994
    3     -2.477719225847      0.000000000000      2.447445536092
   22      2.558538330699      2.396900120994      5.036257556545
    3      4.955438451693      5.027338195935      5.027338195935
    3     -0.071899744242      0.000000000000      5.027338195935
    3     -2.477719225847      2.447445536092      0.000000000000
    3     -0.071899744242      5.027338195935      0.000000000000
    3     -4.925164761939     -0.000000000000      0.000000000000
   22     -0.080819104852     -2.396900120994     -2.396900120994
    3      2.549618970089     -0.000000000000     -2.405819481604
    3     -2.477719225847     -5.027338195935     -2.405819481604
    3      2.549618970089     -2.405819481604     -0.000000000000
   22      4.955438451693     -0.000000000000     -0.000000000000
    3     -0.071899744242     -5.027338195935     -0.000000000000
    3     -2.477719225847     -2.405819481604     -5.027338195935
    3     -0.071899744242     -0.000000000000     -5.027338195935
   22     -4.874619346841     -5.036257556545     -5.036257556545
   16      2.381645343345      2.573793108348      2.573793108348
   16      4.955438451693      4.926718516867      2.506439160673
   16      0.028719934826     -0.000000000000      2.506439160673
   16      4.955438451693      2.506439160673      4.926718516867
   16      7.529231560041      4.859364569192      4.859364569192
   16      2.448999291020     -0.000000000000      4.926718516867
   16      0.028719934826      2.506439160673     -0.000000000000
   16      2.448999291020      4.926718516867      0.000000000000
   16     -2.477719225847     -0.000000000000     -0.000000000000
   16      2.381645343345      4.859364569192      4.859364569192
   16      4.955438451693      7.433157677540      5.012418857889
   16      0.096073882501      2.573793108348      4.859364569192
   16      4.955438451693      5.012418857889      7.433157677540
   16      7.376177271343      7.433157677540      7.433157677540
   16      2.448999291020      2.506439160673      7.433157677540
   16      0.096073882501      4.859364569192      2.573793108348
   16      2.448999291020      7.433157677540      2.506439160673
   16     -2.477719225847      2.506439160673      2.506439160673
   16      2.534699632043     -0.000000000000     -0.000000000000
   16      4.955438451693      2.420738819650     -0.000000000000
   16      0.028719934826     -2.506439160673     -0.000000000000
   16      4.955438451693     -0.000000000000      2.420738819650
   16      7.529231560041      2.573793108348      2.573793108348
   16      2.381645343345     -2.573793108348      2.573793108348
   16      0.028719934826     -0.000000000000     -2.506439160673
   16      2.381645343345      2.573793108348     -2.573793108348
   16     -2.477719225847     -2.506439160673     -2.506439160673
  225   48
