   3   1   1 E -1.8527572216826E+04 DE 2.9E-09(  6)
  0.000000000000E+00  0.746743149356E+01  0.746743149356E+01
  0.746743149356E+01  0.000000000000E+00  0.746743149356E+01
  0.746743149356E+01  0.746743149356E+01  0.000000000000E+00
   48
  0.100000000000E+01 -0.000000000000E+00  0.000000000000E+00
 -0.000000000000E+00  0.100000000000E+01  0.000000000000E+00
 -0.000000000000E+00  0.000000000000E+00  0.100000000000E+01
  0.000000000000E+00  0.000000000000E+00  0.000000000000E+00
 -0.000000000000E+00 -0.100000000000E+01  0.000000000000E+00
  0.100000000000E+01  0.000000000000E+00  0.000000000000E+00
  0.000000000000E+00  0.000000000000E+00  0.100000000000E+01
  0.497828766237E+01  0.248914383119E+01  0.746743149356E+01
  0.000000000000E+00  0.100000000000E+01  0.000000000000E+00
 -0.100000000000E+01 -0.000000000000E+00  0.000000000000E+00
 -0.000000000000E+00 -0.000000000000E+00  0.100000000000E+01
  0.497828766237E+01  0.497828766237E+01  0.000000000000E+00
 -0.100000000000E+01  0.000000000000E+00  0.000000000000E+00
  0.000000000000E+00 -0.100000000000E+01  0.000000000000E+00
  0.000000000000E+00 -0.000000000000E+00  0.100000000000E+01
  0.995657532475E+01  0.746743149356E+01  0.746743149356E+01
  0.100000000000E+01  0.000000000000E+00 -0.000000000000E+00
 -0.000000000000E+00 -0.100000000000E+01 -0.000000000000E+00
 -0.000000000000E+00 -0.000000000000E+00 -0.100000000000E+01
  0.000000000000E+00  0.000000000000E+00  0.000000000000E+00
  0.000000000000E+00 -0.100000000000E+01 -0.000000000000E+00
 -0.100000000000E+01  0.000000000000E+00 -0.000000000000E+00
 -0.000000000000E+00  0.000000000000E+00 -0.100000000000E+01
  0.497828766237E+01  0.497828766237E+01  0.000000000000E+00
 -0.100000000000E+01 -0.000000000000E+00 -0.000000000000E+00
  0.000000000000E+00  0.100000000000E+01 -0.000000000000E+00
  0.000000000000E+00  0.000000000000E+00 -0.100000000000E+01
  0.995657532475E+01  0.746743149356E+01  0.746743149356E+01
 -0.000000000000E+00  0.100000000000E+01 -0.000000000000E+00
  0.100000000000E+01 -0.000000000000E+00 -0.000000000000E+00
  0.000000000000E+00 -0.000000000000E+00 -0.100000000000E+01
  0.497828766237E+01  0.248914383119E+01  0.746743149356E+01
 -0.000000000000E+00  0.000000000000E+00  0.100000000000E+01
  0.100000000000E+01  0.000000000000E+00 -0.000000000000E+00
  0.000000000000E+00  0.100000000000E+01 -0.000000000000E+00
  0.497828766237E+01  0.248914383119E+01  0.746743149356E+01
  0.000000000000E+00  0.100000000000E+01 -0.000000000000E+00
  0.000000000000E+00 -0.000000000000E+00  0.100000000000E+01
  0.100000000000E+01 -0.000000000000E+00  0.000000000000E+00
  0.497828766237E+01  0.746743149356E+01  0.248914383119E+01
  0.000000000000E+00 -0.000000000000E+00  0.100000000000E+01
 -0.100000000000E+01 -0.000000000000E+00 -0.000000000000E+00
 -0.000000000000E+00 -0.100000000000E+01 -0.000000000000E+00
  0.497828766237E+01  0.497828766237E+01  0.000000000000E+00
  0.000000000000E+00 -0.100000000000E+01  0.000000000000E+00
  0.000000000000E+00  0.000000000000E+00 -0.100000000000E+01
  0.100000000000E+01  0.000000000000E+00 -0.000000000000E+00
  0.497828766237E+01  0.746743149356E+01  0.248914383119E+01
 -0.000000000000E+00 -0.000000000000E+00 -0.100000000000E+01
  0.100000000000E+01 -0.000000000000E+00  0.000000000000E+00
  0.000000000000E+00 -0.100000000000E+01  0.000000000000E+00
  0.497828766237E+01  0.248914383119E+01  0.746743149356E+01
 -0.000000000000E+00  0.100000000000E+01  0.000000000000E+00
 -0.000000000000E+00 -0.000000000000E+00 -0.100000000000E+01
 -0.100000000000E+01 -0.000000000000E+00 -0.000000000000E+00
  0.497828766237E+01  0.000000000000E+00  0.497828766237E+01
  0.000000000000E+00  0.000000000000E+00 -0.100000000000E+01
 -0.100000000000E+01  0.000000000000E+00  0.000000000000E+00
 -0.000000000000E+00  0.100000000000E+01  0.000000000000E+00
  0.497828766237E+01  0.497828766237E+01  0.000000000000E+00
 -0.000000000000E+00 -0.100000000000E+01 -0.000000000000E+00
 -0.000000000000E+00  0.000000000000E+00  0.100000000000E+01
 -0.100000000000E+01  0.000000000000E+00  0.000000000000E+00
  0.497828766237E+01  0.000000000000E+00  0.497828766237E+01
  0.000000000000E+00  0.000000000000E+00  0.100000000000E+01
  0.000000000000E+00 -0.100000000000E+01 -0.000000000000E+00
  0.100000000000E+01 -0.000000000000E+00 -0.000000000000E+00
  0.497828766237E+01  0.746743149356E+01  0.248914383119E+01
  0.100000000000E+01 -0.000000000000E+00 -0.000000000000E+00
 -0.000000000000E+00 -0.000000000000E+00  0.100000000000E+01
 -0.000000000000E+00 -0.100000000000E+01  0.000000000000E+00
  0.000000000000E+00  0.000000000000E+00  0.000000000000E+00
  0.100000000000E+01  0.000000000000E+00  0.000000000000E+00
 -0.000000000000E+00  0.000000000000E+00 -0.100000000000E+01
 -0.000000000000E+00  0.100000000000E+01 -0.000000000000E+00
  0.000000000000E+00  0.000000000000E+00  0.000000000000E+00
 -0.100000000000E+01  0.000000000000E+00 -0.000000000000E+00
  0.000000000000E+00  0.000000000000E+00  0.100000000000E+01
  0.000000000000E+00  0.100000000000E+01  0.000000000000E+00
  0.995657532475E+01  0.746743149356E+01  0.746743149356E+01
 -0.000000000000E+00 -0.000000000000E+00  0.100000000000E+01
 -0.000000000000E+00  0.100000000000E+01 -0.000000000000E+00
 -0.100000000000E+01  0.000000000000E+00 -0.000000000000E+00
  0.497828766237E+01  0.000000000000E+00  0.497828766237E+01
  0.000000000000E+00 -0.000000000000E+00 -0.100000000000E+01
  0.000000000000E+00  0.100000000000E+01  0.000000000000E+00
  0.100000000000E+01  0.000000000000E+00  0.000000000000E+00
  0.497828766237E+01  0.746743149356E+01  0.248914383119E+01
 -0.000000000000E+00  0.000000000000E+00 -0.100000000000E+01
 -0.000000000000E+00 -0.100000000000E+01  0.000000000000E+00
 -0.100000000000E+01 -0.000000000000E+00  0.000000000000E+00
  0.497828766237E+01  0.000000000000E+00  0.497828766237E+01
 -0.100000000000E+01 -0.000000000000E+00  0.000000000000E+00
  0.000000000000E+00 -0.000000000000E+00 -0.100000000000E+01
  0.000000000000E+00 -0.100000000000E+01 -0.000000000000E+00
  0.995657532475E+01  0.746743149356E+01  0.746743149356E+01
 -0.100000000000E+01  0.000000000000E+00 -0.000000000000E+00
  0.000000000000E+00 -0.100000000000E+01 -0.000000000000E+00
  0.000000000000E+00 -0.000000000000E+00 -0.100000000000E+01
  0.995657532475E+01  0.746743149356E+01  0.746743149356E+01
  0.000000000000E+00  0.100000000000E+01 -0.000000000000E+00
 -0.100000000000E+01 -0.000000000000E+00 -0.000000000000E+00
 -0.000000000000E+00 -0.000000000000E+00 -0.100000000000E+01
  0.497828766237E+01  0.497828766237E+01  0.000000000000E+00
 -0.000000000000E+00 -0.100000000000E+01 -0.000000000000E+00
  0.100000000000E+01  0.000000000000E+00 -0.000000000000E+00
  0.000000000000E+00  0.000000000000E+00 -0.100000000000E+01
  0.497828766237E+01  0.248914383119E+01  0.746743149356E+01
  0.100000000000E+01 -0.000000000000E+00 -0.000000000000E+00
 -0.000000000000E+00  0.100000000000E+01 -0.000000000000E+00
 -0.000000000000E+00  0.000000000000E+00 -0.100000000000E+01
  0.000000000000E+00  0.000000000000E+00  0.000000000000E+00
 -0.100000000000E+01 -0.000000000000E+00  0.000000000000E+00
  0.000000000000E+00  0.100000000000E+01  0.000000000000E+00
  0.000000000000E+00  0.000000000000E+00  0.100000000000E+01
  0.995657532475E+01  0.746743149356E+01  0.746743149356E+01
 -0.000000000000E+00  0.100000000000E+01  0.000000000000E+00
  0.100000000000E+01 -0.000000000000E+00  0.000000000000E+00
  0.000000000000E+00 -0.000000000000E+00  0.100000000000E+01
  0.497828766237E+01  0.248914383119E+01  0.746743149356E+01
  0.100000000000E+01  0.000000000000E+00  0.000000000000E+00
 -0.000000000000E+00 -0.100000000000E+01  0.000000000000E+00
 -0.000000000000E+00 -0.000000000000E+00  0.100000000000E+01
  0.000000000000E+00  0.000000000000E+00  0.000000000000E+00
  0.000000000000E+00 -0.100000000000E+01  0.000000000000E+00
 -0.100000000000E+01  0.000000000000E+00  0.000000000000E+00
 -0.000000000000E+00  0.000000000000E+00  0.100000000000E+01
  0.497828766237E+01  0.497828766237E+01  0.000000000000E+00
  0.000000000000E+00 -0.000000000000E+00 -0.100000000000E+01
 -0.100000000000E+01 -0.000000000000E+00  0.000000000000E+00
 -0.000000000000E+00 -0.100000000000E+01  0.000000000000E+00
  0.497828766237E+01  0.497828766237E+01  0.000000000000E+00
 -0.000000000000E+00 -0.100000000000E+01  0.000000000000E+00
 -0.000000000000E+00  0.000000000000E+00 -0.100000000000E+01
 -0.100000000000E+01  0.000000000000E+00 -0.000000000000E+00
  0.497828766237E+01  0.000000000000E+00  0.497828766237E+01
 -0.000000000000E+00  0.000000000000E+00 -0.100000000000E+01
  0.100000000000E+01  0.000000000000E+00  0.000000000000E+00
  0.000000000000E+00  0.100000000000E+01  0.000000000000E+00
  0.497828766237E+01  0.248914383119E+01  0.746743149356E+01
 -0.000000000000E+00  0.100000000000E+01 -0.000000000000E+00
 -0.000000000000E+00 -0.000000000000E+00  0.100000000000E+01
 -0.100000000000E+01 -0.000000000000E+00  0.000000000000E+00
  0.497828766237E+01  0.000000000000E+00  0.497828766237E+01
  0.000000000000E+00  0.000000000000E+00  0.100000000000E+01
 -0.100000000000E+01  0.000000000000E+00 -0.000000000000E+00
 -0.000000000000E+00  0.100000000000E+01 -0.000000000000E+00
  0.497828766237E+01  0.497828766237E+01  0.000000000000E+00
  0.000000000000E+00 -0.100000000000E+01 -0.000000000000E+00
  0.000000000000E+00  0.000000000000E+00  0.100000000000E+01
  0.100000000000E+01  0.000000000000E+00  0.000000000000E+00
  0.497828766237E+01  0.746743149356E+01  0.248914383119E+01
 -0.000000000000E+00 -0.000000000000E+00  0.100000000000E+01
  0.100000000000E+01 -0.000000000000E+00 -0.000000000000E+00
  0.000000000000E+00 -0.100000000000E+01 -0.000000000000E+00
  0.497828766237E+01  0.248914383119E+01  0.746743149356E+01
  0.000000000000E+00  0.100000000000E+01  0.000000000000E+00
  0.000000000000E+00 -0.000000000000E+00 -0.100000000000E+01
  0.100000000000E+01 -0.000000000000E+00 -0.000000000000E+00
  0.497828766237E+01  0.746743149356E+01  0.248914383119E+01
 -0.000000000000E+00 -0.000000000000E+00 -0.100000000000E+01
 -0.000000000000E+00  0.100000000000E+01  0.000000000000E+00
 -0.100000000000E+01  0.000000000000E+00  0.000000000000E+00
  0.497828766237E+01  0.000000000000E+00  0.497828766237E+01
 -0.100000000000E+01  0.000000000000E+00  0.000000000000E+00
  0.000000000000E+00  0.000000000000E+00 -0.100000000000E+01
  0.000000000000E+00  0.100000000000E+01 -0.000000000000E+00
  0.995657532475E+01  0.746743149356E+01  0.746743149356E+01
 -0.100000000000E+01 -0.000000000000E+00 -0.000000000000E+00
  0.000000000000E+00 -0.000000000000E+00  0.100000000000E+01
  0.000000000000E+00 -0.100000000000E+01  0.000000000000E+00
  0.995657532475E+01  0.746743149356E+01  0.746743149356E+01
  0.100000000000E+01 -0.000000000000E+00  0.000000000000E+00
 -0.000000000000E+00 -0.000000000000E+00 -0.100000000000E+01
 -0.000000000000E+00 -0.100000000000E+01 -0.000000000000E+00
  0.000000000000E+00  0.000000000000E+00  0.000000000000E+00
  0.000000000000E+00  0.000000000000E+00 -0.100000000000E+01
  0.000000000000E+00 -0.100000000000E+01  0.000000000000E+00
  0.100000000000E+01 -0.000000000000E+00  0.000000000000E+00
  0.497828766237E+01  0.746743149356E+01  0.248914383119E+01
 -0.000000000000E+00  0.000000000000E+00  0.100000000000E+01
 -0.000000000000E+00 -0.100000000000E+01 -0.000000000000E+00
 -0.100000000000E+01 -0.000000000000E+00 -0.000000000000E+00
  0.497828766237E+01  0.000000000000E+00  0.497828766237E+01
  0.000000000000E+00 -0.000000000000E+00  0.100000000000E+01
  0.000000000000E+00  0.100000000000E+01 -0.000000000000E+00
  0.100000000000E+01  0.000000000000E+00 -0.000000000000E+00
  0.497828766237E+01  0.746743149356E+01  0.248914383119E+01
  0.100000000000E+01  0.000000000000E+00 -0.000000000000E+00
 -0.000000000000E+00  0.000000000000E+00  0.100000000000E+01
 -0.000000000000E+00  0.100000000000E+01  0.000000000000E+00
  0.000000000000E+00  0.000000000000E+00  0.000000000000E+00
   54
    3     -0.085833284811      0.000000000000      0.000000000000
    3      2.640732321956      2.337555340419     -0.000000000000
    3     -2.489143831187     -2.403310546377      0.000000000000
    3      2.640732321956      0.000000000000      2.337555340419
    3      4.978287662375      2.337555340419      2.337555340419
   22     -0.080485898912     -2.408657932276      2.408657932276
    3     -2.489143831187      0.000000000000     -2.403310546377
   22     -0.080485898912      2.408657932276     -2.408657932276
   22     -4.897801763463     -2.408657932276     -2.408657932276
   22     -0.080485898912      2.408657932276      2.408657932276
   22      2.569629730099      5.058773561287      2.408657932276
    3     -2.489143831187      0.000000000000      2.403310546377
   22      2.569629730099      2.408657932276      5.058773561287
    3      4.978287662375      5.129876153144      5.129876153144
    3     -0.151588490769      0.000000000000      5.129876153144
    3     -2.489143831187      2.403310546377      0.000000000000
    3     -0.151588490769      5.129876153144      0.000000000000
    3     -4.892454377564     -0.000000000000      0.000000000000
   22     -0.080485898912     -2.408657932276     -2.408657932276
    3      2.640732321956     -0.000000000000     -2.337555340419
    3     -2.489143831187     -5.129876153144     -2.337555340419
    3      2.640732321956     -2.337555340419     -0.000000000000
   22      4.978287662375     -0.000000000000     -0.000000000000
    3     -0.151588490769     -5.129876153144     -0.000000000000
    3     -2.489143831187     -2.337555340419     -5.129876153144
    3     -0.151588490769     -0.000000000000     -5.129876153144
   22     -4.897801763463     -5.058773561287     -5.058773561287
   16      2.386246284981      2.592041377394      2.592041377394
   16      4.978287662375      4.925764261400      2.541667232163
   16      0.052523400975     -0.000000000000      2.541667232163
   16      4.978287662375      2.541667232163      4.925764261400
   16      7.570329039769      4.875390116169      4.875390116169
   16      2.436620430212     -0.000000000000      4.925764261400
   16      0.052523400975      2.541667232163     -0.000000000000
   16      2.436620430212      4.925764261400      0.000000000000
   16     -2.489143831187     -0.000000000000     -0.000000000000
   16      2.386246284981      4.875390116169      4.875390116169
   16      4.978287662375      7.467431493562      5.022549391798
   16      0.102897546206      2.592041377394      4.875390116169
   16      4.978287662375      5.022549391798      7.467431493562
   16      7.423169764140      7.467431493562      7.467431493562
   16      2.436620430212      2.541667232163      7.467431493562
   16      0.102897546206      4.875390116169      2.592041377394
   16      2.436620430212      7.467431493562      2.541667232163
   16     -2.489143831187      2.541667232163      2.541667232163
   16      2.533405560610     -0.000000000000     -0.000000000000
   16      4.978287662375      2.444882101765     -0.000000000000
   16      0.052523400975     -2.541667232163     -0.000000000000
   16      4.978287662375     -0.000000000000      2.444882101765
   16      7.570329039769      2.592041377394      2.592041377394
   16      2.386246284981     -2.592041377394      2.592041377394
   16      0.052523400975     -0.000000000000     -2.541667232163
   16      2.386246284981      2.592041377394     -2.592041377394
   16     -2.489143831187     -2.541667232163     -2.541667232163
  225   48
