   3   1   1 E -1.8527572280765E+04 DE-1.0E-08(  7)
  0.000000000000E+00  0.746739167277E+01  0.746739167277E+01
  0.746739167277E+01  0.000000000000E+00  0.746739167277E+01
  0.746739167277E+01  0.746739167277E+01  0.000000000000E+00
   48
  0.100000000000E+01 -0.000000000000E+00  0.000000000000E+00
 -0.000000000000E+00  0.100000000000E+01  0.000000000000E+00
 -0.000000000000E+00  0.000000000000E+00  0.100000000000E+01
  0.000000000000E+00  0.000000000000E+00  0.000000000000E+00
 -0.000000000000E+00 -0.100000000000E+01  0.000000000000E+00
  0.100000000000E+01  0.000000000000E+00  0.000000000000E+00
  0.000000000000E+00  0.000000000000E+00  0.100000000000E+01
  0.497826111518E+01  0.248913055759E+01  0.746739167277E+01
  0.000000000000E+00  0.100000000000E+01  0.000000000000E+00
 -0.100000000000E+01 -0.000000000000E+00  0.000000000000E+00
 -0.000000000000E+00 -0.000000000000E+00  0.100000000000E+01
  0.497826111518E+01  0.497826111518E+01  0.000000000000E+00
 -0.100000000000E+01  0.000000000000E+00  0.000000000000E+00
  0.000000000000E+00 -0.100000000000E+01  0.000000000000E+00
  0.000000000000E+00 -0.000000000000E+00  0.100000000000E+01
  0.995652223036E+01  0.746739167277E+01  0.746739167277E+01
  0.100000000000E+01  0.000000000000E+00 -0.000000000000E+00
 -0.000000000000E+00 -0.100000000000E+01 -0.000000000000E+00
 -0.000000000000E+00 -0.000000000000E+00 -0.100000000000E+01
  0.000000000000E+00  0.000000000000E+00  0.000000000000E+00
  0.000000000000E+00 -0.100000000000E+01 -0.000000000000E+00
 -0.100000000000E+01  0.000000000000E+00 -0.000000000000E+00
 -0.000000000000E+00  0.000000000000E+00 -0.100000000000E+01
  0.497826111518E+01  0.497826111518E+01  0.000000000000E+00
 -0.100000000000E+01 -0.000000000000E+00 -0.000000000000E+00
  0.000000000000E+00  0.100000000000E+01 -0.000000000000E+00
  0.000000000000E+00  0.000000000000E+00 -0.100000000000E+01
  0.995652223036E+01  0.746739167277E+01  0.746739167277E+01
 -0.000000000000E+00  0.100000000000E+01 -0.000000000000E+00
  0.100000000000E+01 -0.000000000000E+00 -0.000000000000E+00
  0.000000000000E+00 -0.000000000000E+00 -0.100000000000E+01
  0.497826111518E+01  0.248913055759E+01  0.746739167277E+01
 -0.000000000000E+00  0.000000000000E+00  0.100000000000E+01
  0.100000000000E+01  0.000000000000E+00 -0.000000000000E+00
  0.000000000000E+00  0.100000000000E+01 -0.000000000000E+00
  0.497826111518E+01  0.248913055759E+01  0.746739167277E+01
  0.000000000000E+00  0.100000000000E+01 -0.000000000000E+00
  0.000000000000E+00 -0.000000000000E+00  0.100000000000E+01
  0.100000000000E+01 -0.000000000000E+00  0.000000000000E+00
  0.497826111518E+01  0.746739167277E+01  0.248913055759E+01
  0.000000000000E+00 -0.000000000000E+00  0.100000000000E+01
 -0.100000000000E+01 -0.000000000000E+00 -0.000000000000E+00
 -0.000000000000E+00 -0.100000000000E+01 -0.000000000000E+00
  0.497826111518E+01  0.497826111518E+01  0.000000000000E+00
  0.000000000000E+00 -0.100000000000E+01  0.000000000000E+00
  0.000000000000E+00  0.000000000000E+00 -0.100000000000E+01
  0.100000000000E+01  0.000000000000E+00 -0.000000000000E+00
  0.497826111518E+01  0.746739167277E+01  0.248913055759E+01
 -0.000000000000E+00 -0.000000000000E+00 -0.100000000000E+01
  0.100000000000E+01 -0.000000000000E+00  0.000000000000E+00
  0.000000000000E+00 -0.100000000000E+01  0.000000000000E+00
  0.497826111518E+01  0.248913055759E+01  0.746739167277E+01
 -0.000000000000E+00  0.100000000000E+01  0.000000000000E+00
 -0.000000000000E+00 -0.000000000000E+00 -0.100000000000E+01
 -0.100000000000E+01 -0.000000000000E+00 -0.000000000000E+00
  0.497826111518E+01  0.000000000000E+00  0.497826111518E+01
  0.000000000000E+00  0.000000000000E+00 -0.100000000000E+01
 -0.100000000000E+01  0.000000000000E+00  0.000000000000E+00
 -0.000000000000E+00  0.100000000000E+01  0.000000000000E+00
  0.497826111518E+01  0.497826111518E+01  0.000000000000E+00
 -0.000000000000E+00 -0.100000000000E+01 -0.000000000000E+00
 -0.000000000000E+00  0.000000000000E+00  0.100000000000E+01
 -0.100000000000E+01  0.000000000000E+00  0.000000000000E+00
  0.497826111518E+01  0.000000000000E+00  0.497826111518E+01
  0.000000000000E+00  0.000000000000E+00  0.100000000000E+01
  0.000000000000E+00 -0.100000000000E+01 -0.000000000000E+00
  0.100000000000E+01 -0.000000000000E+00 -0.000000000000E+00
  0.497826111518E+01  0.746739167277E+01  0.248913055759E+01
  0.100000000000E+01 -0.000000000000E+00 -0.000000000000E+00
 -0.000000000000E+00 -0.000000000000E+00  0.100000000000E+01
 -0.000000000000E+00 -0.100000000000E+01  0.000000000000E+00
  0.000000000000E+00  0.000000000000E+00  0.000000000000E+00
  0.100000000000E+01  0.000000000000E+00  0.000000000000E+00
 -0.000000000000E+00  0.000000000000E+00 -0.100000000000E+01
 -0.000000000000E+00  0.100000000000E+01 -0.000000000000E+00
  0.000000000000E+00  0.000000000000E+00  0.000000000000E+00
 -0.100000000000E+01  0.000000000000E+00 -0.000000000000E+00
  0.000000000000E+00  0.000000000000E+00  0.100000000000E+01
  0.000000000000E+00  0.100000000000E+01  0.000000000000E+00
  0.995652223036E+01  0.746739167277E+01  0.746739167277E+01
 -0.000000000000E+00 -0.000000000000E+00  0.100000000000E+01
 -0.000000000000E+00  0.100000000000E+01 -0.000000000000E+00
 -0.100000000000E+01  0.000000000000E+00 -0.000000000000E+00
  0.497826111518E+01  0.000000000000E+00  0.497826111518E+01
  0.000000000000E+00 -0.000000000000E+00 -0.100000000000E+01
  0.000000000000E+00  0.100000000000E+01  0.000000000000E+00
  0.100000000000E+01  0.000000000000E+00  0.000000000000E+00
  0.497826111518E+01  0.746739167277E+01  0.248913055759E+01
 -0.000000000000E+00  0.000000000000E+00 -0.100000000000E+01
 -0.000000000000E+00 -0.100000000000E+01  0.000000000000E+00
 -0.100000000000E+01 -0.000000000000E+00  0.000000000000E+00
  0.497826111518E+01  0.000000000000E+00  0.497826111518E+01
 -0.100000000000E+01 -0.000000000000E+00  0.000000000000E+00
  0.000000000000E+00 -0.000000000000E+00 -0.100000000000E+01
  0.000000000000E+00 -0.100000000000E+01 -0.000000000000E+00
  0.995652223036E+01  0.746739167277E+01  0.746739167277E+01
 -0.100000000000E+01  0.000000000000E+00 -0.000000000000E+00
  0.000000000000E+00 -0.100000000000E+01 -0.000000000000E+00
  0.000000000000E+00 -0.000000000000E+00 -0.100000000000E+01
  0.995652223036E+01  0.746739167277E+01  0.746739167277E+01
  0.000000000000E+00  0.100000000000E+01 -0.000000000000E+00
 -0.100000000000E+01 -0.000000000000E+00 -0.000000000000E+00
 -0.000000000000E+00 -0.000000000000E+00 -0.100000000000E+01
  0.497826111518E+01  0.497826111518E+01  0.000000000000E+00
 -0.000000000000E+00 -0.100000000000E+01 -0.000000000000E+00
  0.100000000000E+01  0.000000000000E+00 -0.000000000000E+00
  0.000000000000E+00  0.000000000000E+00 -0.100000000000E+01
  0.497826111518E+01  0.248913055759E+01  0.746739167277E+01
  0.100000000000E+01 -0.000000000000E+00 -0.000000000000E+00
 -0.000000000000E+00  0.100000000000E+01 -0.000000000000E+00
 -0.000000000000E+00  0.000000000000E+00 -0.100000000000E+01
  0.000000000000E+00  0.000000000000E+00  0.000000000000E+00
 -0.100000000000E+01 -0.000000000000E+00  0.000000000000E+00
  0.000000000000E+00  0.100000000000E+01  0.000000000000E+00
  0.000000000000E+00  0.000000000000E+00  0.100000000000E+01
  0.995652223036E+01  0.746739167277E+01  0.746739167277E+01
 -0.000000000000E+00  0.100000000000E+01  0.000000000000E+00
  0.100000000000E+01 -0.000000000000E+00  0.000000000000E+00
  0.000000000000E+00 -0.000000000000E+00  0.100000000000E+01
  0.497826111518E+01  0.248913055759E+01  0.746739167277E+01
  0.100000000000E+01  0.000000000000E+00  0.000000000000E+00
 -0.000000000000E+00 -0.100000000000E+01  0.000000000000E+00
 -0.000000000000E+00 -0.000000000000E+00  0.100000000000E+01
  0.000000000000E+00  0.000000000000E+00  0.000000000000E+00
  0.000000000000E+00 -0.100000000000E+01  0.000000000000E+00
 -0.100000000000E+01  0.000000000000E+00  0.000000000000E+00
 -0.000000000000E+00  0.000000000000E+00  0.100000000000E+01
  0.497826111518E+01  0.497826111518E+01  0.000000000000E+00
  0.000000000000E+00 -0.000000000000E+00 -0.100000000000E+01
 -0.100000000000E+01 -0.000000000000E+00  0.000000000000E+00
 -0.000000000000E+00 -0.100000000000E+01  0.000000000000E+00
  0.497826111518E+01  0.497826111518E+01  0.000000000000E+00
 -0.000000000000E+00 -0.100000000000E+01  0.000000000000E+00
 -0.000000000000E+00  0.000000000000E+00 -0.100000000000E+01
 -0.100000000000E+01  0.000000000000E+00 -0.000000000000E+00
  0.497826111518E+01  0.000000000000E+00  0.497826111518E+01
 -0.000000000000E+00  0.000000000000E+00 -0.100000000000E+01
  0.100000000000E+01  0.000000000000E+00  0.000000000000E+00
  0.000000000000E+00  0.100000000000E+01  0.000000000000E+00
  0.497826111518E+01  0.248913055759E+01  0.746739167277E+01
 -0.000000000000E+00  0.100000000000E+01 -0.000000000000E+00
 -0.000000000000E+00 -0.000000000000E+00  0.100000000000E+01
 -0.100000000000E+01 -0.000000000000E+00  0.000000000000E+00
  0.497826111518E+01  0.000000000000E+00  0.497826111518E+01
  0.000000000000E+00  0.000000000000E+00  0.100000000000E+01
 -0.100000000000E+01  0.000000000000E+00 -0.000000000000E+00
 -0.000000000000E+00  0.100000000000E+01 -0.000000000000E+00
  0.497826111518E+01  0.497826111518E+01  0.000000000000E+00
  0.000000000000E+00 -0.100000000000E+01 -0.000000000000E+00
  0.000000000000E+00  0.000000000000E+00  0.100000000000E+01
  0.100000000000E+01  0.000000000000E+00  0.000000000000E+00
  0.497826111518E+01  0.746739167277E+01  0.248913055759E+01
 -0.000000000000E+00 -0.000000000000E+00  0.100000000000E+01
  0.100000000000E+01 -0.000000000000E+00 -0.000000000000E+00
  0.000000000000E+00 -0.100000000000E+01 -0.000000000000E+00
  0.497826111518E+01  0.248913055759E+01  0.746739167277E+01
  0.000000000000E+00  0.100000000000E+01  0.000000000000E+00
  0.000000000000E+00 -0.000000000000E+00 -0.100000000000E+01
  0.100000000000E+01 -0.000000000000E+00 -0.000000000000E+00
  0.497826111518E+01  0.746739167277E+01  0.248913055759E+01
 -0.000000000000E+00 -0.000000000000E+00 -0.100000000000E+01
 -0.000000000000E+00  0.100000000000E+01  0.000000000000E+00
 -0.100000000000E+01  0.000000000000E+00  0.000000000000E+00
  0.497826111518E+01  0.000000000000E+00  0.497826111518E+01
 -0.100000000000E+01  0.000000000000E+00  0.000000000000E+00
  0.000000000000E+00  0.000000000000E+00 -0.100000000000E+01
  0.000000000000E+00  0.100000000000E+01 -0.000000000000E+00
  0.995652223036E+01  0.746739167277E+01  0.746739167277E+01
 -0.100000000000E+01 -0.000000000000E+00 -0.000000000000E+00
  0.000000000000E+00 -0.000000000000E+00  0.100000000000E+01
  0.000000000000E+00 -0.100000000000E+01  0.000000000000E+00
  0.995652223036E+01  0.746739167277E+01  0.746739167277E+01
  0.100000000000E+01 -0.000000000000E+00  0.000000000000E+00
 -0.000000000000E+00 -0.000000000000E+00 -0.100000000000E+01
 -0.000000000000E+00 -0.100000000000E+01 -0.000000000000E+00
  0.000000000000E+00  0.000000000000E+00  0.000000000000E+00
  0.000000000000E+00  0.000000000000E+00 -0.100000000000E+01
  0.000000000000E+00 -0.100000000000E+01  0.000000000000E+00
  0.100000000000E+01 -0.000000000000E+00  0.000000000000E+00
  0.497826111518E+01  0.746739167277E+01  0.248913055759E+01
 -0.000000000000E+00  0.000000000000E+00  0.100000000000E+01
 -0.000000000000E+00 -0.100000000000E+01 -0.000000000000E+00
 -0.100000000000E+01 -0.000000000000E+00 -0.000000000000E+00
  0.497826111518E+01  0.000000000000E+00  0.497826111518E+01
  0.000000000000E+00 -0.000000000000E+00  0.100000000000E+01
  0.000000000000E+00  0.100000000000E+01 -0.000000000000E+00
  0.100000000000E+01  0.000000000000E+00 -0.000000000000E+00
  0.497826111518E+01  0.746739167277E+01  0.248913055759E+01
  0.100000000000E+01  0.000000000000E+00 -0.000000000000E+00
 -0.000000000000E+00  0.000000000000E+00  0.100000000000E+01
 -0.000000000000E+00  0.100000000000E+01  0.000000000000E+00
  0.000000000000E+00  0.000000000000E+00  0.000000000000E+00
   54
    3     -0.085773513479      0.000000000000      0.000000000000
    3      2.640726310087      2.337534805091     -0.000000000000
    3     -2.489130557589     -2.403357044110      0.000000000000
    3      2.640726310087      0.000000000000      2.337534805091
    3      4.978261115179      2.337534805091      2.337534805091
   22     -0.080479153038     -2.408651404552      2.408651404552
    3     -2.489130557589      0.000000000000     -2.403357044110
   22     -0.080479153038      2.408651404552     -2.408651404552
   22     -4.897781962141     -2.408651404552     -2.408651404552
   22     -0.080479153038      2.408651404552      2.408651404552
   22      2.569609710627      5.058740268216      2.408651404552
    3     -2.489130557589      0.000000000000      2.403357044110
   22      2.569609710627      2.408651404552      5.058740268216
    3      4.978261115179      5.129856867677      5.129856867677
    3     -0.151595752498      0.000000000000      5.129856867677
    3     -2.489130557589      2.403357044110      0.000000000000
    3     -0.151595752498      5.129856867677      0.000000000000
    3     -4.892487601700     -0.000000000000      0.000000000000
   22     -0.080479153038     -2.408651404552     -2.408651404552
    3      2.640726310087     -0.000000000000     -2.337534805091
    3     -2.489130557589     -5.129856867677     -2.337534805091
    3      2.640726310087     -2.337534805091     -0.000000000000
   22      4.978261115179     -0.000000000000     -0.000000000000
    3     -0.151595752498     -5.129856867677     -0.000000000000
    3     -2.489130557589     -2.337534805091     -5.129856867677
    3     -0.151595752498     -0.000000000000     -5.129856867677
   22     -4.897781962141     -5.058740268216     -5.058740268216
   16      2.386265678182      2.591995436996      2.591995436996
   16      4.978261115179      4.925860475011      2.541531197757
   16      0.052400640167     -0.000000000000      2.541531197757
   16      4.978261115179      2.541531197757      4.925860475011
   16      7.570256552175      4.875396235772      4.875396235772
   16      2.436729917422     -0.000000000000      4.925860475011
   16      0.052400640167      2.541531197757     -0.000000000000
   16      2.436729917422      4.925860475011      0.000000000000
   16     -2.489130557589     -0.000000000000     -0.000000000000
   16      2.386265678182      4.875396235772      4.875396235772
   16      4.978261115179      7.467391672768      5.022377173319
   16      0.102864879407      2.591995436996      4.875396235772
   16      4.978261115179      5.022377173319      7.467391672768
   16      7.423275614627      7.467391672768      7.467391672768
   16      2.436729917422      2.541531197757      7.467391672768
   16      0.102864879407      4.875396235772      2.591995436996
   16      2.436729917422      7.467391672768      2.541531197757
   16     -2.489130557589      2.541531197757      2.541531197757
   16      2.533246615730     -0.000000000000     -0.000000000000
   16      4.978261115179      2.445014499449     -0.000000000000
   16      0.052400640167     -2.541531197757     -0.000000000000
   16      4.978261115179     -0.000000000000      2.445014499449
   16      7.570256552175      2.591995436996      2.591995436996
   16      2.386265678182     -2.591995436996      2.591995436996
   16      0.052400640167     -0.000000000000     -2.541531197757
   16      2.386265678182      2.591995436996     -2.591995436996
   16     -2.489130557589     -2.541531197757     -2.541531197757
  225   48
