   3   1   1 E -1.8527551389644E+04 DE 1.1E-08( 14)
  0.000000000000E+00  0.745153871348E+01  0.745153871348E+01
  0.745153871348E+01  0.000000000000E+00  0.745153871348E+01
  0.745153871348E+01  0.745153871348E+01  0.000000000000E+00
   48
  0.100000000000E+01 -0.000000000000E+00  0.000000000000E+00
 -0.000000000000E+00  0.100000000000E+01  0.000000000000E+00
 -0.000000000000E+00  0.000000000000E+00  0.100000000000E+01
  0.000000000000E+00  0.000000000000E+00  0.000000000000E+00
 -0.000000000000E+00 -0.100000000000E+01  0.000000000000E+00
  0.100000000000E+01  0.000000000000E+00  0.000000000000E+00
  0.000000000000E+00  0.000000000000E+00  0.100000000000E+01
  0.496769247565E+01  0.248384623783E+01  0.745153871348E+01
  0.000000000000E+00  0.100000000000E+01  0.000000000000E+00
 -0.100000000000E+01 -0.000000000000E+00  0.000000000000E+00
 -0.000000000000E+00 -0.000000000000E+00  0.100000000000E+01
  0.496769247565E+01  0.496769247565E+01  0.000000000000E+00
 -0.100000000000E+01  0.000000000000E+00  0.000000000000E+00
  0.000000000000E+00 -0.100000000000E+01  0.000000000000E+00
  0.000000000000E+00 -0.000000000000E+00  0.100000000000E+01
  0.993538495130E+01  0.745153871348E+01  0.745153871348E+01
  0.100000000000E+01  0.000000000000E+00 -0.000000000000E+00
 -0.000000000000E+00 -0.100000000000E+01 -0.000000000000E+00
 -0.000000000000E+00 -0.000000000000E+00 -0.100000000000E+01
  0.000000000000E+00  0.000000000000E+00  0.000000000000E+00
  0.000000000000E+00 -0.100000000000E+01 -0.000000000000E+00
 -0.100000000000E+01  0.000000000000E+00 -0.000000000000E+00
 -0.000000000000E+00  0.000000000000E+00 -0.100000000000E+01
  0.496769247565E+01  0.496769247565E+01  0.000000000000E+00
 -0.100000000000E+01 -0.000000000000E+00 -0.000000000000E+00
  0.000000000000E+00  0.100000000000E+01 -0.000000000000E+00
  0.000000000000E+00  0.000000000000E+00 -0.100000000000E+01
  0.993538495130E+01  0.745153871348E+01  0.745153871348E+01
 -0.000000000000E+00  0.100000000000E+01 -0.000000000000E+00
  0.100000000000E+01 -0.000000000000E+00 -0.000000000000E+00
  0.000000000000E+00 -0.000000000000E+00 -0.100000000000E+01
  0.496769247565E+01  0.248384623783E+01  0.745153871348E+01
 -0.000000000000E+00  0.000000000000E+00  0.100000000000E+01
  0.100000000000E+01  0.000000000000E+00 -0.000000000000E+00
  0.000000000000E+00  0.100000000000E+01 -0.000000000000E+00
  0.496769247565E+01  0.248384623783E+01  0.745153871348E+01
  0.000000000000E+00  0.100000000000E+01 -0.000000000000E+00
  0.000000000000E+00 -0.000000000000E+00  0.100000000000E+01
  0.100000000000E+01 -0.000000000000E+00  0.000000000000E+00
  0.496769247565E+01  0.745153871348E+01  0.248384623783E+01
  0.000000000000E+00 -0.000000000000E+00  0.100000000000E+01
 -0.100000000000E+01 -0.000000000000E+00 -0.000000000000E+00
 -0.000000000000E+00 -0.100000000000E+01 -0.000000000000E+00
  0.496769247565E+01  0.496769247565E+01  0.000000000000E+00
  0.000000000000E+00 -0.100000000000E+01  0.000000000000E+00
  0.000000000000E+00  0.000000000000E+00 -0.100000000000E+01
  0.100000000000E+01  0.000000000000E+00 -0.000000000000E+00
  0.496769247565E+01  0.745153871348E+01  0.248384623783E+01
 -0.000000000000E+00 -0.000000000000E+00 -0.100000000000E+01
  0.100000000000E+01 -0.000000000000E+00  0.000000000000E+00
  0.000000000000E+00 -0.100000000000E+01  0.000000000000E+00
  0.496769247565E+01  0.248384623783E+01  0.745153871348E+01
 -0.000000000000E+00  0.100000000000E+01  0.000000000000E+00
 -0.000000000000E+00 -0.000000000000E+00 -0.100000000000E+01
 -0.100000000000E+01 -0.000000000000E+00 -0.000000000000E+00
  0.496769247565E+01  0.000000000000E+00  0.496769247565E+01
  0.000000000000E+00  0.000000000000E+00 -0.100000000000E+01
 -0.100000000000E+01  0.000000000000E+00  0.000000000000E+00
 -0.000000000000E+00  0.100000000000E+01  0.000000000000E+00
  0.496769247565E+01  0.496769247565E+01  0.000000000000E+00
 -0.000000000000E+00 -0.100000000000E+01 -0.000000000000E+00
 -0.000000000000E+00  0.000000000000E+00  0.100000000000E+01
 -0.100000000000E+01  0.000000000000E+00  0.000000000000E+00
  0.496769247565E+01  0.000000000000E+00  0.496769247565E+01
  0.000000000000E+00  0.000000000000E+00  0.100000000000E+01
  0.000000000000E+00 -0.100000000000E+01 -0.000000000000E+00
  0.100000000000E+01 -0.000000000000E+00 -0.000000000000E+00
  0.496769247565E+01  0.745153871348E+01  0.248384623783E+01
  0.100000000000E+01 -0.000000000000E+00 -0.000000000000E+00
 -0.000000000000E+00 -0.000000000000E+00  0.100000000000E+01
 -0.000000000000E+00 -0.100000000000E+01  0.000000000000E+00
  0.000000000000E+00  0.000000000000E+00  0.000000000000E+00
  0.100000000000E+01  0.000000000000E+00  0.000000000000E+00
 -0.000000000000E+00  0.000000000000E+00 -0.100000000000E+01
 -0.000000000000E+00  0.100000000000E+01 -0.000000000000E+00
  0.000000000000E+00  0.000000000000E+00  0.000000000000E+00
 -0.100000000000E+01  0.000000000000E+00 -0.000000000000E+00
  0.000000000000E+00  0.000000000000E+00  0.100000000000E+01
  0.000000000000E+00  0.100000000000E+01  0.000000000000E+00
  0.993538495130E+01  0.745153871348E+01  0.745153871348E+01
 -0.000000000000E+00 -0.000000000000E+00  0.100000000000E+01
 -0.000000000000E+00  0.100000000000E+01 -0.000000000000E+00
 -0.100000000000E+01  0.000000000000E+00 -0.000000000000E+00
  0.496769247565E+01  0.000000000000E+00  0.496769247565E+01
  0.000000000000E+00 -0.000000000000E+00 -0.100000000000E+01
  0.000000000000E+00  0.100000000000E+01  0.000000000000E+00
  0.100000000000E+01  0.000000000000E+00  0.000000000000E+00
  0.496769247565E+01  0.745153871348E+01  0.248384623783E+01
 -0.000000000000E+00  0.000000000000E+00 -0.100000000000E+01
 -0.000000000000E+00 -0.100000000000E+01  0.000000000000E+00
 -0.100000000000E+01 -0.000000000000E+00  0.000000000000E+00
  0.496769247565E+01  0.000000000000E+00  0.496769247565E+01
 -0.100000000000E+01 -0.000000000000E+00  0.000000000000E+00
  0.000000000000E+00 -0.000000000000E+00 -0.100000000000E+01
  0.000000000000E+00 -0.100000000000E+01 -0.000000000000E+00
  0.993538495130E+01  0.745153871348E+01  0.745153871348E+01
 -0.100000000000E+01  0.000000000000E+00 -0.000000000000E+00
  0.000000000000E+00 -0.100000000000E+01 -0.000000000000E+00
  0.000000000000E+00 -0.000000000000E+00 -0.100000000000E+01
  0.993538495130E+01  0.745153871348E+01  0.745153871348E+01
  0.000000000000E+00  0.100000000000E+01 -0.000000000000E+00
 -0.100000000000E+01 -0.000000000000E+00 -0.000000000000E+00
 -0.000000000000E+00 -0.000000000000E+00 -0.100000000000E+01
  0.496769247565E+01  0.496769247565E+01  0.000000000000E+00
 -0.000000000000E+00 -0.100000000000E+01 -0.000000000000E+00
  0.100000000000E+01  0.000000000000E+00 -0.000000000000E+00
  0.000000000000E+00  0.000000000000E+00 -0.100000000000E+01
  0.496769247565E+01  0.248384623783E+01  0.745153871348E+01
  0.100000000000E+01 -0.000000000000E+00 -0.000000000000E+00
 -0.000000000000E+00  0.100000000000E+01 -0.000000000000E+00
 -0.000000000000E+00  0.000000000000E+00 -0.100000000000E+01
  0.000000000000E+00  0.000000000000E+00  0.000000000000E+00
 -0.100000000000E+01 -0.000000000000E+00  0.000000000000E+00
  0.000000000000E+00  0.100000000000E+01  0.000000000000E+00
  0.000000000000E+00  0.000000000000E+00  0.100000000000E+01
  0.993538495130E+01  0.745153871348E+01  0.745153871348E+01
 -0.000000000000E+00  0.100000000000E+01  0.000000000000E+00
  0.100000000000E+01 -0.000000000000E+00  0.000000000000E+00
  0.000000000000E+00 -0.000000000000E+00  0.100000000000E+01
  0.496769247565E+01  0.248384623783E+01  0.745153871348E+01
  0.100000000000E+01  0.000000000000E+00  0.000000000000E+00
 -0.000000000000E+00 -0.100000000000E+01  0.000000000000E+00
 -0.000000000000E+00 -0.000000000000E+00  0.100000000000E+01
  0.000000000000E+00  0.000000000000E+00  0.000000000000E+00
  0.000000000000E+00 -0.100000000000E+01  0.000000000000E+00
 -0.100000000000E+01  0.000000000000E+00  0.000000000000E+00
 -0.000000000000E+00  0.000000000000E+00  0.100000000000E+01
  0.496769247565E+01  0.496769247565E+01  0.000000000000E+00
  0.000000000000E+00 -0.000000000000E+00 -0.100000000000E+01
 -0.100000000000E+01 -0.000000000000E+00  0.000000000000E+00
 -0.000000000000E+00 -0.100000000000E+01  0.000000000000E+00
  0.496769247565E+01  0.496769247565E+01  0.000000000000E+00
 -0.000000000000E+00 -0.100000000000E+01  0.000000000000E+00
 -0.000000000000E+00  0.000000000000E+00 -0.100000000000E+01
 -0.100000000000E+01  0.000000000000E+00 -0.000000000000E+00
  0.496769247565E+01  0.000000000000E+00  0.496769247565E+01
 -0.000000000000E+00  0.000000000000E+00 -0.100000000000E+01
  0.100000000000E+01  0.000000000000E+00  0.000000000000E+00
  0.000000000000E+00  0.100000000000E+01  0.000000000000E+00
  0.496769247565E+01  0.248384623783E+01  0.745153871348E+01
 -0.000000000000E+00  0.100000000000E+01 -0.000000000000E+00
 -0.000000000000E+00 -0.000000000000E+00  0.100000000000E+01
 -0.100000000000E+01 -0.000000000000E+00  0.000000000000E+00
  0.496769247565E+01  0.000000000000E+00  0.496769247565E+01
  0.000000000000E+00  0.000000000000E+00  0.100000000000E+01
 -0.100000000000E+01  0.000000000000E+00 -0.000000000000E+00
 -0.000000000000E+00  0.100000000000E+01 -0.000000000000E+00
  0.496769247565E+01  0.496769247565E+01  0.000000000000E+00
  0.000000000000E+00 -0.100000000000E+01 -0.000000000000E+00
  0.000000000000E+00  0.000000000000E+00  0.100000000000E+01
  0.100000000000E+01  0.000000000000E+00  0.000000000000E+00
  0.496769247565E+01  0.745153871348E+01  0.248384623783E+01
 -0.000000000000E+00 -0.000000000000E+00  0.100000000000E+01
  0.100000000000E+01 -0.000000000000E+00 -0.000000000000E+00
  0.000000000000E+00 -0.100000000000E+01 -0.000000000000E+00
  0.496769247565E+01  0.248384623783E+01  0.745153871348E+01
  0.000000000000E+00  0.100000000000E+01  0.000000000000E+00
  0.000000000000E+00 -0.000000000000E+00 -0.100000000000E+01
  0.100000000000E+01 -0.000000000000E+00 -0.000000000000E+00
  0.496769247565E+01  0.745153871348E+01  0.248384623783E+01
 -0.000000000000E+00 -0.000000000000E+00 -0.100000000000E+01
 -0.000000000000E+00  0.100000000000E+01  0.000000000000E+00
 -0.100000000000E+01  0.000000000000E+00  0.000000000000E+00
  0.496769247565E+01  0.000000000000E+00  0.496769247565E+01
 -0.100000000000E+01  0.000000000000E+00  0.000000000000E+00
  0.000000000000E+00  0.000000000000E+00 -0.100000000000E+01
  0.000000000000E+00  0.100000000000E+01 -0.000000000000E+00
  0.993538495130E+01  0.745153871348E+01  0.745153871348E+01
 -0.100000000000E+01 -0.000000000000E+00 -0.000000000000E+00
  0.000000000000E+00 -0.000000000000E+00  0.100000000000E+01
  0.000000000000E+00 -0.100000000000E+01  0.000000000000E+00
  0.993538495130E+01  0.745153871348E+01  0.745153871348E+01
  0.100000000000E+01 -0.000000000000E+00  0.000000000000E+00
 -0.000000000000E+00 -0.000000000000E+00 -0.100000000000E+01
 -0.000000000000E+00 -0.100000000000E+01 -0.000000000000E+00
  0.000000000000E+00  0.000000000000E+00  0.000000000000E+00
  0.000000000000E+00  0.000000000000E+00 -0.100000000000E+01
  0.000000000000E+00 -0.100000000000E+01  0.000000000000E+00
  0.100000000000E+01 -0.000000000000E+00  0.000000000000E+00
  0.496769247565E+01  0.745153871348E+01  0.248384623783E+01
 -0.000000000000E+00  0.000000000000E+00  0.100000000000E+01
 -0.000000000000E+00 -0.100000000000E+01 -0.000000000000E+00
 -0.100000000000E+01 -0.000000000000E+00 -0.000000000000E+00
  0.496769247565E+01  0.000000000000E+00  0.496769247565E+01
  0.000000000000E+00 -0.000000000000E+00  0.100000000000E+01
  0.000000000000E+00  0.100000000000E+01 -0.000000000000E+00
  0.100000000000E+01  0.000000000000E+00 -0.000000000000E+00
  0.496769247565E+01  0.745153871348E+01  0.248384623783E+01
  0.100000000000E+01  0.000000000000E+00 -0.000000000000E+00
 -0.000000000000E+00  0.000000000000E+00  0.100000000000E+01
 -0.000000000000E+00  0.100000000000E+01  0.000000000000E+00
  0.000000000000E+00  0.000000000000E+00  0.000000000000E+00
   54
    3     -0.020756845521      0.000000000000      0.000000000000
    3      2.539634004504      2.428058471148     -0.000000000000
    3     -2.483846237826     -2.463089392305      0.000000000000
    3      2.539634004504      0.000000000000      2.428058471148
    3      4.967692475652      2.428058471148      2.428058471148
   22     -0.080507635490     -2.403338602336      2.403338602336
    3     -2.483846237826      0.000000000000     -2.463089392305
   22     -0.080507635490      2.403338602336     -2.403338602336
   22     -4.887184840162     -2.403338602336     -2.403338602336
   22     -0.080507635490      2.403338602336      2.403338602336
   22      2.564353873316      5.048200111142      2.403338602336
    3     -2.483846237826      0.000000000000      2.463089392305
   22      2.564353873316      2.403338602336      5.048200111142
    3      4.967692475652      5.023480242330      5.023480242330
    3     -0.055787766678      0.000000000000      5.023480242330
    3     -2.483846237826      2.463089392305      0.000000000000
    3     -0.055787766678      5.023480242330      0.000000000000
    3     -4.946935630131     -0.000000000000      0.000000000000
   22     -0.080507635490     -2.403338602336     -2.403338602336
    3      2.539634004504     -0.000000000000     -2.428058471148
    3     -2.483846237826     -5.023480242330     -2.428058471148
    3      2.539634004504     -2.428058471148     -0.000000000000
   22      4.967692475652     -0.000000000000     -0.000000000000
    3     -0.055787766678     -5.023480242330     -0.000000000000
    3     -2.483846237826     -2.428058471148     -5.023480242330
    3     -0.055787766678     -0.000000000000     -5.023480242330
   22     -4.887184840162     -5.048200111142     -5.048200111142
   16      2.378815159676      2.588877315976      2.588877315976
   16      4.967692475652      4.947442793435      2.504095920043
   16      0.020249682217     -0.000000000000      2.504095920043
   16      4.967692475652      2.504095920043      4.947442793435
   16      7.556569791628      4.862661397502      4.862661397502
   16      2.463596555609     -0.000000000000      4.947442793435
   16      0.020249682217      2.504095920043     -0.000000000000
   16      2.463596555609      4.947442793435      0.000000000000
   16     -2.483846237826     -0.000000000000     -0.000000000000
   16      2.378815159676      4.862661397502      4.862661397502
   16      4.967692475652      7.451538713478      5.044799159142
   16      0.105031078150      2.588877315976      4.862661397502
   16      4.967692475652      5.044799159142      7.451538713478
   16      7.374432029988      7.451538713478      7.451538713478
   16      2.463596555609      2.504095920043      7.451538713478
   16      0.105031078150      4.862661397502      2.588877315976
   16      2.463596555609      7.451538713478      2.504095920043
   16     -2.483846237826      2.504095920043      2.504095920043
   16      2.560952921316     -0.000000000000     -0.000000000000
   16      4.967692475652      2.406739554336     -0.000000000000
   16      0.020249682217     -2.504095920043     -0.000000000000
   16      4.967692475652     -0.000000000000      2.406739554336
   16      7.556569791628      2.588877315976      2.588877315976
   16      2.378815159676     -2.588877315976      2.588877315976
   16      0.020249682217     -0.000000000000     -2.504095920043
   16      2.378815159676      2.588877315976     -2.588877315976
   16     -2.483846237826     -2.504095920043     -2.504095920043
  225   48
