   3   1   1 E -1.8527572279383E+04 DE 6.0E-09(  6)
  0.000000000000E+00  0.746719935812E+01  0.746719935812E+01
  0.746719935812E+01  0.000000000000E+00  0.746719935812E+01
  0.746719935812E+01  0.746719935812E+01  0.000000000000E+00
   48
  0.100000000000E+01 -0.000000000000E+00  0.000000000000E+00
 -0.000000000000E+00  0.100000000000E+01  0.000000000000E+00
 -0.000000000000E+00  0.000000000000E+00  0.100000000000E+01
  0.000000000000E+00  0.000000000000E+00  0.000000000000E+00
 -0.000000000000E+00 -0.100000000000E+01  0.000000000000E+00
  0.100000000000E+01  0.000000000000E+00  0.000000000000E+00
  0.000000000000E+00  0.000000000000E+00  0.100000000000E+01
  0.497813290542E+01  0.248906645271E+01  0.746719935812E+01
  0.000000000000E+00  0.100000000000E+01  0.000000000000E+00
 -0.100000000000E+01 -0.000000000000E+00  0.000000000000E+00
 -0.000000000000E+00 -0.000000000000E+00  0.100000000000E+01
  0.497813290542E+01  0.497813290542E+01  0.000000000000E+00
 -0.100000000000E+01  0.000000000000E+00  0.000000000000E+00
  0.000000000000E+00 -0.100000000000E+01  0.000000000000E+00
  0.000000000000E+00 -0.000000000000E+00  0.100000000000E+01
  0.995626581083E+01  0.746719935812E+01  0.746719935812E+01
  0.100000000000E+01  0.000000000000E+00 -0.000000000000E+00
 -0.000000000000E+00 -0.100000000000E+01 -0.000000000000E+00
 -0.000000000000E+00 -0.000000000000E+00 -0.100000000000E+01
  0.000000000000E+00  0.000000000000E+00  0.000000000000E+00
  0.000000000000E+00 -0.100000000000E+01 -0.000000000000E+00
 -0.100000000000E+01  0.000000000000E+00 -0.000000000000E+00
 -0.000000000000E+00  0.000000000000E+00 -0.100000000000E+01
  0.497813290542E+01  0.497813290542E+01  0.000000000000E+00
 -0.100000000000E+01 -0.000000000000E+00 -0.000000000000E+00
  0.000000000000E+00  0.100000000000E+01 -0.000000000000E+00
  0.000000000000E+00  0.000000000000E+00 -0.100000000000E+01
  0.995626581083E+01  0.746719935812E+01  0.746719935812E+01
 -0.000000000000E+00  0.100000000000E+01 -0.000000000000E+00
  0.100000000000E+01 -0.000000000000E+00 -0.000000000000E+00
  0.000000000000E+00 -0.000000000000E+00 -0.100000000000E+01
  0.497813290542E+01  0.248906645271E+01  0.746719935812E+01
 -0.000000000000E+00  0.000000000000E+00  0.100000000000E+01
  0.100000000000E+01  0.000000000000E+00 -0.000000000000E+00
  0.000000000000E+00  0.100000000000E+01 -0.000000000000E+00
  0.497813290542E+01  0.248906645271E+01  0.746719935812E+01
  0.000000000000E+00  0.100000000000E+01 -0.000000000000E+00
  0.000000000000E+00 -0.000000000000E+00  0.100000000000E+01
  0.100000000000E+01 -0.000000000000E+00  0.000000000000E+00
  0.497813290542E+01  0.746719935812E+01  0.248906645271E+01
  0.000000000000E+00 -0.000000000000E+00  0.100000000000E+01
 -0.100000000000E+01 -0.000000000000E+00 -0.000000000000E+00
 -0.000000000000E+00 -0.100000000000E+01 -0.000000000000E+00
  0.497813290542E+01  0.497813290542E+01  0.000000000000E+00
  0.000000000000E+00 -0.100000000000E+01  0.000000000000E+00
  0.000000000000E+00  0.000000000000E+00 -0.100000000000E+01
  0.100000000000E+01  0.000000000000E+00 -0.000000000000E+00
  0.497813290542E+01  0.746719935812E+01  0.248906645271E+01
 -0.000000000000E+00 -0.000000000000E+00 -0.100000000000E+01
  0.100000000000E+01 -0.000000000000E+00  0.000000000000E+00
  0.000000000000E+00 -0.100000000000E+01  0.000000000000E+00
  0.497813290542E+01  0.248906645271E+01  0.746719935812E+01
 -0.000000000000E+00  0.100000000000E+01  0.000000000000E+00
 -0.000000000000E+00 -0.000000000000E+00 -0.100000000000E+01
 -0.100000000000E+01 -0.000000000000E+00 -0.000000000000E+00
  0.497813290542E+01  0.000000000000E+00  0.497813290542E+01
  0.000000000000E+00  0.000000000000E+00 -0.100000000000E+01
 -0.100000000000E+01  0.000000000000E+00  0.000000000000E+00
 -0.000000000000E+00  0.100000000000E+01  0.000000000000E+00
  0.497813290542E+01  0.497813290542E+01  0.000000000000E+00
 -0.000000000000E+00 -0.100000000000E+01 -0.000000000000E+00
 -0.000000000000E+00  0.000000000000E+00  0.100000000000E+01
 -0.100000000000E+01  0.000000000000E+00  0.000000000000E+00
  0.497813290542E+01  0.000000000000E+00  0.497813290542E+01
  0.000000000000E+00  0.000000000000E+00  0.100000000000E+01
  0.000000000000E+00 -0.100000000000E+01 -0.000000000000E+00
  0.100000000000E+01 -0.000000000000E+00 -0.000000000000E+00
  0.497813290542E+01  0.746719935812E+01  0.248906645271E+01
  0.100000000000E+01 -0.000000000000E+00 -0.000000000000E+00
 -0.000000000000E+00 -0.000000000000E+00  0.100000000000E+01
 -0.000000000000E+00 -0.100000000000E+01  0.000000000000E+00
  0.000000000000E+00  0.000000000000E+00  0.000000000000E+00
  0.100000000000E+01  0.000000000000E+00  0.000000000000E+00
 -0.000000000000E+00  0.000000000000E+00 -0.100000000000E+01
 -0.000000000000E+00  0.100000000000E+01 -0.000000000000E+00
  0.000000000000E+00  0.000000000000E+00  0.000000000000E+00
 -0.100000000000E+01  0.000000000000E+00 -0.000000000000E+00
  0.000000000000E+00  0.000000000000E+00  0.100000000000E+01
  0.000000000000E+00  0.100000000000E+01  0.000000000000E+00
  0.995626581083E+01  0.746719935812E+01  0.746719935812E+01
 -0.000000000000E+00 -0.000000000000E+00  0.100000000000E+01
 -0.000000000000E+00  0.100000000000E+01 -0.000000000000E+00
 -0.100000000000E+01  0.000000000000E+00 -0.000000000000E+00
  0.497813290542E+01  0.000000000000E+00  0.497813290542E+01
  0.000000000000E+00 -0.000000000000E+00 -0.100000000000E+01
  0.000000000000E+00  0.100000000000E+01  0.000000000000E+00
  0.100000000000E+01  0.000000000000E+00  0.000000000000E+00
  0.497813290542E+01  0.746719935812E+01  0.248906645271E+01
 -0.000000000000E+00  0.000000000000E+00 -0.100000000000E+01
 -0.000000000000E+00 -0.100000000000E+01  0.000000000000E+00
 -0.100000000000E+01 -0.000000000000E+00  0.000000000000E+00
  0.497813290542E+01  0.000000000000E+00  0.497813290542E+01
 -0.100000000000E+01 -0.000000000000E+00  0.000000000000E+00
  0.000000000000E+00 -0.000000000000E+00 -0.100000000000E+01
  0.000000000000E+00 -0.100000000000E+01 -0.000000000000E+00
  0.995626581083E+01  0.746719935812E+01  0.746719935812E+01
 -0.100000000000E+01  0.000000000000E+00 -0.000000000000E+00
  0.000000000000E+00 -0.100000000000E+01 -0.000000000000E+00
  0.000000000000E+00 -0.000000000000E+00 -0.100000000000E+01
  0.995626581083E+01  0.746719935812E+01  0.746719935812E+01
  0.000000000000E+00  0.100000000000E+01 -0.000000000000E+00
 -0.100000000000E+01 -0.000000000000E+00 -0.000000000000E+00
 -0.000000000000E+00 -0.000000000000E+00 -0.100000000000E+01
  0.497813290542E+01  0.497813290542E+01  0.000000000000E+00
 -0.000000000000E+00 -0.100000000000E+01 -0.000000000000E+00
  0.100000000000E+01  0.000000000000E+00 -0.000000000000E+00
  0.000000000000E+00  0.000000000000E+00 -0.100000000000E+01
  0.497813290542E+01  0.248906645271E+01  0.746719935812E+01
  0.100000000000E+01 -0.000000000000E+00 -0.000000000000E+00
 -0.000000000000E+00  0.100000000000E+01 -0.000000000000E+00
 -0.000000000000E+00  0.000000000000E+00 -0.100000000000E+01
  0.000000000000E+00  0.000000000000E+00  0.000000000000E+00
 -0.100000000000E+01 -0.000000000000E+00  0.000000000000E+00
  0.000000000000E+00  0.100000000000E+01  0.000000000000E+00
  0.000000000000E+00  0.000000000000E+00  0.100000000000E+01
  0.995626581083E+01  0.746719935812E+01  0.746719935812E+01
 -0.000000000000E+00  0.100000000000E+01  0.000000000000E+00
  0.100000000000E+01 -0.000000000000E+00  0.000000000000E+00
  0.000000000000E+00 -0.000000000000E+00  0.100000000000E+01
  0.497813290542E+01  0.248906645271E+01  0.746719935812E+01
  0.100000000000E+01  0.000000000000E+00  0.000000000000E+00
 -0.000000000000E+00 -0.100000000000E+01  0.000000000000E+00
 -0.000000000000E+00 -0.000000000000E+00  0.100000000000E+01
  0.000000000000E+00  0.000000000000E+00  0.000000000000E+00
  0.000000000000E+00 -0.100000000000E+01  0.000000000000E+00
 -0.100000000000E+01  0.000000000000E+00  0.000000000000E+00
 -0.000000000000E+00  0.000000000000E+00  0.100000000000E+01
  0.497813290542E+01  0.497813290542E+01  0.000000000000E+00
  0.000000000000E+00 -0.000000000000E+00 -0.100000000000E+01
 -0.100000000000E+01 -0.000000000000E+00  0.000000000000E+00
 -0.000000000000E+00 -0.100000000000E+01  0.000000000000E+00
  0.497813290542E+01  0.497813290542E+01  0.000000000000E+00
 -0.000000000000E+00 -0.100000000000E+01  0.000000000000E+00
 -0.000000000000E+00  0.000000000000E+00 -0.100000000000E+01
 -0.100000000000E+01  0.000000000000E+00 -0.000000000000E+00
  0.497813290542E+01  0.000000000000E+00  0.497813290542E+01
 -0.000000000000E+00  0.000000000000E+00 -0.100000000000E+01
  0.100000000000E+01  0.000000000000E+00  0.000000000000E+00
  0.000000000000E+00  0.100000000000E+01  0.000000000000E+00
  0.497813290542E+01  0.248906645271E+01  0.746719935812E+01
 -0.000000000000E+00  0.100000000000E+01 -0.000000000000E+00
 -0.000000000000E+00 -0.000000000000E+00  0.100000000000E+01
 -0.100000000000E+01 -0.000000000000E+00  0.000000000000E+00
  0.497813290542E+01  0.000000000000E+00  0.497813290542E+01
  0.000000000000E+00  0.000000000000E+00  0.100000000000E+01
 -0.100000000000E+01  0.000000000000E+00 -0.000000000000E+00
 -0.000000000000E+00  0.100000000000E+01 -0.000000000000E+00
  0.497813290542E+01  0.497813290542E+01  0.000000000000E+00
  0.000000000000E+00 -0.100000000000E+01 -0.000000000000E+00
  0.000000000000E+00  0.000000000000E+00  0.100000000000E+01
  0.100000000000E+01  0.000000000000E+00  0.000000000000E+00
  0.497813290542E+01  0.746719935812E+01  0.248906645271E+01
 -0.000000000000E+00 -0.000000000000E+00  0.100000000000E+01
  0.100000000000E+01 -0.000000000000E+00 -0.000000000000E+00
  0.000000000000E+00 -0.100000000000E+01 -0.000000000000E+00
  0.497813290542E+01  0.248906645271E+01  0.746719935812E+01
  0.000000000000E+00  0.100000000000E+01  0.000000000000E+00
  0.000000000000E+00 -0.000000000000E+00 -0.100000000000E+01
  0.100000000000E+01 -0.000000000000E+00 -0.000000000000E+00
  0.497813290542E+01  0.746719935812E+01  0.248906645271E+01
 -0.000000000000E+00 -0.000000000000E+00 -0.100000000000E+01
 -0.000000000000E+00  0.100000000000E+01  0.000000000000E+00
 -0.100000000000E+01  0.000000000000E+00  0.000000000000E+00
  0.497813290542E+01  0.000000000000E+00  0.497813290542E+01
 -0.100000000000E+01  0.000000000000E+00  0.000000000000E+00
  0.000000000000E+00  0.000000000000E+00 -0.100000000000E+01
  0.000000000000E+00  0.100000000000E+01 -0.000000000000E+00
  0.995626581083E+01  0.746719935812E+01  0.746719935812E+01
 -0.100000000000E+01 -0.000000000000E+00 -0.000000000000E+00
  0.000000000000E+00 -0.000000000000E+00  0.100000000000E+01
  0.000000000000E+00 -0.100000000000E+01  0.000000000000E+00
  0.995626581083E+01  0.746719935812E+01  0.746719935812E+01
  0.100000000000E+01 -0.000000000000E+00  0.000000000000E+00
 -0.000000000000E+00 -0.000000000000E+00 -0.100000000000E+01
 -0.000000000000E+00 -0.100000000000E+01 -0.000000000000E+00
  0.000000000000E+00  0.000000000000E+00  0.000000000000E+00
  0.000000000000E+00  0.000000000000E+00 -0.100000000000E+01
  0.000000000000E+00 -0.100000000000E+01  0.000000000000E+00
  0.100000000000E+01 -0.000000000000E+00  0.000000000000E+00
  0.497813290542E+01  0.746719935812E+01  0.248906645271E+01
 -0.000000000000E+00  0.000000000000E+00  0.100000000000E+01
 -0.000000000000E+00 -0.100000000000E+01 -0.000000000000E+00
 -0.100000000000E+01 -0.000000000000E+00 -0.000000000000E+00
  0.497813290542E+01  0.000000000000E+00  0.497813290542E+01
  0.000000000000E+00 -0.000000000000E+00  0.100000000000E+01
  0.000000000000E+00  0.100000000000E+01 -0.000000000000E+00
  0.100000000000E+01  0.000000000000E+00 -0.000000000000E+00
  0.497813290542E+01  0.746719935812E+01  0.248906645271E+01
  0.100000000000E+01  0.000000000000E+00 -0.000000000000E+00
 -0.000000000000E+00  0.000000000000E+00  0.100000000000E+01
 -0.000000000000E+00  0.100000000000E+01  0.000000000000E+00
  0.000000000000E+00  0.000000000000E+00  0.000000000000E+00
   54
    3     -0.085530051625      0.000000000000      0.000000000000
    3      2.640673903323      2.337459002093     -0.000000000000
    3     -2.489066452708     -2.403536401083      0.000000000000
    3      2.640673903323      0.000000000000      2.337459002093
    3      4.978132905416      2.337459002093      2.337459002093
   22     -0.080463418819     -2.408603033889      2.408603033889
    3     -2.489066452708      0.000000000000     -2.403536401083
   22     -0.080463418819      2.408603033889     -2.408603033889
   22     -4.897669486597     -2.408603033889     -2.408603033889
   22     -0.080463418819      2.408603033889      2.408603033889
   22      2.569529871527      5.058596324235      2.408603033889
    3     -2.489066452708      0.000000000000      2.403536401083
   22      2.569529871527      2.408603033889      5.058596324235
    3      4.978132905416      5.129740356031      5.129740356031
    3     -0.151607450615      0.000000000000      5.129740356031
    3     -2.489066452708      2.403536401083      0.000000000000
    3     -0.151607450615      5.129740356031      0.000000000000
    3     -4.892602853791     -0.000000000000      0.000000000000
   22     -0.080463418819     -2.408603033889     -2.408603033889
    3      2.640673903323     -0.000000000000     -2.337459002093
    3     -2.489066452708     -5.129740356031     -2.337459002093
    3      2.640673903323     -2.337459002093     -0.000000000000
   22      4.978132905416     -0.000000000000     -0.000000000000
    3     -0.151607450615     -5.129740356031     -0.000000000000
    3     -2.489066452708     -2.337459002093     -5.129740356031
    3     -0.151607450615     -0.000000000000     -5.129740356031
   22     -4.897669486597     -5.058596324235     -5.058596324235
   16      2.386321841898      2.591811063518      2.591811063518
   16      4.978132905416      4.926217590112      2.540981768012
   16      0.051915315304     -0.000000000000      2.540981768012
   16      4.978132905416      2.540981768012      4.926217590112
   16      7.569943968934      4.875388294606      4.875388294606
   16      2.437151137404     -0.000000000000      4.926217590112
   16      0.051915315304      2.540981768012     -0.000000000000
   16      2.437151137404      4.926217590112      0.000000000000
   16     -2.489066452708     -0.000000000000     -0.000000000000
   16      2.386321841898      4.875388294606      4.875388294606
   16      4.978132905416      7.467199358124      5.021783764653
   16      0.102744610810      2.591811063518      4.875388294606
   16      4.978132905416      5.021783764653      7.467199358124
   16      7.423548498887      7.467199358124      7.467199358124
   16      2.437151137404      2.540981768012      7.467199358124
   16      0.102744610810      4.875388294606      2.591811063518
   16      2.437151137404      7.467199358124      2.540981768012
   16     -2.489066452708      2.540981768012      2.540981768012
   16      2.532717311945     -0.000000000000     -0.000000000000
   16      4.978132905416      2.445415593471     -0.000000000000
   16      0.051915315304     -2.540981768012     -0.000000000000
   16      4.978132905416     -0.000000000000      2.445415593471
   16      7.569943968934      2.591811063518      2.591811063518
   16      2.386321841898     -2.591811063518      2.591811063518
   16      0.051915315304     -0.000000000000     -2.540981768012
   16      2.386321841898      2.591811063518     -2.591811063518
   16     -2.489066452708     -2.540981768012     -2.540981768012
  225   48
