   3   1   1 E -1.8527572280487E+04 DE 1.2E-08(  5)
  0.000000000000E+00  0.746741947585E+01  0.746741947585E+01
  0.746741947585E+01  0.000000000000E+00  0.746741947585E+01
  0.746741947585E+01  0.746741947585E+01  0.000000000000E+00
   48
  0.100000000000E+01 -0.000000000000E+00  0.000000000000E+00
 -0.000000000000E+00  0.100000000000E+01  0.000000000000E+00
 -0.000000000000E+00  0.000000000000E+00  0.100000000000E+01
  0.000000000000E+00  0.000000000000E+00  0.000000000000E+00
 -0.000000000000E+00 -0.100000000000E+01  0.000000000000E+00
  0.100000000000E+01  0.000000000000E+00  0.000000000000E+00
  0.000000000000E+00  0.000000000000E+00  0.100000000000E+01
  0.497827965056E+01  0.248913982528E+01  0.746741947585E+01
  0.000000000000E+00  0.100000000000E+01  0.000000000000E+00
 -0.100000000000E+01 -0.000000000000E+00  0.000000000000E+00
 -0.000000000000E+00 -0.000000000000E+00  0.100000000000E+01
  0.497827965056E+01  0.497827965056E+01  0.000000000000E+00
 -0.100000000000E+01  0.000000000000E+00  0.000000000000E+00
  0.000000000000E+00 -0.100000000000E+01  0.000000000000E+00
  0.000000000000E+00 -0.000000000000E+00  0.100000000000E+01
  0.995655930113E+01  0.746741947585E+01  0.746741947585E+01
  0.100000000000E+01  0.000000000000E+00 -0.000000000000E+00
 -0.000000000000E+00 -0.100000000000E+01 -0.000000000000E+00
 -0.000000000000E+00 -0.000000000000E+00 -0.100000000000E+01
  0.000000000000E+00  0.000000000000E+00  0.000000000000E+00
  0.000000000000E+00 -0.100000000000E+01 -0.000000000000E+00
 -0.100000000000E+01  0.000000000000E+00 -0.000000000000E+00
 -0.000000000000E+00  0.000000000000E+00 -0.100000000000E+01
  0.497827965056E+01  0.497827965056E+01  0.000000000000E+00
 -0.100000000000E+01 -0.000000000000E+00 -0.000000000000E+00
  0.000000000000E+00  0.100000000000E+01 -0.000000000000E+00
  0.000000000000E+00  0.000000000000E+00 -0.100000000000E+01
  0.995655930113E+01  0.746741947585E+01  0.746741947585E+01
 -0.000000000000E+00  0.100000000000E+01 -0.000000000000E+00
  0.100000000000E+01 -0.000000000000E+00 -0.000000000000E+00
  0.000000000000E+00 -0.000000000000E+00 -0.100000000000E+01
  0.497827965056E+01  0.248913982528E+01  0.746741947585E+01
 -0.000000000000E+00  0.000000000000E+00  0.100000000000E+01
  0.100000000000E+01  0.000000000000E+00 -0.000000000000E+00
  0.000000000000E+00  0.100000000000E+01 -0.000000000000E+00
  0.497827965056E+01  0.248913982528E+01  0.746741947585E+01
  0.000000000000E+00  0.100000000000E+01 -0.000000000000E+00
  0.000000000000E+00 -0.000000000000E+00  0.100000000000E+01
  0.100000000000E+01 -0.000000000000E+00  0.000000000000E+00
  0.497827965056E+01  0.746741947585E+01  0.248913982528E+01
  0.000000000000E+00 -0.000000000000E+00  0.100000000000E+01
 -0.100000000000E+01 -0.000000000000E+00 -0.000000000000E+00
 -0.000000000000E+00 -0.100000000000E+01 -0.000000000000E+00
  0.497827965056E+01  0.497827965056E+01  0.000000000000E+00
  0.000000000000E+00 -0.100000000000E+01  0.000000000000E+00
  0.000000000000E+00  0.000000000000E+00 -0.100000000000E+01
  0.100000000000E+01  0.000000000000E+00 -0.000000000000E+00
  0.497827965056E+01  0.746741947585E+01  0.248913982528E+01
 -0.000000000000E+00 -0.000000000000E+00 -0.100000000000E+01
  0.100000000000E+01 -0.000000000000E+00  0.000000000000E+00
  0.000000000000E+00 -0.100000000000E+01  0.000000000000E+00
  0.497827965056E+01  0.248913982528E+01  0.746741947585E+01
 -0.000000000000E+00  0.100000000000E+01  0.000000000000E+00
 -0.000000000000E+00 -0.000000000000E+00 -0.100000000000E+01
 -0.100000000000E+01 -0.000000000000E+00 -0.000000000000E+00
  0.497827965056E+01  0.000000000000E+00  0.497827965056E+01
  0.000000000000E+00  0.000000000000E+00 -0.100000000000E+01
 -0.100000000000E+01  0.000000000000E+00  0.000000000000E+00
 -0.000000000000E+00  0.100000000000E+01  0.000000000000E+00
  0.497827965056E+01  0.497827965056E+01  0.000000000000E+00
 -0.000000000000E+00 -0.100000000000E+01 -0.000000000000E+00
 -0.000000000000E+00  0.000000000000E+00  0.100000000000E+01
 -0.100000000000E+01  0.000000000000E+00  0.000000000000E+00
  0.497827965056E+01  0.000000000000E+00  0.497827965056E+01
  0.000000000000E+00  0.000000000000E+00  0.100000000000E+01
  0.000000000000E+00 -0.100000000000E+01 -0.000000000000E+00
  0.100000000000E+01 -0.000000000000E+00 -0.000000000000E+00
  0.497827965056E+01  0.746741947585E+01  0.248913982528E+01
  0.100000000000E+01 -0.000000000000E+00 -0.000000000000E+00
 -0.000000000000E+00 -0.000000000000E+00  0.100000000000E+01
 -0.000000000000E+00 -0.100000000000E+01  0.000000000000E+00
  0.000000000000E+00  0.000000000000E+00  0.000000000000E+00
  0.100000000000E+01  0.000000000000E+00  0.000000000000E+00
 -0.000000000000E+00  0.000000000000E+00 -0.100000000000E+01
 -0.000000000000E+00  0.100000000000E+01 -0.000000000000E+00
  0.000000000000E+00  0.000000000000E+00  0.000000000000E+00
 -0.100000000000E+01  0.000000000000E+00 -0.000000000000E+00
  0.000000000000E+00  0.000000000000E+00  0.100000000000E+01
  0.000000000000E+00  0.100000000000E+01  0.000000000000E+00
  0.995655930113E+01  0.746741947585E+01  0.746741947585E+01
 -0.000000000000E+00 -0.000000000000E+00  0.100000000000E+01
 -0.000000000000E+00  0.100000000000E+01 -0.000000000000E+00
 -0.100000000000E+01  0.000000000000E+00 -0.000000000000E+00
  0.497827965056E+01  0.000000000000E+00  0.497827965056E+01
  0.000000000000E+00 -0.000000000000E+00 -0.100000000000E+01
  0.000000000000E+00  0.100000000000E+01  0.000000000000E+00
  0.100000000000E+01  0.000000000000E+00  0.000000000000E+00
  0.497827965056E+01  0.746741947585E+01  0.248913982528E+01
 -0.000000000000E+00  0.000000000000E+00 -0.100000000000E+01
 -0.000000000000E+00 -0.100000000000E+01  0.000000000000E+00
 -0.100000000000E+01 -0.000000000000E+00  0.000000000000E+00
  0.497827965056E+01  0.000000000000E+00  0.497827965056E+01
 -0.100000000000E+01 -0.000000000000E+00  0.000000000000E+00
  0.000000000000E+00 -0.000000000000E+00 -0.100000000000E+01
  0.000000000000E+00 -0.100000000000E+01 -0.000000000000E+00
  0.995655930113E+01  0.746741947585E+01  0.746741947585E+01
 -0.100000000000E+01  0.000000000000E+00 -0.000000000000E+00
  0.000000000000E+00 -0.100000000000E+01 -0.000000000000E+00
  0.000000000000E+00 -0.000000000000E+00 -0.100000000000E+01
  0.995655930113E+01  0.746741947585E+01  0.746741947585E+01
  0.000000000000E+00  0.100000000000E+01 -0.000000000000E+00
 -0.100000000000E+01 -0.000000000000E+00 -0.000000000000E+00
 -0.000000000000E+00 -0.000000000000E+00 -0.100000000000E+01
  0.497827965056E+01  0.497827965056E+01  0.000000000000E+00
 -0.000000000000E+00 -0.100000000000E+01 -0.000000000000E+00
  0.100000000000E+01  0.000000000000E+00 -0.000000000000E+00
  0.000000000000E+00  0.000000000000E+00 -0.100000000000E+01
  0.497827965056E+01  0.248913982528E+01  0.746741947585E+01
  0.100000000000E+01 -0.000000000000E+00 -0.000000000000E+00
 -0.000000000000E+00  0.100000000000E+01 -0.000000000000E+00
 -0.000000000000E+00  0.000000000000E+00 -0.100000000000E+01
  0.000000000000E+00  0.000000000000E+00  0.000000000000E+00
 -0.100000000000E+01 -0.000000000000E+00  0.000000000000E+00
  0.000000000000E+00  0.100000000000E+01  0.000000000000E+00
  0.000000000000E+00  0.000000000000E+00  0.100000000000E+01
  0.995655930113E+01  0.746741947585E+01  0.746741947585E+01
 -0.000000000000E+00  0.100000000000E+01  0.000000000000E+00
  0.100000000000E+01 -0.000000000000E+00  0.000000000000E+00
  0.000000000000E+00 -0.000000000000E+00  0.100000000000E+01
  0.497827965056E+01  0.248913982528E+01  0.746741947585E+01
  0.100000000000E+01  0.000000000000E+00  0.000000000000E+00
 -0.000000000000E+00 -0.100000000000E+01  0.000000000000E+00
 -0.000000000000E+00 -0.000000000000E+00  0.100000000000E+01
  0.000000000000E+00  0.000000000000E+00  0.000000000000E+00
  0.000000000000E+00 -0.100000000000E+01  0.000000000000E+00
 -0.100000000000E+01  0.000000000000E+00  0.000000000000E+00
 -0.000000000000E+00  0.000000000000E+00  0.100000000000E+01
  0.497827965056E+01  0.497827965056E+01  0.000000000000E+00
  0.000000000000E+00 -0.000000000000E+00 -0.100000000000E+01
 -0.100000000000E+01 -0.000000000000E+00  0.000000000000E+00
 -0.000000000000E+00 -0.100000000000E+01  0.000000000000E+00
  0.497827965056E+01  0.497827965056E+01  0.000000000000E+00
 -0.000000000000E+00 -0.100000000000E+01  0.000000000000E+00
 -0.000000000000E+00  0.000000000000E+00 -0.100000000000E+01
 -0.100000000000E+01  0.000000000000E+00 -0.000000000000E+00
  0.497827965056E+01  0.000000000000E+00  0.497827965056E+01
 -0.000000000000E+00  0.000000000000E+00 -0.100000000000E+01
  0.100000000000E+01  0.000000000000E+00  0.000000000000E+00
  0.000000000000E+00  0.100000000000E+01  0.000000000000E+00
  0.497827965056E+01  0.248913982528E+01  0.746741947585E+01
 -0.000000000000E+00  0.100000000000E+01 -0.000000000000E+00
 -0.000000000000E+00 -0.000000000000E+00  0.100000000000E+01
 -0.100000000000E+01 -0.000000000000E+00  0.000000000000E+00
  0.497827965056E+01  0.000000000000E+00  0.497827965056E+01
  0.000000000000E+00  0.000000000000E+00  0.100000000000E+01
 -0.100000000000E+01  0.000000000000E+00 -0.000000000000E+00
 -0.000000000000E+00  0.100000000000E+01 -0.000000000000E+00
  0.497827965056E+01  0.497827965056E+01  0.000000000000E+00
  0.000000000000E+00 -0.100000000000E+01 -0.000000000000E+00
  0.000000000000E+00  0.000000000000E+00  0.100000000000E+01
  0.100000000000E+01  0.000000000000E+00  0.000000000000E+00
  0.497827965056E+01  0.746741947585E+01  0.248913982528E+01
 -0.000000000000E+00 -0.000000000000E+00  0.100000000000E+01
  0.100000000000E+01 -0.000000000000E+00 -0.000000000000E+00
  0.000000000000E+00 -0.100000000000E+01 -0.000000000000E+00
  0.497827965056E+01  0.248913982528E+01  0.746741947585E+01
  0.000000000000E+00  0.100000000000E+01  0.000000000000E+00
  0.000000000000E+00 -0.000000000000E+00 -0.100000000000E+01
  0.100000000000E+01 -0.000000000000E+00 -0.000000000000E+00
  0.497827965056E+01  0.746741947585E+01  0.248913982528E+01
 -0.000000000000E+00 -0.000000000000E+00 -0.100000000000E+01
 -0.000000000000E+00  0.100000000000E+01  0.000000000000E+00
 -0.100000000000E+01  0.000000000000E+00  0.000000000000E+00
  0.497827965056E+01  0.000000000000E+00  0.497827965056E+01
 -0.100000000000E+01  0.000000000000E+00  0.000000000000E+00
  0.000000000000E+00  0.000000000000E+00 -0.100000000000E+01
  0.000000000000E+00  0.100000000000E+01 -0.000000000000E+00
  0.995655930113E+01  0.746741947585E+01  0.746741947585E+01
 -0.100000000000E+01 -0.000000000000E+00 -0.000000000000E+00
  0.000000000000E+00 -0.000000000000E+00  0.100000000000E+01
  0.000000000000E+00 -0.100000000000E+01  0.000000000000E+00
  0.995655930113E+01  0.746741947585E+01  0.746741947585E+01
  0.100000000000E+01 -0.000000000000E+00  0.000000000000E+00
 -0.000000000000E+00 -0.000000000000E+00 -0.100000000000E+01
 -0.000000000000E+00 -0.100000000000E+01 -0.000000000000E+00
  0.000000000000E+00  0.000000000000E+00  0.000000000000E+00
  0.000000000000E+00  0.000000000000E+00 -0.100000000000E+01
  0.000000000000E+00 -0.100000000000E+01  0.000000000000E+00
  0.100000000000E+01 -0.000000000000E+00  0.000000000000E+00
  0.497827965056E+01  0.746741947585E+01  0.248913982528E+01
 -0.000000000000E+00  0.000000000000E+00  0.100000000000E+01
 -0.000000000000E+00 -0.100000000000E+01 -0.000000000000E+00
 -0.100000000000E+01 -0.000000000000E+00 -0.000000000000E+00
  0.497827965056E+01  0.000000000000E+00  0.497827965056E+01
  0.000000000000E+00 -0.000000000000E+00  0.100000000000E+01
  0.000000000000E+00  0.100000000000E+01 -0.000000000000E+00
  0.100000000000E+01  0.000000000000E+00 -0.000000000000E+00
  0.497827965056E+01  0.746741947585E+01  0.248913982528E+01
  0.100000000000E+01  0.000000000000E+00 -0.000000000000E+00
 -0.000000000000E+00  0.000000000000E+00  0.100000000000E+01
 -0.000000000000E+00  0.100000000000E+01  0.000000000000E+00
  0.000000000000E+00  0.000000000000E+00  0.000000000000E+00
   54
    3     -0.085816967324      0.000000000000      0.000000000000
    3      2.640731817078      2.337547833486     -0.000000000000
    3     -2.489139825282     -2.403322857958      0.000000000000
    3      2.640731817078      0.000000000000      2.337547833486
    3      4.978279650564      2.337547833486      2.337547833486
   22     -0.080485821446     -2.408654003836      2.408654003836
    3     -2.489139825282      0.000000000000     -2.403322857958
   22     -0.080485821446      2.408654003836     -2.408654003836
   22     -4.897793829118     -2.408654003836     -2.408654003836
   22     -0.080485821446      2.408654003836      2.408654003836
   22      2.569625646728      5.058765472010      2.408654003836
    3     -2.489139825282      0.000000000000      2.403322857958
   22      2.569625646728      2.408654003836      5.058765472010
    3      4.978279650564      5.129871642360      5.129871642360
    3     -0.151591991796      0.000000000000      5.129871642360
    3     -2.489139825282      2.403322857958      0.000000000000
    3     -0.151591991796      5.129871642360      0.000000000000
    3     -4.892462683241     -0.000000000000      0.000000000000
   22     -0.080485821446     -2.408654003836     -2.408654003836
    3      2.640731817078     -0.000000000000     -2.337547833486
    3     -2.489139825282     -5.129871642360     -2.337547833486
    3      2.640731817078     -2.337547833486     -0.000000000000
   22      4.978279650564     -0.000000000000     -0.000000000000
    3     -0.151591991796     -5.129871642360     -0.000000000000
    3     -2.489139825282     -2.337547833486     -5.129871642360
    3     -0.151591991796     -0.000000000000     -5.129871642360
   22     -4.897793829118     -5.058765472010     -5.058765472010
   16      2.386251646931      2.592028003634      2.592028003634
   16      4.978279650564      4.925792661808      2.541626814039
   16      0.052486988757     -0.000000000000      2.541626814039
   16      4.978279650564      2.541626814039      4.925792661808
   16      7.570307654198      4.875391472213      4.875391472213
   16      2.436652836525     -0.000000000000      4.925792661808
   16      0.052486988757      2.541626814039     -0.000000000000
   16      2.436652836525      4.925792661808      0.000000000000
   16     -2.489139825282     -0.000000000000     -0.000000000000
   16      2.386251646931      4.875391472213      4.875391472213
   16      4.978279650564      7.467419475847      5.022494375941
   16      0.102888178352      2.592028003634      4.875391472213
   16      4.978279650564      5.022494375941      7.467419475847
   16      7.423204750470      7.467419475847      7.467419475847
   16      2.436652836525      2.541626814039      7.467419475847
   16      0.102888178352      4.875391472213      2.592028003634
   16      2.436652836525      7.467419475847      2.541626814039
   16     -2.489139825282      2.541626814039      2.541626814039
   16      2.533354550659     -0.000000000000     -0.000000000000
   16      4.978279650564      2.444925099906     -0.000000000000
   16      0.052486988757     -2.541626814039     -0.000000000000
   16      4.978279650564     -0.000000000000      2.444925099906
   16      7.570307654198      2.592028003634      2.592028003634
   16      2.386251646931     -2.592028003634      2.592028003634
   16      0.052486988757     -0.000000000000     -2.541626814039
   16      2.386251646931      2.592028003634     -2.592028003634
   16     -2.489139825282     -2.541626814039     -2.541626814039
  225   48
